-0.172380 0.374637
-0.045573 0.401788
-0.185946 0.410664
0.211310 0.917758
0.263949 1.036941
-0.103569 0.497693
-0.161154 0.553105
-0.107209 -0.170650
-0.121637 -0.148401
0.263125 0.607964
0.264431 0.697006
0.558550 1.306964
0.529672 1.223386
0.244915 0.633365
0.162329 0.712390
0.137887 0.627610
-0.320592 0.182894
-0.315225 0.136644
-0.418660 -0.029269
-0.418976 0.022900
0.434958 0.565495
0.446369 0.437039
-0.343446 0.119601
-0.273129 0.129020
0.092975 0.679730
-0.015666 0.663832
0.025384 1.092885
0.006764 1.083285
0.586723 1.040321
0.716540 0.963153
-0.277260 0.334540
-0.274072 0.326385
-0.309331 0.257875
-0.330358 0.200209
-0.335125 0.240488
-0.238296 1.198169
-0.240802 1.261437
-0.275541 0.345898
-0.278252 0.306522
-0.331480 0.315518
0.264617 1.455668
0.225710 1.396205
0.080557 0.595207
0.069894 0.727068
-0.003543 1.048622
0.077367 1.145234
0.078170 0.872802
0.058895 0.892081
-0.300606 0.281326
-0.283931 0.329404
-0.264246 -0.527772
-0.207356 -0.563737
-0.222909 -0.246787
-0.197314 -0.227274
-0.307909 0.231142
-0.331982 0.219704
-0.305137 0.074385
-0.269951 0.070437
-0.314419 0.062432
-0.321400 0.081062
0.667953 0.950355
0.661049 0.924571
0.040151 0.935491
-0.020915 0.913709
-0.397881 -0.170579
-0.476792 -0.086819
0.067141 1.168402
-0.054365 1.170745
-0.069700 1.195125
-0.441331 -0.329637
-0.360496 -0.308211
-0.307158 0.150795
-0.295202 0.125865
0.009064 0.981192
0.044518 1.039689
-0.290318 0.080036
-0.322814 0.075413
-0.319213 -0.007415
-0.292072 0.071944
-0.070027 0.389106
-0.179433 0.307130
-0.307668 0.308257
-0.322756 0.344245
-0.216284 -0.350185
-0.253469 -0.416454
1.272808 0.295508
1.231232 0.407802
0.140911 1.208665
0.127678 1.300751
0.682817 0.510186
0.488320 0.673520
0.413507 0.635237
0.362118 0.673818
-0.330658 0.147167
-0.313479 0.194051
-0.319526 0.197573
-0.300757 0.227813
-0.053165 0.149382
-0.151354 0.197573
-0.265665 -0.512923
-0.261708 -0.610246
-0.466274 -0.172096
-0.414309 -0.085427
0.353422 1.486599
0.273662 1.366143
0.145375 1.478427
0.121502 1.430885
-0.303328 0.313343
-0.288970 0.318765
-0.294947 0.231992
-0.330135 0.261471
-0.331020 -0.641402
-0.258297 -0.502780
-0.321356 0.088668
-0.310059 0.100410
1.098705 0.158255
1.086176 0.333982
0.236027 0.968140
0.190867 1.032945
0.179120 1.490586
0.175029 1.416672
-0.305910 0.081194
-0.312610 0.060595
0.357413 0.898114
0.334082 0.929597
0.069016 1.193363
0.032363 1.191226
0.484374 1.061672
0.541206 1.110649
0.497343 0.940131
0.508676 0.903323
-0.118108 0.810195
-0.098346 0.773356
-0.265469 0.213569
-0.207079 0.266897
-0.344270 0.319735
-0.342431 0.320326
-0.121700 0.834004
-0.120985 0.745812
-0.043449 0.090089
-0.072548 0.055785
-0.163361 1.387258
-0.186221 1.629272
0.514385 1.342693
0.459370 1.239069
-0.305128 -0.387532
-0.281874 -0.448691
0.808490 0.468350
0.840188 0.563527
-0.227105 0.248548
-0.232081 0.253689
0.464438 0.526263
0.483186 0.536562
0.066607 0.787596
0.092347 0.837904
-0.309905 0.885049
-0.236789 0.762699
-0.221096 0.258994
-0.234482 0.206443
-0.309237 0.418503
-0.279969 0.423935
-0.001090 0.650360
-0.004226 0.639575
0.140772 1.294678
0.122674 1.224446
-0.256801 0.547792
-0.202690 0.487678
-0.274848 0.373810
-0.278948 0.425742
-0.147825 0.598647
-0.107049 0.691000
-0.078525 0.595851
-0.002359 0.548022
-0.341866 0.352060
-0.276039 0.424399
-0.308495 0.130212
-0.283992 0.190568
-0.194113 0.219237
-0.222504 0.250088
-0.421364 -0.337407
-0.401660 -0.295318
-0.336409 0.113621
-0.341681 0.110913
0.318626 1.092602
0.355929 1.109576
-0.314032 0.143853
-0.271146 0.189667
-0.214648 0.135930
-0.200747 0.146440
-0.263374 0.194584
-0.244620 0.152026
-0.236273 0.236419
-0.191301 0.230326
-0.426576 -0.266645
-0.347965 -0.289003
0.259909 1.630603
0.384096 1.523518
-0.297123 1.307019
-0.320278 1.191151
-0.289976 0.380334
-0.327171 0.353880
-0.259807 0.179375
-0.211436 0.148912
-0.219184 0.299316
0.644341 0.790232
0.719111 0.869536
-0.213888 0.306732
-0.266059 0.325980
-0.268199 0.408512
-0.342436 0.366109
-0.234620 0.183348
-0.263108 0.149459
-0.307138 0.269007
-0.281638 0.263549
3.772155 -2.975899
3.214770 -3.222326
0.079494 0.793685
0.034471 0.803214
0.389902 1.422750
0.411979 1.452592
0.117202 0.498438
0.359951 1.408482
0.326258 1.393766
0.178831 0.851733
0.247761 0.807921
0.193576 1.128107
0.184084 1.086642
2.002240 -0.839770
2.202471 -0.994900
-0.220598 0.298705
-0.222735 0.308670
-0.014167 0.479143
0.115035 0.561286
-0.264092 0.265488
-0.225967 0.272565
-0.305300 0.096125
-0.338696 0.113576
0.033550 0.999912
0.095656 0.897269
-0.331673 0.343773
-0.285761 0.235420
-0.342091 0.204265
-0.302286 0.285464
-0.331464 0.317829
-0.220055 0.119380
0.269627 0.618664
0.193863 0.673855
-0.204234 0.342840
-0.195728 0.291448
0.381552 0.901963
0.282475 0.775665
-0.003209 1.105205
-0.001408 1.089400
-0.304553 -0.019946
-0.328910 -0.014548
-0.161965 -0.076060
-0.078270 -0.168053
-0.356801 0.368231
-0.430780 0.403747
-0.230229 0.186707
-0.221606 0.163866
-0.295425 0.083407
-0.280993 0.113238
-0.282479 0.372735
0.109829 1.262814
0.107138 1.214144
-0.269724 0.008635
-0.286533 0.000651
-0.258785 0.722480
-0.331499 0.629389
-0.400367 0.406264
-0.415944 0.323827
0.041155 1.046878
0.105846 1.093942
-0.214720 0.334615
-0.205727 0.280790
-0.268588 0.001292
-0.296542 -0.007772
-0.342831 0.990962
-0.227197 0.903447
-0.291590 0.408707
-0.330951 0.395078
0.063174 0.544267
-0.004293 0.469577
2.068586 -1.278761
2.139346 -1.192189
-0.374918 0.552299
-0.460984 0.527226
-0.265380 1.000599
-0.255489 0.942568
0.118879 0.593645
0.193068 0.692575
-0.331161 0.131387
-0.329714 0.170217
-0.228447 0.166426
-0.224453 0.298629
-0.215394 0.284941
-0.237348 0.266553
-0.237758 0.243207
-0.322204 -0.011082
-0.314461 -0.035381
0.454183 0.665834
0.560271 0.721141
-0.398486 -0.366339
-0.361108 -0.474770
0.840092 0.571937
0.841606 0.541750
-0.330986 -0.026388
-0.271147 -0.034084
-0.159677 0.886335
2.732454 -2.016903
2.823399 -1.949434
-0.224504 0.124763
-0.256474 0.193858
0.478621 0.807848
0.438941 0.752617
-0.190904 0.294769
-0.211094 0.311302
-3.641043 0.668880
-3.943964 0.351337
0.238507 1.143351
0.132008 1.168138
-0.295257 0.173446
-0.307386 0.180880
-0.199760 0.244699
-0.225897 0.216103
-0.251910 0.046620
-0.256915 0.112658
-0.303189 0.273278
0.801361 0.674802
0.825367 0.583571
-0.269144 0.422482
-0.196575 0.103346
-0.241155 0.079885
-0.313478 -0.583083
-0.336312 -0.571457
-0.237603 0.047006
-0.212878 0.063881
0.128153 0.984170
0.273212 0.896481
-0.319452 0.107957
0.601786 0.525705
0.660677 0.548103
-0.331614 0.289809
-0.334266 0.344840
-0.408395 -0.477466
-0.028819 0.917147
0.044770 0.937608
-0.452064 -0.079181
-0.320964 0.374366
-0.330259 0.386021
0.418902 0.702990
0.333361 0.663838
-0.278038 0.100965
-0.286152 0.075899
-0.243072 0.118056
-0.289421 0.036531
-0.307346 0.039351
-0.380334 0.841126
-0.241350 0.156557
-0.217106 0.151863
0.002329 0.606286
0.062028 0.686325
-0.208652 0.318093
-0.265729 0.303939
0.001173 1.253460
0.025523 1.329228
-0.247473 0.408325
-0.246197 0.410238
0.341164 0.925867
0.316820 0.991187
-0.255289 0.390239
-0.258632 0.060594
-0.150144 0.555998
-0.137287 0.501962
-0.105791 -0.003295
-0.143227 0.006411
-0.199607 0.273025
-0.194278 0.232108
-0.043144 0.332543
-0.136524 0.329124
0.586042 0.772452
0.540905 0.744633
-0.322340 -0.009618
-0.310433 -0.002694
0.166021 1.410511
0.202058 1.378103
-0.232187 0.417892
-0.338744 0.286477
-0.316912 0.349476
-0.385266 0.787733
-0.485602 0.823756
-0.249936 0.057245
-0.236779 0.043972
0.061117 0.492308
0.028599 0.431742
-0.291383 -0.558109
-0.226424 0.402571
-0.215102 0.307622
-0.264355 0.277096
0.301421 1.149165
0.377536 1.117662
-0.269160 0.183057
-0.290675 0.149897
-0.286463 0.222900
-0.328422 0.198668
0.009084 1.122642
-0.029905 1.134225
-0.035443 1.215431
0.083940 1.244217
-0.343833 0.454121
-0.290232 0.486297
0.673126 0.727496
-0.326702 0.448006
-0.217090 0.424538
-0.309201 0.026558
-0.281416 -0.007119
-0.312780 1.528867
-0.497004 1.489179
-0.246753 0.071197
-0.223395 0.089552
0.783517 0.457473
-0.111605 -0.097379
0.078621 0.075991
0.093924 1.036266
0.059278 0.918404
-0.329406 -1.006168
-0.239664 -0.995355
-0.293739 0.467928
-0.313776 0.443287
-0.308018 0.096981
-0.311238 0.058862
-0.262188 0.400377
-0.305952 0.503803
-0.300302 0.436033
-0.200767 0.123393
0.518127 1.322371
0.487638 1.238906
-0.242313 0.109835
-0.317299 0.381856
-0.302736 0.404522
-0.292272 0.418172
-0.199473 0.289944
-0.345818 -0.116507
-0.024272 0.831589
-0.028032 0.885854
-0.285637 0.202871
-0.319495 0.219858
0.086619 1.315339
0.047687 1.228825
-0.446958 0.212350
-0.495494 0.119488
-0.332372 0.349311
-0.215119 0.229018
-0.265904 0.226936
0.208869 1.309826
0.119854 1.265440
-0.280587 -0.467983
-0.329480 -0.360539
0.796593 0.736515
0.569035 0.908449
-0.318810 0.010123
-0.271595 -0.029379
0.318914 1.409636
-0.338730 0.489409
0.356951 0.883631
0.460217 1.000839
-0.342426 0.487291
-0.337046 0.478541
0.418992 0.765056
0.366235 0.873502
-0.207013 0.423753
-0.235936 0.407027
-0.262970 0.310910
0.508009 0.463578
3.093620 -1.877888
2.989414 -2.227013
-0.164100 0.754944
-0.286687 0.028520
-0.050722 0.244537
-0.041297 0.262614
-0.237443 0.128627
-0.290154 0.174774
-0.313112 0.106836
-0.299312 0.046909
-0.481920 -0.471289
-0.498505 -0.350237
-0.168375 -0.338348
-0.055398 -0.293142
0.351233 1.293838
-0.231408 0.419887
-0.199080 0.427607
-0.237391 0.060349
-0.259770 0.041965
-0.322845 0.016350
-0.331611 0.080660
-0.025233 1.180052
-0.182637 -0.223746
-0.120266 -0.303301
-0.452312 0.091206
-0.459591 0.045544
0.055144 0.739620
0.117246 0.801177
-0.288930 -0.092011
-0.298057 -0.056982
-0.202932 0.054493
-0.206830 0.118091
-0.335241 -0.079817
-0.302094 -0.099425
-0.298810 0.142965
0.170642 0.651606
0.271307 0.590025
-0.405301 0.613557
-0.405098 0.588143
0.219985 1.141989
0.102292 0.569375
0.052360 0.554691
-0.462318 -0.355063
-0.499489 -0.434170
-0.470469 0.513686
-0.228568 0.131233
-0.195006 0.119200
0.092559 0.538000
-0.392981 1.236731
-0.318423 1.281338
-0.282082 0.438786
-0.292163 0.502662
-0.495528 0.336971
-0.404249 0.121695
-0.311602 -0.103851
-0.292957 -0.051588
-0.297746 -0.089417
-0.317240 0.078757
-0.288798 0.110175
0.316715 1.428707
0.011861 0.609134
0.017512 0.661612
-0.318349 0.428671
-0.222970 -0.094492
-0.222546 0.188492
-0.321347 0.379425
-0.301308 0.417801
-0.247359 0.295292
-0.459974 -0.118866
-0.209393 -0.005513
-0.218833 -0.013577
0.240510 1.360817
-0.408822 0.723145
-0.499046 0.585153
-0.264333 0.251264
-0.212185 -0.051757
-0.224588 0.036021
-0.278991 0.924922
-0.278262 0.285565
-0.338263 0.284054
-0.201411 -0.001560
-0.265330 0.390883
0.380048 0.976292
0.320943 1.003999
0.206114 1.287267
0.218667 1.257767
-0.135426 1.030070
-0.069947 0.909260
0.006494 1.678732
-0.312402 -0.026008
0.408519 1.071556
0.082503 1.267752
-0.309458 0.980341
-0.264350 0.962976
-0.207918 0.251809
-0.201879 0.263742
-0.209211 0.067577
-0.226718 0.117472
-0.222792 0.191165
-0.338783 0.223725
-0.247770 0.001346
-0.215013 0.020072
-0.011882 1.199259
-0.100136 0.940480
-0.275830 -0.112136
-0.296298 -0.042708
-0.234643 0.393121
-0.279783 -0.080310
-0.330975 -0.036409
-0.177829 -0.230099
-0.088029 -0.255772
-0.237624 -0.020642
-0.221787 0.027959
0.629347 0.537763
0.542848 0.720445
0.439896 0.693936
-0.311661 0.238876
-0.269870 0.241527
-0.333717 0.211643
-0.269347 0.241528
-0.198969 0.287402
-0.270619 0.350603
-0.283685 0.340358
-0.227134 0.479542
0.189794 0.706620
-0.145033 1.015491
-0.068448 1.042728
-0.284408 0.014558
-0.343593 0.003501
-0.230543 -0.528973
0.245649 0.941119
-0.340104 1.474594
-0.316585 0.378170
0.694105 0.888763
0.721612 0.787769
-0.291729 -0.555572
-0.315562 -0.608779
-0.198934 0.429962
-0.210971 0.449055
0.356252 0.949986
0.326341 0.934230
0.248639 1.117652
0.843604 0.720335
-0.248091 0.463641
-0.221963 -0.023298
-0.319741 0.440855
-0.079830 1.012393
-0.133711 0.954860
-0.061976 0.682751
-0.171657 0.611826
-0.253026 -0.289895
-0.319876 -0.207146
0.163877 0.825865
0.145963 0.789161
-0.135521 -0.228258
-0.427855 -0.356253
-0.486427 -0.472012
-0.297704 0.493302
0.462585 0.826105
0.481081 0.887457
0.179562 1.459326
-0.339833 0.457665
-0.266748 0.706577
-0.220119 0.498654
-0.210408 0.056138
-0.193579 0.052129
-0.211539 -0.009631
-0.260333 0.137677
-0.227432 0.468287
-0.247851 0.486671
0.112323 0.970164
-0.321939 -0.052308
-0.324683 -0.076946
0.920525 0.796269
0.993358 0.991528
0.531584 1.148627
0.067104 1.335600
-0.321631 -0.068154
-0.269382 -0.096407
-0.280925 0.174089
-0.114338 1.184518
-0.195912 -1.305261
0.060994 -1.262878
-0.290533 0.017433
-0.312923 -0.754689
0.015690 0.912422
-0.233346 0.306066
-0.339337 0.306263
-0.289724 0.051687
-0.259734 0.391994
-0.205838 0.395450
-0.241975 0.024184
-0.191333 -0.023349
-0.279967 0.081735
-0.238360 0.118321
0.812674 0.501641
-0.080084 0.048043
-0.068576 0.040890
-0.165617 0.765114
-0.097559 0.873937
-0.341456 -0.702955
-0.214992 0.347552
-0.192434 0.344410
-0.380088 0.271007
0.422517 0.735684
-0.270416 0.387852
-0.412370 0.202272
0.244555 0.477314
0.172878 1.508476
0.291535 1.253525
0.009443 1.551557
-0.048549 1.038281
-0.193617 0.400876
-0.194636 0.451725
-0.417916 0.127584
-0.395695 0.127322
0.136097 0.504842
-0.323045 0.145076
0.274126 0.528583
0.426913 0.431588
0.027701 1.943539
-0.005520 1.848410
0.134280 0.504829
-0.226830 -0.807728
-0.256826 0.486178
-0.245002 0.435431
-0.257301 2.074123
-0.236538 1.981528
0.484988 0.431102
-0.493689 2.222577
-0.373046 0.178463
-0.373887 0.199814
-0.356942 0.187793
-0.352520 0.168042
-0.212029 0.242175
0.718408 1.107459
0.628629 1.112579
0.420996 0.810535
-0.184331 -0.048949
-0.354543 0.209338
-0.380684 0.262421
2.039095 -1.177430
2.244895 -1.183712
0.273284 0.774649
-0.263460 -0.347512
-0.262045 -0.381613
0.596459 1.015965
-0.261064 0.279160
0.425030 1.130578
-0.205439 0.133793
0.079128 1.285798
0.078837 1.257666
-0.333860 0.485989
0.009618 0.549375
-0.228715 -0.035369
-0.443241 -0.053834
-0.459751 -0.165299
-0.239999 -0.006895
0.235115 0.538460
0.162727 0.567397
-0.324273 0.581272
-0.326432 0.535130
-0.328705 -0.078248
-0.286864 -0.095467
0.976543 0.678100
0.762371 -0.011301
0.815351 0.103675
-0.413402 0.320441
0.860289 0.360964
0.748856 0.283142
-0.324478 0.540769
-0.114592 0.440754
-0.082726 0.488621
0.378498 0.965078
-0.270373 0.460240
-0.283737 0.250002
-0.340159 0.250428
-0.051614 -0.233292
-0.124473 -0.199333
0.131361 1.108913
-0.311531 0.551646
-0.384090 -0.449203
-0.313421 -0.713709
0.185500 0.938461
-0.211422 0.269457
-0.335644 0.315224
2.875096 -1.790485
2.787444 -2.007122
-0.406738 0.132410
-0.420129 0.324170
-0.369970 0.309992
2.661658 -1.968100
2.759261 -1.865656
-0.319037 -0.108129
-0.310902 -0.015989
-0.363483 0.295967
-0.402832 0.349514
-0.416438 0.130811
0.472130 1.327015
0.464409 1.282968
0.292824 0.251808
0.396979 0.182374
0.433157 0.963829
-0.146452 0.080744
-0.141228 1.010586
-0.093725 1.000810
-0.329321 0.021893
-0.334472 0.014253
1.278269 -0.354022
-0.154917 0.838545
-0.329804 0.557720
-0.295343 0.574465
-0.249675 0.436788
-0.153501 -0.094359
-0.106032 -0.113712
-0.391482 0.222582
-0.196593 0.189536
0.399893 0.456434
0.292474 0.478046
-0.270046 0.340723
-0.314161 0.318573
-0.177579 0.438230
-0.148983 0.524359
-0.190802 0.443637
-0.245468 0.110112
-0.248758 0.089229
-0.279008 0.528461
-0.048547 -0.286386
-0.172970 -0.279714
-0.419893 0.199914
0.766763 0.422770
0.794905 0.388656
-0.353277 0.053749
-0.419244 0.318780
-0.398453 0.074529
-0.373396 1.014616
-0.393920 0.997313
-0.266445 0.356895
-0.207169 0.396432
0.783935 0.281919
0.883362 0.383830
0.714052 0.344590
-0.258274 -0.674332
0.612344 0.698899
0.610535 0.657192
0.002351 1.072682
-0.318031 0.090911
-0.225369 0.094923
-0.221136 -0.025912
0.068558 1.135000
0.060403 1.072258
0.725699 0.710622
0.662759 0.649978
-0.147460 0.841543
0.481249 0.959962
0.491875 0.922872
0.102720 -0.267733
-0.173333 -0.401023
-0.317735 0.402497
-0.293981 0.999447
-0.380849 0.318583
0.455302 0.915870
-0.069200 0.720829
-0.325280 0.135054
0.169780 0.527190
-0.058238 0.299639
0.291871 0.454205
-0.291338 0.882372
-0.402128 0.094738
-0.192393 0.367590
0.477593 0.954750
0.460023 0.912684
0.001727 1.445481
-0.368061 0.080260
-0.407201 0.113131
-0.306377 0.270647
-0.333340 0.534680
-0.295435 -0.071566
-0.416277 0.154462
0.267629 0.655197
0.630252 1.116587
0.488684 0.950578
0.456117 0.924314
-0.293126 0.363774
-0.402024 0.310192
0.483527 1.380556
-0.356883 0.188733
0.371795 1.363532
0.347929 1.393196
0.124053 1.237504
0.222007 1.302570
-0.314520 -0.386993
0.160840 0.581518
-0.244438 0.007883
-0.486282 -0.459552
-0.472452 -0.475402
-0.285448 0.512221
-0.329122 0.559614
0.454202 0.910407
-0.120343 1.045885
0.063258 0.414711
0.027995 1.364425
-0.284628 0.439481
-0.364016 -0.005219
-0.302069 0.532120
1.099121 -0.286397
0.035001 0.409332
0.089486 0.328159
-0.210252 0.260231
-0.229666 0.270736
-0.313807 -0.704891
0.356658 1.114103
-0.148108 -0.774287
0.004558 -0.538385
-0.350147 0.399465
0.462699 1.194428
0.446198 1.184539
-0.219421 0.463718
-0.193354 0.457293
-0.209936 2.032037
-0.434216 2.267376
-0.250386 0.314239
-0.386041 0.410198
0.501783 0.908225
0.468151 0.914803
-0.167229 1.729707
-0.212850 -0.066226
-0.192745 0.324172
-0.194555 -0.080484
-0.414310 0.091416
-0.410391 0.902952
-0.329034 0.903525
-0.293222 -0.144356
0.424882 1.045466
-0.389006 0.101920
-0.399222 0.396327
-0.253380 0.487198
-0.059767 -0.654136
0.002794 -0.749599
0.397716 1.012838
0.383921 1.026857
-0.319817 -0.099511
-0.293929 -0.138997
-0.342836 -0.186601
-0.315561 0.038885
-0.415912 -0.226471
-0.361574 -0.266523
0.357926 1.012940
-0.289021 0.111227
-0.254802 -0.065681
0.015210 1.435071
0.045612 1.386156
-0.269028 -0.138526
-0.202472 -0.527509
-0.234622 -0.614228
-0.218351 -0.034239
-0.346719 0.210880
-0.232663 -0.590835
0.496657 0.958639
-0.004931 0.359427
-0.013937 0.274891
0.049332 0.841295
-0.336554 0.551750
-0.211266 -0.090606
-0.229660 -0.054913
0.610812 1.046137
-0.375788 0.277866
0.655231 0.604979
0.536953 0.475853
-0.384090 0.281768
-0.274099 2.124892
-0.367402 2.175508
0.411817 0.992720
-0.305226 -0.097256
-0.253678 0.075985
-0.216891 0.082304
0.433344 1.036437
-0.386207 0.411971
-0.369547 0.359953
0.541170 1.531588
-0.406974 0.951602
-0.356025 0.354505
-0.206635 -0.367675
0.409169 1.033966
-0.272259 -0.169298
0.052420 1.413076
0.076642 1.489443
-0.161989 0.235315
0.293035 1.190642
0.283210 1.064495
-0.160177 1.514746
-0.177102 1.474211
0.071719 1.282819
0.035123 1.266837
-0.270435 0.449420
0.459565 0.845723
0.464239 0.872940
0.463599 1.032584
0.466472 1.013996
-0.204896 -0.103472
0.302949 0.996285
-0.062272 0.270938
0.453929 1.017858
-0.210240 0.123385
-0.317281 0.217822
-0.298278 0.270130
-0.317842 -0.134853
0.842772 0.450368
-0.398752 0.238233
-0.287706 0.345239
0.447734 0.815150
-0.328062 0.557414
-0.268089 0.580321
0.489343 0.909399
0.496320 0.877435
1.615972 -0.150427
0.123954 1.054832
0.139128 1.052221
-0.321692 0.862939
-0.221764 0.745343
-0.205964 0.526499
-0.246662 0.562086
-0.238194 0.122795
0.482379 0.977511
0.453514 1.021640
-0.250342 0.524205
2.355461 -1.686477
0.111118 0.709117
0.004669 0.719519
-0.287321 0.122565
-0.079722 -0.247063
0.429791 0.861867
0.876376 0.427556
0.826425 0.316555
0.392572 0.976799
0.099929 0.987135
0.050747 1.025140
-0.255561 0.373024
0.803860 0.657646
0.783642 0.703904
0.503847 0.818292
-0.192712 -0.064169
-0.121613 0.949675
-0.171882 0.900486
0.200188 0.482152
0.234608 0.516994
0.693838 0.353580
-0.337291 0.012065
-0.323323 0.035477
0.496071 1.022082
0.390649 1.011357
-0.190783 -0.071281
-0.411075 0.165824
-0.309157 0.098324
0.457438 0.857170
-0.183640 1.127596
0.371990 0.953510
0.072116 -1.603398
0.379116 0.892498
-0.018536 1.305313
-0.230863 0.532584
-0.210939 0.542203
-0.245548 0.527102
0.756274 0.378597
-0.098906 1.052728
-0.407189 0.114674
-0.477487 1.927163
-0.268468 -0.716722
0.005136 0.561857
-0.142290 1.090962
-0.346844 0.364280
-0.358194 -0.027153
-0.367402 0.091575
-0.268814 -0.138635
-0.344463 -0.133579
0.453481 0.925157
-0.138095 -0.224595
0.132740 1.413665
-0.258218 0.415416
-0.237117 0.398417
0.691422 0.508426
0.462317 0.713410
0.367064 0.910198
-0.277705 -0.160489
-0.084963 0.942835
-0.172003 0.910917
-0.420957 0.018415
0.392782 0.942178
0.383207 0.913657
0.486376 0.986365
0.436315 0.876372
0.438671 0.846181
0.697585 0.764062
-0.223620 0.245539
-0.260181 0.243811
-0.377593 -0.015840
-0.362635 0.389810
0.066743 0.950598
0.772367 0.493702
0.814227 0.525987
-0.355935 0.333507
-0.340090 0.138231
-0.070125 1.110809
-0.157050 1.052747
0.681549 0.422390
-0.263410 0.041126
-0.044074 0.582882
0.471333 0.887903
0.277819 1.151603
0.685381 1.085732
0.065856 0.284245
-0.221105 -0.010921
-0.198477 0.447321
-0.255338 0.469016
-0.337814 0.557082
-0.197522 0.098738
0.459876 1.015306
0.227062 1.334595
0.149361 1.223860
0.385533 1.006575
-0.294980 -0.090972
-0.200146 -0.042105
-0.012411 1.451772
0.362604 0.909410
-0.311446 0.504790
-0.224600 0.494157
0.371263 0.983936
0.416447 1.032044
-0.263041 0.574482
0.424846 0.900086
0.408107 1.353787
0.416343 1.265493
0.018691 0.690364
-0.199968 0.541194
-0.308469 0.358468
-0.270770 0.388735
0.708327 0.755225
-0.426259 1.032519
-0.386349 0.006228
0.462802 0.911694
0.375213 0.462643
-0.237688 -0.085907
-0.297825 -0.024116
1.031746 -0.149576
0.093965 1.446573
-0.015729 1.441797
-0.248366 0.027034
0.549460 1.100255
0.420700 1.074415
0.402491 1.098224
-0.089026 1.104168
-0.121876 1.149522
0.261998 0.511935
-0.385199 0.029318
0.377329 1.057409
0.377351 1.055450
0.437892 0.816770
0.495306 0.860804
0.447568 1.009752
-0.135238 -0.107820
-0.030859 0.281565
-0.256233 0.202898
-0.358841 0.289147
0.402641 1.122066
-0.421694 0.236792
0.196772 1.434920
0.158691 0.720654
-0.212922 -0.691914
-0.151408 0.114442
-0.163983 0.041919
0.480760 1.020787
-0.053319 1.168462
-0.378079 0.162167
-0.322576 -0.140471
-0.341663 0.319743
-0.358852 0.351913
-0.416255 0.143861
-0.338879 -0.118697
-0.284351 -0.056811
-0.308852 0.528686
-0.193386 0.056816
-0.234381 0.299924
0.412844 1.071883
0.423403 1.113513
0.356697 0.917766
-0.082624 1.288951
-0.082253 -0.214414
0.428442 0.833481
0.420184 0.952915
0.480789 1.039859
0.305280 0.791534
-0.322566 0.384864
0.037015 0.797299
0.013514 0.773793
0.045549 1.099044
0.387398 1.065461
-0.395376 0.470661
-0.354776 0.455625
-0.153542 1.335336
0.184216 1.040170
-0.350375 0.475708
-0.262448 -0.112161
0.431891 1.011069
0.432184 0.962346
0.138546 1.575658
-0.172406 1.240533
-0.036784 1.055974
0.521092 0.867527
0.403105 1.010755
-0.384657 0.099052
0.389075 1.039874
-0.226858 0.526200
0.713298 1.041235
-0.414420 0.006415
-0.379060 0.482368
0.562081 0.815006
0.156709 1.191479
-0.256379 0.558113
-0.250706 0.537139
-0.461203 0.900485
-0.062892 1.311507
-0.203216 0.175051
-0.196987 0.191363
-0.225471 -0.183347
-0.392435 0.051791
2.575657 -1.127590
-0.125675 1.407666
-0.419674 0.455251
0.365477 1.066369
-0.361597 0.330121
0.531429 0.815588
-0.122800 1.504110
-0.341787 0.197415
-0.353083 0.039339
-0.227912 -0.520058
2.636964 -2.114219
0.453253 0.861934
0.481046 0.888897
0.354364 1.063383
-0.338071 1.000672
-0.399988 0.404497
-0.384689 0.149973
-0.133992 0.774806
-0.314251 -0.223295
-0.108807 1.217706
-0.125207 1.233396
0.358824 1.023540
-0.305494 1.759858
-0.138871 0.292004
-0.301767 -0.075278
-0.314632 -0.110685
-0.227798 -0.002943
0.028312 0.523609
0.434016 0.914677
-0.159755 0.284301
-0.169651 1.071993
-0.080812 1.501369
0.406712 0.921311
0.579105 0.852830
0.486128 1.032346
-0.259002 -0.067783
-0.402394 0.517673
-0.290787 0.229312
-0.283524 0.222909
-0.233809 0.196535
-0.314362 0.509148
0.377951 0.966405
-0.406722 0.474993
-0.189539 1.182121
-0.175266 0.241802
-0.254202 0.401595
-0.265026 0.398343
-0.030711 1.500886
-0.288486 -0.124349
-0.297084 0.097248
0.251430 0.457461
-0.304356 0.297938
-0.157087 0.340533
-0.146583 0.196128
-0.184897 1.309581
-0.179320 1.444212
-3.833850 -1.460189
-0.260793 0.291366
-0.275261 0.222082
0.579289 0.867418
0.289358 1.133823
-0.411101 0.272718
-0.365187 0.407951
-0.054230 -0.204324
0.096267 1.099779
-0.161594 0.241825
-0.206922 -0.352178
-0.248089 -0.058862
0.698151 0.986278
-0.388368 0.860380
0.089437 1.277018
0.235152 1.226072
-0.155358 0.328460
-0.026438 0.413349
0.452163 0.849206
-0.215216 0.395535
-0.293623 0.104756
-0.390267 0.490292
-0.346319 0.119326
-0.325111 -0.118970
0.527902 1.244999
-0.284637 0.450330
0.424963 1.064101
0.253477 0.765031
-0.253278 0.440897
-0.236478 0.450251
-0.306429 1.285153
0.524802 0.905749
-0.283404 0.615762
-0.159131 0.235790
-0.240057 0.468890
-0.081113 0.920035
0.462525 1.037077
0.263692 0.813273
0.417979 0.973233
0.370934 1.078021
-0.302239 0.593231
0.055931 1.409633
0.582405 0.924995
-0.114169 1.427515
-0.120582 0.312314
-0.309803 0.014690
-0.164993 0.730185
-0.167112 0.660067
0.026707 1.386481
0.529177 0.968287
-0.206510 0.013297
-0.114102 1.354345
0.386613 0.711375
-0.312376 0.586841
0.382712 1.040685
-0.248400 0.554717
-0.188840 0.208295
0.566204 0.890816
0.574291 0.844778
-0.399286 -0.025386
-0.331030 0.005561
-0.278301 0.447776
0.889786 0.392940
-0.218192 0.525453
-0.317436 0.564384
-0.100073 1.105793
-0.283054 0.169443
-0.364218 0.450968
0.396588 0.548939
0.501190 0.895443
-0.062953 1.311055
-0.340706 0.637633
0.422812 0.935591
0.563325 0.941526
-0.163465 0.286571
-0.410946 0.025325
0.476524 0.836246
-0.248125 0.123008
-0.198390 0.187549
0.521189 0.864722
-0.201765 1.785394
-0.102422 1.499153
-0.181938 0.258369
2.378280 -1.796062
-0.142528 0.354954
-0.333516 -0.803580
-0.265450 -0.795311
-0.380336 -0.041889
-0.393469 -0.056308
-0.276639 0.593504
-0.292055 0.586136
-0.380072 0.312684
-0.205920 0.062864
-0.170916 0.420367
0.401517 0.960998
-0.021655 1.214500
-0.285927 0.354467
-0.209914 2.019624
-0.244260 1.975900
-0.419652 -0.043891
0.260774 1.465754
-0.278257 0.395067
0.390547 1.043445
0.680258 0.649543
-0.390917 0.240061
-0.359832 0.219794
-0.393626 0.050295
-0.280861 0.617533
-0.355458 0.310388
-0.144960 0.356563
-0.360649 -0.039587
-0.121334 1.190511
0.272674 1.086344
0.151258 0.909301
0.530688 1.087466
0.528888 0.937181
2.487054 -1.627585
-0.250155 -0.062753
-0.214777 0.222736
0.419287 1.103591
0.423328 1.062484
-0.343179 -0.121107
-0.325045 0.160189
0.580334 0.793363
-0.288339 -0.083228
-0.113643 0.297839
0.276124 1.258846
0.476584 1.016753
0.227992 1.107280
-0.245970 0.112988
-0.180133 0.264222
0.489828 0.927600
0.520559 0.780010
-0.332955 -0.048509
-0.275978 -0.522950
-0.189573 0.405975
-0.184971 0.119215
-0.028550 -0.664644
-0.151316 1.494602
0.462666 0.334378
0.518698 0.929073
-0.198002 0.034628
-0.270399 0.652906
-0.365382 0.456263
-0.038960 0.456200
-0.247758 -0.063375
-0.093883 1.967083
0.396110 0.864941
-0.129544 0.132821
-0.414804 -0.072137
-0.210291 0.297800
-0.412573 0.116985
0.489447 1.096516
0.384277 1.028632
-0.255736 0.333595
-0.030452 0.521337
-0.214787 0.678901
0.540345 0.745156
-0.140017 0.162694
0.352503 0.859227
-0.194787 -0.531589
0.503667 0.848200
-0.419662 0.415784
-0.131335 1.211853
-0.143551 1.223607
0.502899 1.063989
-0.366336 0.080025
0.361213 0.838365
-0.300941 1.774524
-0.139565 0.421910
0.177654 1.221839
0.475637 1.114513
0.773733 0.858009
-0.316817 1.031987
0.547463 0.881627
-0.352731 0.366091
-0.418028 -0.062772
0.447561 0.974587
-0.295937 -0.737555
-0.202199 0.222080
-0.180435 0.283453
0.509802 0.761133
-0.125643 1.321488
-0.316027 0.569380
-0.115592 0.217229
-0.355198 0.143195
0.430677 0.760280
0.092884 0.712161
-0.361813 0.199443
0.499573 0.566276
-0.346362 0.447561
0.862439 0.333527
-0.133863 0.178604
0.352342 0.820263
-0.245739 0.155203
-0.072243 1.576976
0.502886 0.753314
0.722418 1.093921
0.388065 0.966691
0.489046 1.072250
0.557699 0.844433
-0.325400 -0.181911
0.028500 1.470450
0.484251 0.814775
-0.259517 1.746293
-0.180147 0.144645
0.824824 0.883563
0.097201 0.957483
0.405653 0.888389
-0.317538 0.590217
-0.296080 1.651065
0.446577 0.755907
0.287865 1.385303
0.282575 1.218138
0.375572 0.971665
0.756085 0.641221
0.192920 0.471433
0.480082 1.104229
3.650248 -2.433879
-0.175675 0.418412
-0.373867 0.151899
-0.069061 -0.465407
-0.221547 0.533827
-0.154393 -0.392092
0.549457 0.741430
-0.013835 1.242650
0.533265 0.908736
-0.103380 1.180243
-0.280197 1.523089
-0.233971 -0.165158
-0.249902 -0.131155
-0.059461 1.395849
0.503224 0.783534
-0.267280 0.543801
-0.292062 -0.490222
0.339644 1.140277
-0.393517 -0.002950
0.448648 0.830206
0.417202 1.084851
0.097077 0.815029
-0.358416 -0.069781
0.348896 1.088773
0.321124 1.052058
0.343286 0.992270
0.519960 0.939190
0.374638 0.868915
-0.317964 0.099024
-0.132696 0.289121
-0.407255 -0.439435
0.424757 0.942119
-0.382063 -0.032373
0.275530 1.030563
-0.241258 -0.176185
0.437708 0.807818
-0.164858 0.233449
0.503309 1.087625
0.529951 0.785783
-0.206643 -0.103209
-0.116791 0.174601
0.394509 1.056821
-0.209520 -0.145459
0.432801 0.932325
-0.275065 0.639123
0.489957 1.033756
0.421227 0.843178
-0.149379 0.417293
0.341888 0.982223
0.273475 1.098296
-0.206953 0.473270
0.364821 0.926985
-0.125946 0.311682
0.305454 1.122369
-0.379567 -0.102413
-0.104274 -0.391739
-0.254375 0.485472
-0.304351 0.037782
-0.307062 -0.166806
-0.151983 0.754448
0.280925 0.994002
0.645531 0.549464
-0.082009 -0.065228
-0.184246 0.127322
-0.060732 1.275806
0.368385 1.443152
-0.175052 1.450935
0.074210 1.508856
-0.338605 -0.219664
-0.438393 1.019035
-0.322241 0.262558
0.437649 1.118529
-0.192412 -0.163875
-0.257961 0.390394
-0.181239 0.990976
0.311440 0.838673
-0.347243 0.543482
0.032264 0.279240
0.197482 0.580888
-0.383198 0.529039
-0.337665 0.563619
-0.335632 0.321557
0.504212 0.789741
-0.316004 0.295601
0.152954 1.201148
0.317116 1.033296
-0.333070 0.397769
0.774823 0.541269
-0.131610 0.222142
0.306743 1.063680
0.346332 1.064968
-0.149272 0.124644
0.059769 1.177833
-0.325894 -0.087320
0.264791 1.295358
-0.370930 0.073534
-0.329566 -0.257295
-0.156075 0.309143
0.323405 1.039233
0.195308 1.420706
-0.332118 -0.251631
-0.411172 0.340701
-0.094834 -0.489228
-0.382553 0.518701
-0.228787 -0.186764
0.504157 1.020424
0.529189 0.748498
0.546660 0.854556
0.401951 1.008581
0.040021 0.999780
0.481363 0.787252
0.546848 0.683658
-0.172154 0.351595
0.425524 0.816901
0.283220 0.588961
-0.300312 1.660002
-0.365179 0.506315
-0.308471 0.836310
-0.222843 -0.116417
0.467018 1.080125
-0.310203 0.452746
-0.263300 -0.862151
-0.327625 0.628154
-0.370006 0.430628
0.500050 0.898432
0.449214 0.844894
-0.315615 -0.241752
-0.164146 0.450358
-0.206348 0.351219
-0.438032 1.427656
0.381279 0.867506
0.120029 1.399509
-0.267145 1.817898
-0.339411 -0.245070
-0.215402 0.057415
-0.147819 -0.295215
0.531771 0.891768
-0.422019 0.439223
-0.252751 0.650200
-0.260789 -0.011967
0.402236 0.899150
-0.419331 0.403221
-0.132105 0.150141
-0.209082 0.006845
0.355949 1.144778
0.466705 1.042887
0.569952 0.812755
-0.157423 1.171462
0.406185 1.193721
-0.186330 1.245240
0.561843 0.930153
-0.447981 0.578680
-0.116174 -0.353438
-0.330391 0.177883
-0.244705 0.637313
0.698434 0.536156
-0.207995 0.598135
0.319889 1.073721
-0.247034 1.632480
0.425785 1.136369
0.013620 1.252520
-0.145565 0.501845
-0.341067 -0.929107
-0.357242 -0.101047
0.374029 1.056359
-0.204125 -0.092903
-0.116613 0.141053
0.793610 0.885596
0.884195 0.656187
0.337723 1.051019
0.546075 0.927626
0.285718 0.992521
-0.167341 0.236398
-0.407579 0.153118
-0.120283 0.454912
-0.152283 0.955814
-0.386970 0.529980
0.445185 0.773353
-0.100360 -0.170213
-0.109302 1.633824
0.952033 0.374877
0.426975 0.574442
-0.478698 0.011625
-0.141501 0.397360
-0.420167 -0.083429
0.361318 1.130054
-0.310081 -0.260078
-0.329559 0.244449
-0.338360 -0.225165
-0.234960 1.033498
-0.371530 0.321251
-0.245691 -0.868973
-0.255295 -0.147346
-0.138836 0.494615
-0.134389 0.255644
0.280328 0.640284
-0.184248 0.280228
-0.394896 0.271352
-0.336650 -0.132439
-0.067934 1.587629
-0.354144 0.506583
0.352573 0.976707
0.338930 1.345640
-0.220844 -0.175534
0.727113 0.787158
0.389393 1.160971
-0.199697 -0.059746
-0.268961 0.608597
-0.314627 0.386568
-0.316410 1.086218
-0.268479 1.201304
-0.309312 0.457942
-0.467654 2.214174
-0.240108 0.633485
-0.191796 0.508891
-0.405978 0.253924
0.374568 1.099694
-0.340967 0.522753
-0.216082 0.644381
-0.263629 0.308041
-0.262015 0.211053
-0.419628 0.104407
-0.268548 -0.188330
0.419975 0.963276
0.451558 0.883624
-0.293824 0.045449
-0.073571 1.109227
-0.439984 0.277148
-0.314466 0.024528
-0.262992 -0.653381
-0.094605 1.360196
0.490894 1.074850
0.500838 0.804660
-0.226734 1.737593
0.390486 0.885470
0.271183 1.252326
-0.063248 1.401988
0.294177 1.109091
0.555917 0.548565
0.382154 1.169184
-0.161432 0.062492
0.317496 0.990378
-0.388165 -0.008057
-0.129234 0.114104
1.694456 -0.655330
-0.357350 0.412772
0.797308 0.817504
0.962996 0.420036
0.314006 1.003881
-0.131246 0.456212
-0.120094 0.033508
-0.192347 0.283563
-0.121805 0.249968
-0.323254 -0.039645
-0.291940 -0.235056
-0.080350 1.558571
0.341935 1.083151
0.048494 1.357671
-0.944992 2.428192
-0.372971 -0.026621
0.418837 1.172980
-0.170842 0.373549
1.482949 -0.238791
0.057858 -0.718573
-0.219125 -0.141361
-0.128068 0.103173
-0.122368 1.211609
-0.067047 1.491771
-0.325716 -0.201751
0.429177 0.966685
-0.206219 0.178083
-0.139525 0.171271
0.342876 0.542968
0.524588 1.018510
0.533370 1.009285
-0.354657 0.544378
-0.161786 0.102165
-0.292847 1.548940
0.161164 1.153718
-0.181470 0.325734
-0.204877 -0.053632
-0.200766 1.135424
1.621326 -0.497088
0.891770 0.348348
-0.186780 0.186846
0.594950 0.327636
-0.214347 -0.952516
0.297497 1.075851
0.656609 0.355484
-0.192929 0.162157
-0.281786 0.659182
0.539405 0.852706
-0.222944 0.609597
0.454807 0.769276
-0.148695 0.438998
-0.256635 1.149041
-0.390391 0.567503
0.468705 1.057268
0.532468 1.014492
0.397733 1.081729
0.258122 1.239304
-0.004893 1.118147
-0.194303 0.613760
0.040580 0.378584
0.289261 1.194706
-0.116935 1.553477
0.281500 1.190024
-0.322717 -0.002833
0.415345 1.089645
-0.372557 0.438620
-0.168351 -0.347461
-0.174198 0.086288
0.557362 0.832512
0.420567 0.995412
0.507947 1.012205
-0.030417 1.361482
-0.234467 -0.166123
0.416604 1.150886
1.758059 -0.735467
-0.213391 -0.670669
0.530778 0.964585
0.501469 1.006595
-0.091670 -0.401302
-0.346866 0.179156
-0.306006 0.063037
-0.186061 0.105475
0.539655 0.895161
0.306983 0.900160
0.139206 1.016262
0.375496 0.913289
0.321048 1.103151
0.448692 0.853672
0.339073 0.936119
-0.334726 -0.164506
-0.398623 -0.100362
0.577260 1.331719
0.366921 1.130467
1.649002 -0.502343
-0.416780 0.316985
-0.158954 0.396623
-0.318763 -0.261591
1.517722 -0.371265
0.308735 0.982823
-0.190228 0.491291
0.391274 0.854694
0.234153 1.285435
-0.226938 0.434970
-0.382392 -0.135811
0.281735 0.905349
-0.298114 -0.940141
0.530229 1.012750
-0.242256 -0.149365
0.291384 1.007572
0.332675 0.937497
-0.420262 -0.150808
1.357813 -0.715873
0.424564 0.856552
-0.165843 1.621455
-0.261118 0.030170
0.477736 0.754216
1.375558 -0.221288
0.349272 1.138449
0.288435 1.115063
-0.140088 0.299581
-0.401864 0.372803
-0.168003 0.604538
-0.412311 -0.125221
-0.133218 -0.246216
0.438084 1.114397
0.310263 1.130458
-0.252328 1.806015
0.563153 1.082598
0.381240 0.987702
-0.277824 0.127638
-0.311379 -0.203661
-0.159253 0.060620
0.337142 0.909523
-0.231819 0.399560
-0.102155 0.291700
-0.350550 0.143726
-0.339883 0.638755
-0.064225 1.003135
0.025093 0.456588
-0.146339 1.469338
-0.348814 0.454782
-0.203560 0.095900
-0.373282 -0.172357
0.205756 1.404614
0.340332 0.945085
0.568915 0.766167
-0.341032 0.229660
-0.487523 -1.215727
-0.179794 0.114929
-0.157034 0.476331
0.541076 0.995928
0.370929 1.013270
-0.219467 0.619515
-0.456122 -0.060456
-0.325721 0.516910
-0.282686 -0.362575
-1.077444 2.530722
0.718039 1.026406
-0.398730 0.830755
0.489019 0.330718
0.851630 0.675990
0.357180 0.953797
-0.088939 1.321807
-0.302626 0.278025
-0.196466 0.248386
-0.213541 -0.056471
0.287370 1.280573
-0.389407 0.202541
-0.409663 -0.171942
0.383187 1.184342
-0.227577 1.566754
-0.224027 0.655056
0.308161 1.128976
-0.355599 0.264970
-0.406694 0.558370
-0.316869 0.435840
-0.159575 0.199328
-0.113511 0.396209
0.511469 0.972230
0.395127 1.142098
-0.145080 0.194757
0.061249 0.289461
0.303959 1.151281
0.430710 0.829534
0.315086 1.052148
0.317727 0.967374
-0.236977 0.532926
1.822801 -0.946720
0.501852 1.063617
0.577035 0.711863
0.507559 0.814769
0.292589 1.041419
0.609834 1.157819
-0.209300 -0.123333
1.010764 0.163484
0.570395 0.667368
0.242346 1.247716
0.633505 1.153199
0.225988 1.135345
0.356750 0.769980
-0.080887 -0.236504
0.346436 0.894123
-0.150546 0.445219
0.449823 0.753785
-0.414279 -0.034381
-0.238780 -0.181173
-0.169566 0.073389
-0.248410 1.609470
1.395256 -0.206947
-0.327059 0.146536
0.580275 0.691904
-0.196259 0.577761
-0.388427 -0.019369
-0.452634 -1.240101
-0.471404 0.965180
-0.277542 0.505760
-0.422462 0.069169
0.184873 0.563003
-0.221165 -0.134399
-0.407309 -0.176928
-0.291810 -0.184980
-0.315129 -0.440090
-0.277801 0.602792
-0.295465 -0.160621
0.866908 0.805624
0.316609 1.036974
0.366558 0.888478
4.151348 -3.846704
-0.329604 1.146206
0.102171 1.308403
0.537723 0.883242
-0.255416 -0.001423
-0.450258 -1.005865
-0.178062 1.733013
0.271784 1.579134
-0.228777 -0.867176
0.462760 0.936803
0.505866 0.693866
0.321831 1.150922
0.346593 1.105988
-0.134284 -0.226832
-0.208338 1.123967
-0.135257 1.641276
-0.359494 -0.164315
0.160390 0.795066
-0.065850 1.230674
-0.148296 0.117266
0.526301 0.909702
1.819132 -0.807247
0.539703 0.897294
-0.393107 0.491196
-0.420874 0.650822
-0.402773 -0.110524
-0.329253 1.707576
0.536333 0.873118
0.416263 0.668976
0.504848 0.760169
-0.339313 -0.198204
0.288044 1.150460
-0.359259 -0.224016
-0.103075 -0.355306
1.035366 0.353522
0.875823 0.207750
0.728620 0.608620
0.367808 1.045957
0.494938 0.358262
-0.375920 0.074943
-0.120428 0.408225
1.323524 -0.043082
0.576127 1.010461
0.335508 1.906393
0.391401 0.939147
0.201477 0.628143
-0.200009 0.234547
0.519077 0.703958
-0.391304 0.337456
-0.444612 0.806209
-0.333272 0.668421
0.510711 0.993456
-0.371762 -0.043028
0.453098 0.876202
0.484596 1.017934
-0.220380 -0.109013
0.883531 0.720927
1.651981 -0.350427
-0.288742 0.715377
-0.124821 0.449533
2.616575 -2.054120
0.191276 1.630557
0.437496 1.068471
0.343700 1.097172
0.333498 0.897130
-0.217500 0.621679
0.622838 0.779962
0.057519 1.370257
-0.295092 -0.653352
-0.297751 0.704028
0.052678 1.254400
0.996844 0.212901
-0.217164 -0.118792
-0.418689 0.260914
-0.160489 0.231188
-0.032353 1.510314
-0.276592 -0.030829
-0.273723 0.356733
0.321732 0.999222
0.094834 1.174078
-0.262040 0.184675
0.324574 1.067597
-0.164700 0.303425
-0.242927 1.752559
0.133804 1.651675
1.328446 -0.072067
-0.262859 0.337104
-0.316971 0.325286
0.539102 0.718103
-0.092207 1.491530
0.262701 1.212202
1.812114 -0.546722
0.990952 0.370741
-0.252021 0.603663
0.544231 0.742232
-0.134818 0.091432
-0.233302 1.512562
-0.184370 0.510378
-0.367227 0.279138
-0.417602 0.516825
0.289325 1.175642
0.287302 0.900226
0.441703 1.021880
-0.325807 0.729552
-0.379865 -0.153233
1.575542 -0.601300
-0.173252 0.179459
-0.302455 -0.897852
-0.137345 0.132119
-0.322122 0.636603
1.522167 -0.431862
-0.390374 0.647771
-0.358856 0.638583
0.408356 1.064769
-0.290299 -0.068201
-0.386362 0.427106
0.379920 0.740681
0.441411 0.918621
0.782059 0.362276
0.398721 1.247383
0.653334 0.789477
-0.395650 -0.138379
0.361655 0.761665
-0.368391 0.167028
-0.287898 0.669700
0.572885 0.704590
0.476013 1.123178
2.410759 -0.853960
0.407146 0.747303
-0.203317 0.463810
-0.174138 0.438539
-0.443129 -0.026714
0.016713 0.891619
-0.251477 0.910409
-0.160943 0.416154
0.350112 1.133903
0.331407 1.011210
-0.291712 0.034518
0.539886 0.764853
-0.129710 0.548568
-0.120280 0.061527
-0.140042 -0.470402
-0.318214 -0.123378
-0.199361 0.181387
0.351846 0.978307
-0.444269 -0.535509
0.418667 0.750299
1.020071 0.145096
0.196874 0.343960
0.566629 0.345005
0.587998 0.779556
0.784611 0.429180
-0.063582 1.168898
0.144542 0.868177
-0.418980 0.637514
-0.259901 0.455038
-0.234462 1.690544
-0.405720 0.591871
0.389411 0.877721
0.161286 1.527574
1.861003 -0.925107
0.344943 1.110935
0.534010 0.613418
0.602725 0.854863
0.152788 1.431265
1.695685 -0.643097
-0.168044 1.143481
0.679746 1.529538
2.977440 -2.630298
0.204650 1.146147
0.644216 0.864339
0.385913 1.155784
-0.129426 -0.027369
-0.309243 0.706717
-0.128541 0.021233
0.455655 0.852293
-0.229526 0.049179
-0.367002 0.224332
-0.325497 0.196729
-0.371216 0.179475
-0.287035 0.101378
-0.125671 0.580157
-0.063447 1.526973
1.374063 -0.550622
-0.047127 0.791818
0.522155 0.712341
0.303666 1.093678
-0.218885 -0.120610
-0.389613 0.079438
-0.221020 -0.839668
-0.250913 0.335334
0.065074 0.225330
-0.170222 -0.029007
0.306059 0.944214
-0.100913 0.914097
0.306937 1.192361
0.423900 0.792333
0.585060 0.859006
-0.186507 0.025911
0.384138 0.887056
0.493167 0.560607
-0.303034 -0.243612
0.429558 0.791845
0.440364 0.337998
0.409955 1.050271
-0.181329 0.576468
0.843649 -0.034569
-0.332567 -0.264351
-0.064214 1.323629
0.502337 0.577925
0.358786 1.190876
-0.231540 -0.658168
-0.277223 1.629730
-0.370013 0.446646
0.074989 0.132764
1.535325 -0.425378
-0.337831 1.414164
0.059039 1.318283
-0.281067 0.681540
0.351513 0.985056
-0.059164 0.727032
0.238095 1.317878
0.078788 0.710940
-0.139002 0.059758
-0.208972 -0.070717
-0.238591 1.432781
0.421649 0.810990
-0.226575 0.716106
-0.171984 0.884812
0.525291 0.914167
-0.200418 -0.252538
-0.189822 0.487629
-0.363663 -0.618669
-0.259583 0.089727
-0.135564 0.022442
1.104188 0.066074
-0.244540 -0.230775
-0.215905 0.619550
1.405990 -0.379900
0.497750 0.963614
-0.299370 -0.112001
0.438672 0.699330
-0.215243 -0.071306
-0.413388 0.611769
1.743326 -0.725865
-0.189953 -0.025758
0.472059 0.671787
-0.203097 0.557850
-0.354014 0.492924
0.441159 1.158056
2.051014 -1.115474
-0.139353 0.388957
-0.297992 0.256037
-0.228926 0.823246
-0.218315 0.173533
-0.407757 -0.176208
-0.682783 2.748313
-0.323110 0.500627
-0.174358 1.477010
0.479888 0.735556
-0.193868 -0.237816
0.456509 1.103429
0.635807 0.789020
0.646615 0.865868
0.583749 0.679340
0.674310 0.426122
-0.222561 1.191821
0.371450 0.743133
1.276627 -0.036864
-3.914311 0.223984
0.343121 1.185352
0.286460 0.531478
0.491262 1.150021
-0.336379 0.307300
0.489761 0.689732
-3.824783 1.350786
-0.435038 -0.511264
-0.212840 -0.262114
0.452718 0.849524
0.284197 1.276366
0.590811 0.505732
-0.333431 -0.137239
-0.409719 0.529100
0.760435 0.277814
0.480507 1.002847
0.575749 0.747342
-0.321312 0.692434
1.464727 -0.193813
0.447218 1.128120
0.468624 1.199096
-0.330255 1.457019
-0.262286 -0.192818
-0.260905 1.534194
-0.304184 1.093848
0.611094 0.672600
3.136384 -2.297200
-0.141421 0.152773
1.083487 0.117200
-0.172250 0.083262
-0.375459 -0.057979
0.082751 0.229707
0.474528 0.682808
-0.150613 0.284534
0.300831 0.900256
-0.615753 2.228995
0.435170 1.057429
0.489498 0.750823
-0.325520 0.121653
0.627438 0.880894
-0.137555 -0.434823
-0.290893 -0.939960
1.602684 -0.641160
0.294576 0.929019
-0.151427 -0.021466
-0.174726 0.523605
0.097083 1.443612
-0.313965 -0.338682
-0.143709 0.453133
0.169385 0.445105
0.368053 1.136710
1.741123 -0.513583
0.274493 1.167654
0.348564 0.990408
-0.273496 -0.116103
0.582875 0.762898
0.576520 0.726061
1.461718 -0.456441
0.459406 1.086594
-0.130635 -0.063720
0.395834 0.852572
0.645209 0.676961
-0.066726 0.914594
0.436378 1.163848
-0.284991 0.534934
-0.243547 -0.182068
0.311987 1.058057
-0.232216 -0.248449
0.337908 0.853075
-0.213156 -0.209861
0.455580 0.670704
0.711144 0.379604
0.014692 0.574167
0.034620 0.311069
-0.282716 0.018562
0.318179 0.888697
0.306754 0.976553
-0.314538 -0.222258
-0.235966 -0.692300
0.421823 1.074549
0.315456 1.118642
-0.067439 1.503626
0.572296 1.373789
0.302677 1.243574
-0.474721 0.207119
2.033021 -0.559039
0.307487 1.252841
-0.312160 0.600060
0.431561 1.014222
-0.383452 0.624465
0.421341 0.792609
0.200948 0.406718
0.697821 1.376452
0.650391 0.661477
-0.005850 1.052837
0.323094 0.824863
-0.403852 0.596873
-0.145074 0.363425
-0.390125 0.313111
0.567422 0.768319
1.137847 0.109651
-0.403641 0.338697
0.126662 0.414582
0.451012 1.370972
-0.558232 2.369853
-0.303766 1.356542
0.638151 0.847711
-0.198547 0.235164
-0.108411 -0.922248
0.336646 1.247630
-0.362795 0.165663
0.456426 0.687711
0.473661 1.007336
-0.303975 0.123391
-0.179385 0.054342
-0.352463 0.378941
-0.223277 -0.026064
0.154049 0.898425
-0.364147 0.063221
-0.256987 -0.220758
0.572836 0.661648
-0.337699 0.366758
0.392879 1.198821
0.272377 1.238580
0.473022 1.344763
-0.056966 -0.636903
0.444913 0.364882
0.467901 0.918606
-0.163552 1.522691
-0.050274 1.098838
-0.407168 -0.035680
-0.257342 0.156326
-0.319622 1.446018
-0.186663 0.610191
1.245622 -0.113756
-0.228300 0.661569
0.391287 0.949215
-0.194683 0.729536
-0.017853 1.472240
-0.181338 0.044164
0.504693 1.153784
0.272047 1.461483
-0.147684 0.030266
0.587069 0.791346
0.352657 0.829103
-0.251365 -0.191925
3.136170 -2.360930
0.314455 1.246231
0.334359 1.218677
-0.292639 -0.246599
-0.265964 0.239630
0.660008 0.674113
-0.362971 -0.185951
-0.180918 0.528534
0.408500 0.772255
3.740880 -3.449523
-0.371085 0.077706
-0.265390 0.319576
0.124119 0.975588
-0.298400 -0.310507
-0.396841 0.512982
-0.254809 0.716660
0.347521 1.194304
0.354666 1.285336
-0.391165 -0.627417
-0.193447 0.686913
-0.489028 0.061728
0.433893 0.841754
0.627892 0.828599
0.080802 0.759224
-0.336601 0.102249
0.337774 0.905929
-0.338806 -0.293249
-0.365468 -0.216670
-0.154076 0.481464
0.211356 0.369132
-0.180169 1.239922
0.500222 0.879886
0.292493 0.888286
-0.208564 0.598919
0.450460 1.161103
-0.240798 -0.255429
-0.209880 -0.098336
-0.337573 0.611004
0.546857 0.852099
0.368115 1.202306
0.321360 1.399737
-0.139369 1.658296
-0.322221 -0.304530
-0.133479 0.578885
-0.406674 0.243928
0.076282 0.179776
0.399459 1.266323
0.591776 0.676955
-0.416888 -0.053075
-0.142587 0.281190
-0.334107 -0.248773
0.357524 0.762201
0.236426 1.120790
-0.397142 0.364978
0.499133 1.365389
1.439972 -0.308816
0.284636 0.921744
0.814652 0.659317
0.366233 1.263755
0.399420 0.942819
0.187943 0.918012
0.058389 1.817010
0.382511 1.136512
0.661206 1.199655
-0.142928 0.008003
2.560829 -1.158473
-3.512461 0.576572
-0.311018 -0.281787
0.297625 1.269591
-0.268736 -0.050657
-0.167435 0.044536
-0.349274 -0.209734
0.293391 0.871453
-0.244978 0.570422
0.423266 0.500344
-0.329126 1.237042
0.980701 0.347883
0.415155 1.024755
0.448661 1.103658
0.527622 0.702911
-0.115414 -0.558398
0.204929 1.584877
-0.328054 -0.307938
0.475861 0.961787
0.118105 1.243598
0.336509 1.029079
-0.207416 0.605786
0.437342 1.161813
-0.076830 0.770336
0.904258 0.177918
-0.361332 0.568216
-0.174558 0.365298
-0.015255 1.561205
-0.202323 0.721534
0.626239 0.880456
-0.347822 -0.207150
-0.337456 -0.159248
0.239571 1.089980
-0.322019 0.718359
-0.304667 -0.068045
-0.189721 0.126192
0.513118 0.802357
-0.375569 0.658659
0.544621 0.841813
-0.196832 -0.237832
-0.127452 -0.009114
0.278385 1.045417
0.256079 1.085069
-0.263771 1.402994
0.710858 1.025468
0.537079 1.047012
0.978969 0.382829
0.545318 1.058707
-0.222587 1.678483
-0.370835 0.897531
-0.167746 0.487094
0.424744 1.251124
0.484577 1.043485
-0.318226 -0.276807
0.305536 1.532739
-0.156328 0.122877
-0.210296 1.148815
0.225595 1.262336
0.564693 0.976900
0.437602 0.675854
1.112490 0.192851
-0.127554 1.007743
0.306671 1.232899
-0.247019 1.861211
0.539320 1.059777
0.378780 0.823754
0.062941 1.465940
-0.150204 0.069230
-0.399312 -0.239327
0.502693 1.105018
-0.193594 0.050009
0.227523 1.060839
1.911837 -0.859524
0.076853 0.918266
-0.201039 -0.076599
0.265716 1.188284
-0.152181 0.223937
-0.243553 1.321573
-0.442949 -0.611537
0.243727 1.043486
-0.169489 0.297276
0.296250 1.246673
1.020750 0.524131
0.238930 1.173385
0.058014 1.120868
-0.280900 1.039039
0.275361 0.902803
0.178703 0.294345
-0.448906 1.990235
-0.381719 0.176757
0.651687 0.782913
-0.206544 0.456336
0.390020 1.029165
-0.398497 -0.210122
0.259431 1.088884
-0.291234 0.510148
-0.331975 0.402813
-0.327514 -0.242553
-0.143772 0.538638
-0.240646 -0.681176
-0.253690 0.421446
0.297557 1.171728
0.324881 1.339843
0.238806 1.176251
-0.411979 -0.056111
0.597230 0.834282
-0.746734 0.503588
-0.200612 0.662425
0.640125 0.894348
0.423551 0.776425
0.139377 1.424049
0.364998 1.151583
-0.119153 -0.035605
-0.363154 1.100783
0.490111 0.672422
0.250292 1.132570
1.678916 -0.783275
-0.356691 0.016711
-0.093626 -0.480198
0.320891 0.854343
-0.394986 -0.539785
-0.100346 -0.070984
-0.367094 -0.151990
1.680269 -0.514000
1.005768 0.430835
0.356398 1.085932
-0.204027 0.468881
-0.280425 0.349310
-0.218410 -0.261759
-0.192155 0.687828
-0.304229 0.700831
-0.313547 1.466055
-0.223657 1.942729
0.523889 1.071463
-3.157413 0.107174
0.172086 1.315911
0.748578 0.624448
0.468029 1.126817
-0.277581 -0.331645
0.541058 0.807170
-0.332071 0.200301
0.232915 1.089110
-0.130670 0.372500
-0.132329 -0.250991
-0.269445 -0.285082
-0.136951 0.499733
-0.203942 -0.168955
0.211788 0.352548
0.781325 0.527663
0.333634 1.266029
0.386626 1.220590
0.264876 1.168513
3.048213 -2.271247
0.167090 0.702610
0.518139 1.380512
-0.367101 0.152256
-0.340127 0.329664
1.631931 -0.383435
0.214622 1.059011
-0.291058 -0.335738
0.445422 1.059339
0.633144 0.925403
-0.125955 0.011995
0.713795 1.301293
-0.399635 0.337454
-0.157290 0.625290
-0.272630 0.124541
-0.136458 0.590273
-0.400641 -0.247296
-0.161000 1.461753
0.419643 1.188251
-0.330015 -0.264274
0.587731 0.869707
-0.377598 0.395724
0.284377 1.003425
3.852132 -3.645103
-0.237256 -0.110654
0.536109 0.713158
0.296160 1.215846
-0.047148 -0.539037
-0.414887 0.594419
0.007490 0.119606
-0.023630 0.943948
0.788184 0.232352
-0.034684 0.626376
-0.331050 0.098122
0.283435 0.884885
-0.369044 -0.239190
1.662627 -0.638324
-0.211278 0.630746
0.212090 1.024630
0.633186 0.642466
-0.178397 0.458920
0.186312 0.423021
-0.277651 2.046786
-0.348543 0.035434
0.612601 0.932923
0.508013 1.049154
1.113587 0.111049
-0.309001 -0.330636
0.104661 0.138362
0.265915 1.102397
0.447102 0.903552
0.331340 0.825842
-0.231736 -0.251155
0.252797 1.135207
-0.254883 0.050314
0.621629 0.688862
0.564258 0.825101
0.943327 0.465597
0.522974 1.244854
-0.422614 0.735792
0.490285 0.400695
-0.318182 0.683532
0.565897 0.894643
-0.252700 1.313663
-0.171212 0.651433
0.489486 1.128836
-0.207333 -0.849992
0.378766 1.262022
-0.227504 0.280805
2.247423 -1.643385
0.100481 0.587031
0.238245 1.027923
-0.318113 1.145758
-0.296040 -0.231379
0.462395 0.658610
0.325684 0.902165
-0.177209 -0.113003
-0.237541 0.683299
0.419462 1.037925
0.459218 1.121436
0.074445 0.467269
-0.338192 0.617947
-0.135494 -0.888533
-0.248278 0.223021
-0.216024 0.122341
1.857363 -0.953277
0.362946 1.276180
0.524209 0.613324
1.908442 -1.141566
0.190739 0.416608
-0.364930 0.612140
-0.185346 -0.046561
-0.358115 0.696884
0.455538 0.840763
0.587298 0.924554
-0.114877 0.060087
1.057630 0.238340
0.574314 0.894327
0.331033 1.212705
-0.216332 0.700302
0.156101 0.698226
0.601084 0.702393
0.295820 0.994927
0.770802 0.256529
-0.414734 0.238237
-0.125245 0.130746
-0.113666 0.079983
0.136170 1.369694
-0.449989 0.885003
-0.255975 0.615311
-0.020291 0.749336
0.484949 0.957107
0.558543 0.788929
0.390495 0.795095
0.217185 1.089005
0.850859 0.555772
-0.343164 0.356271
0.408808 0.705626
0.374130 0.834107
-0.360987 0.581020
-0.269736 0.057298
1.820768 -0.663811
-0.054257 1.085016
0.218294 1.166869
-0.290937 1.586649
-0.170734 -0.100994
0.446634 0.834472
0.428336 1.174447
-3.405442 0.638749
-0.027142 1.369315
-0.240408 0.529322
-0.105887 0.966008
0.041789 1.421647
0.645095 0.654215
-0.060857 -0.259914
0.266244 1.075632
2.853230 -1.880009
0.594896 0.741450
-0.003614 0.548622
0.096029 -0.691402
0.575255 0.590898
-0.160329 -0.389605
-0.131619 -0.042896
-0.272530 -0.296608
0.465019 0.802477
-0.181579 0.454720
-0.309822 1.628701
-0.235001 0.290478
-0.184672 0.636284
0.260678 1.817457
-0.225226 0.467043
0.098827 0.314716
0.470541 1.005796
-0.036850 0.821679
0.609507 0.899947
-0.406660 -0.255615
0.558319 0.859989
-0.377293 0.678320
0.627985 0.653457
-0.387621 -0.168563
1.242743 -0.054728
0.346206 1.217042
-0.253719 -0.246069
-0.363598 -0.233724
-0.208134 0.027654
-0.392759 1.090176
0.264407 1.027327
-0.235899 -0.266132
0.336907 0.852703
2.041607 -1.172518
0.559470 0.318105
0.339044 1.175913
-0.037290 1.262509
0.281330 1.052745
-0.066195 1.435380
-0.202948 -0.134995
0.105449 1.621196
-0.116820 -0.057105
-0.157276 0.570201
0.395895 0.554846
0.267494 1.038398
0.355090 1.233152
-0.127978 -0.049786
1.259230 0.095585
-0.151412 0.226092
-0.290452 0.601378
-0.655108 0.263933
-0.167901 0.534103
0.370751 1.486714
-0.024875 -0.901277
-0.075694 -0.935474
0.556250 0.598421
0.583854 0.916739
-0.091883 1.641806
-0.250725 1.468834
1.816510 -0.618846
0.271919 1.125302
0.587925 0.822205
-0.303759 0.811737
-0.190606 0.004723
0.517675 0.829916
1.855925 -1.010036
1.558375 -0.422349
-0.195864 -1.055838
-0.406179 0.328853
-0.130056 0.179151
-0.220987 -1.117651
-0.309964 -0.266817
-0.211862 1.713313
0.205461 0.935682
1.801412 -0.965729
0.206810 1.424701
-0.238517 0.739575
0.257202 1.264152
-0.187268 1.230193
-0.389216 0.608123
0.242052 1.114096
0.347283 1.180308
-0.319215 -0.302771
0.265392 1.094614
0.478282 1.129597
-0.239301 0.663613
-0.323624 -0.556300
-0.157766 0.001633
0.546454 1.058246
-0.136919 0.198107
0.562674 0.820926
0.258004 1.260116
0.580090 0.764632
-0.280110 -0.286122
-0.199902 -0.006577
0.634271 0.730610
0.263380 1.264543
0.414071 0.782463
0.634325 0.603550
0.376456 0.870488
0.219198 0.902333
-0.372372 0.683040
-0.366651 0.260600
0.517144 0.631126
-0.147798 0.390639
2.075252 -1.239333
0.276628 1.528336
1.933678 -0.745097
0.225614 0.937789
-0.243307 -0.046361
0.196887 1.646840
-0.355870 0.735682
0.894967 0.970170
-0.210060 0.661845
-0.220386 -0.120858
-0.296784 -0.153375
-0.477610 1.112408
-0.319423 0.523067
0.500890 0.690265
0.240877 1.219859
-0.226077 -0.264475
-0.350053 -0.106485
0.251291 1.044563
-0.020101 1.286490
0.632804 0.730917
0.493727 1.258668
-0.226541 -0.100882
0.350362 0.833182
0.391509 0.785604
-0.374393 0.134865
-0.168478 -0.440294
0.677998 0.462029
0.353006 0.493218
-0.286839 0.679153
-0.381546 -0.246410
0.290913 0.321142
0.282785 1.611213
0.064575 1.241491
-0.322351 -0.091028
0.446548 0.978666
-0.232440 0.652725
-0.256972 0.234619
0.254034 1.155458
0.189740 1.074954
-0.289180 0.767020
-0.272965 1.893238
0.398945 0.381102
-0.266671 -0.974632
0.319086 1.205226
0.117893 0.315987
0.104560 0.894970
-0.392716 -0.167570
0.007020 0.120958
0.570933 0.466931
0.205464 1.240256
-0.350190 -0.570081
0.405531 1.229267
0.298071 0.879570
0.562768 0.835905
1.221954 -0.149989
-0.195476 0.935569
0.202211 1.500089
0.527742 0.907742
1.006687 0.371321
0.472419 1.126369
0.190432 0.362847
-0.326284 -0.370455
2.998869 -2.635840
0.384470 0.698889
-0.101238 1.389745
0.641406 0.629361
0.364823 1.273081
-0.129811 1.621424
0.072889 1.408873
0.414806 0.843974
0.225239 1.048322
-0.371456 0.460924
-0.225841 -0.275025
-0.243843 -0.224927
1.714546 -0.873996
0.587416 0.850981
0.534788 0.965778
-0.274615 -0.175611
-0.262729 -0.286612
0.366379 1.035216
0.596074 0.912186
0.244841 0.922567
0.569088 0.708158
-0.283766 0.912780
0.415743 0.685836
0.252945 0.926901
0.071030 1.620970
0.523206 1.085482
0.642004 0.628200
-0.210817 -0.304160
0.343376 1.295190
0.198275 0.828882
-0.259695 -0.117976
0.338845 1.490456
-0.415381 0.121483
0.601172 0.779979
-0.136907 0.573811
-0.472723 -0.754474
0.447493 0.910278
1.376309 -0.223008
-0.013067 1.147241
0.218161 1.242060
-0.156073 0.987526
-0.331104 -0.207381
-0.293129 0.599531
-0.324490 0.192221
0.346882 1.106761
0.219990 1.034594
-0.390281 -0.113410
0.315579 0.769435
0.452862 0.845402
0.313572 0.776752
0.405941 1.523853
-0.363855 0.620746
-0.099243 1.272100
-0.317050 0.343480
-0.251323 -0.340562
-0.254134 0.621901
0.254031 1.224965
0.215343 1.020612
-0.196348 -0.293099
0.177619 0.575098
0.304249 1.200192
-0.000040 1.654794
1.308756 -0.034162
0.900080 0.212505
0.295925 1.187843
0.198672 1.449903
-0.154847 0.026427
0.475225 0.867427
-0.387835 0.013723
-0.192784 -0.240585
-0.188524 0.478772
0.576529 1.090576
0.350816 0.282538
-0.127543 1.751670
0.449984 0.801645
0.326089 0.820401
0.585635 0.748095
-0.217946 0.713111
-0.231359 -0.342809
0.658693 0.827489
-3.529025 0.556303
0.364758 1.154084
2.135680 -1.268183
-0.119541 -0.756301
-0.199504 1.055383
0.467322 1.140575
-0.058734 0.873981
-0.187546 1.668639
0.253835 0.945885
0.557941 0.656904
0.474785 1.098855
-0.225251 0.188077
0.279392 0.774223
0.335970 0.903974
0.299703 0.738416
0.228639 1.226327
0.575075 0.278303
0.493288 0.814647
-0.448223 1.732814
-0.114483 -0.057731
-0.075657 1.614068
-0.249870 0.250129
0.427268 1.239426
0.264308 1.120239
-0.137737 1.233020
1.307659 -0.343259
0.660649 0.924738
0.279741 0.880037
-0.255649 -0.295946
-0.361139 0.828619
-0.356992 0.910071
0.525838 0.850454
0.353101 0.682427
-0.262612 0.088144
-0.573261 0.131772
-0.349960 1.133352
0.256379 0.498933
-0.194275 0.540639
0.270874 1.222898
0.585948 0.633187
-0.178679 0.345452
0.494684 0.694881
0.787160 0.568702
0.788931 0.129279
2.188829 -1.230033
0.643966 0.722111
0.209536 1.568551
-0.320299 0.351896
0.224597 1.029452
0.323978 0.804268
-0.310358 -0.152774
0.312003 0.867995
0.630181 0.625605
-0.235262 -0.344473
-0.136060 -1.050537
-0.161429 0.275165
-0.244733 -0.087131
-0.253303 -1.049549
1.805599 -0.933811
-0.187873 -0.732543
0.380345 1.256309
0.570062 0.641232
-0.022327 1.226947
0.391764 1.093009
0.237960 1.526322
0.324013 1.296010
0.403554 0.700847
-0.370196 1.858962
-0.265780 -0.845908
0.354835 1.652103
-0.148329 0.199046
1.745582 -0.919512
0.234676 1.072504
0.122720 1.278041
0.380039 1.080603
0.205147 1.041222
0.361222 1.570260
-0.331580 -0.216330
0.485955 1.197458
0.326472 1.310977
-0.398932 -0.273946
-0.107673 -0.529974
-0.143958 0.075603
1.366076 -0.210483
-0.138035 -0.160816
0.454207 0.622704
-0.140663 0.227405
0.473809 0.637926
-0.137333 0.418402
-0.049180 -0.706170
-0.237768 0.055610
-0.400899 -0.205326
0.307303 0.858420
-0.260398 -0.264294
0.361203 1.376908
0.303758 0.761987
-0.402711 0.065019
0.199682 1.450645
-0.337509 0.085478
-0.360807 -0.289230
-0.176336 -0.100095
-0.303161 0.806787
-0.253266 -0.126552
-0.201515 -0.337053
-0.400528 0.674914
0.300675 1.327598
0.442661 0.592731
-0.116949 0.618174
-0.035561 1.657111
0.203816 1.263074
-0.192564 0.511141
0.464031 1.117958
-1.067221 2.284203
-0.186325 0.244433
-0.057861 0.337254
-0.198655 -0.164734
0.587802 0.882185
0.495280 0.666795
0.579480 0.654302
0.706071 0.722584
-0.136879 -0.035126
-0.248128 0.635305
0.537673 0.867853
-0.388497 0.194897
0.564006 0.942654
1.016697 0.290290
0.556490 1.136889
-0.338583 -0.882007
-0.059007 0.295351
-0.263212 0.775344
0.927910 0.574684
0.421253 1.274004
0.510922 1.105944
-0.326069 -0.035131
0.396708 0.919544
-0.339530 1.434233
0.454193 0.365194
4.224034 -4.497077
0.324823 1.039241
0.204934 0.993798
-0.143052 0.477971
-0.360130 -0.306456
-0.313531 1.311758
0.278886 0.307153
0.468837 0.590514
-0.432054 0.249387
-0.209461 0.025571
0.297754 1.212967
0.512408 0.787628
-0.162359 1.787504
-0.190211 0.529603
0.495908 1.248085
-0.279257 -0.054543
-0.178403 -0.289522
1.077008 0.079165
0.319124 1.040191
0.469402 1.264712
0.490613 0.942971
0.343142 0.907892
0.373866 0.907807
0.322185 1.303568
-0.254164 0.758749
-0.876658 2.175874
0.389067 0.734318
0.114974 0.333304
0.145379 0.370650
-3.253490 0.732562
-0.476765 0.283134
0.474158 1.165004
-0.397764 -0.072249
0.645336 0.587515
-0.112997 0.443588
0.155502 1.107961
-0.144210 0.722623
0.253655 0.951647
-0.104231 0.502326
0.200839 1.153480
0.511156 0.642159
-0.382001 0.343407
0.873904 0.281168
0.233706 1.483250
0.651743 0.821121
0.623924 0.741358
0.671236 0.676854
-0.299838 0.579427
0.628105 0.594169
0.349794 0.787889
0.410653 1.681444
-0.217618 0.354969
-0.082983 -0.301520
-0.495530 -0.066366
-0.246557 -0.328136
0.452652 1.275150
-0.563209 0.635958
0.272884 0.883671
-0.137269 -0.075406
-0.205469 -0.049504
-0.407668 0.315740
-0.079710 0.759676
0.426253 0.776778
0.346480 0.873701
0.480824 0.803760
0.604159 0.996987
-0.339742 0.645930
0.045018 1.143031
0.369934 1.136320
-0.238744 1.499463
2.118260 -1.268533
-0.212267 0.609884
-0.039466 0.495517
0.210143 0.892327
0.005239 1.728851
-0.254781 -0.239677
0.675246 0.723244
-0.279793 -0.350643
-0.485489 0.344546
1.747806 -0.514402
-0.478560 0.135230
0.471490 0.681188
0.232862 1.035778
-0.418243 -0.292080
-0.314295 0.454355
0.653231 0.699487
2.208414 -1.203696
-0.388420 0.626356
0.416553 1.132985
0.588163 0.691757
0.289910 1.347257
-0.066217 0.304566
-0.448539 0.413535
0.661214 0.648007
-0.477876 0.336039
0.262454 1.219460
-0.282177 -0.368700
1.127132 0.237218
-0.285045 -0.267174
-0.374592 0.716856
0.249669 0.861940
0.988058 0.573777
0.278300 0.884850
-0.387782 -0.498017
0.604398 1.016873
-0.341049 0.213202
-0.307320 -0.187848
-0.060646 0.411789
0.058652 1.245404
-0.477586 0.184231
0.234454 1.044723
1.640538 -0.337521
-0.393199 1.184726
-0.150895 -0.140452
-0.149148 0.348883
-0.045979 -0.795021
-0.339122 1.947269
0.301382 0.783006
-0.296052 0.204380
0.219309 1.171879
1.520410 -0.242199
-0.188484 -0.181091
0.402318 0.457364
-0.283152 -0.392301
-0.159422 0.697979
0.359811 1.271594
-0.319905 -0.381850
0.270411 1.105757
-0.344075 -0.157764
0.385061 0.914988
-0.044285 0.368352
0.669702 0.762783
-0.225046 0.961296
-0.062693 1.710381
-0.268148 -0.041444
0.187446 1.429915
-0.423048 0.252869
0.769778 0.494900
-0.077819 0.214367
-0.061556 0.241766
1.707146 -0.868969
-0.359384 0.748751
-0.436218 0.366998
-0.053558 -0.624445
0.254683 0.884394
0.770903 0.842452
-0.241884 -0.054193
-0.324603 -0.341625
3.413352 -2.728883
0.449848 1.219576
-0.091546 0.435594
0.268771 0.956563
-0.147468 -0.009379
0.281390 0.792433
-0.324022 0.310644
0.378999 1.026517
0.436746 0.624603
0.736264 0.765133
-0.243743 -0.310597
0.316467 1.319876
1.716386 -0.706948
-0.351373 0.493672
0.756415 0.253997
0.596876 1.305149
-0.248391 0.136689
0.392307 0.826878
-0.194165 -0.267539
0.478596 0.596273
0.223296 0.878685
1.541721 -0.699124
-0.215038 1.585734
0.257381 0.962536
-0.169873 0.425364
-0.113809 0.588625
0.044109 1.204634
0.521337 1.112706
0.285709 1.339403
-0.370706 -0.326989
-0.441340 0.341167
-0.278484 0.077616
-0.206910 0.536492
-0.219262 1.385155
-0.069851 0.289164
0.376036 0.852583
-0.197065 0.882022
-0.091081 0.523400
0.254809 0.834644
-0.427314 0.320649
0.268803 1.247709
-0.238711 0.248986
-0.372801 -0.334858
0.079988 1.561355
-0.284003 -0.405164
0.260141 1.081958
0.438866 1.065708
0.761032 1.041420
0.530994 1.070786
0.345534 0.777517
-0.427287 0.424697
-0.073984 0.243851
0.623886 0.981488
0.356398 1.058341
0.613250 0.833877
0.410680 1.346109
0.772199 0.124818
-0.074377 0.376276
-0.491152 0.120250
0.644339 0.130928
0.668664 0.623130
0.601465 1.204234
0.690339 0.843276
0.580182 0.635768
-0.344190 -0.293850
-0.344242 0.755120
-0.220347 0.259260
0.520862 0.922943
0.447072 1.212000
-0.462172 0.425430
-0.193896 0.683785
0.334186 0.444039
0.153369 1.107246
2.196750 -1.251613
0.119177 1.080636
0.710355 1.290090
-0.498537 0.083936
0.194926 0.561789
0.550861 1.194389
-0.084526 0.554559
0.212917 1.299963
-0.257477 0.464707
0.141003 1.119687
0.425270 1.309446
1.033503 0.412628
-0.457949 0.498398
0.358931 0.773927
0.251047 0.867265
0.638194 0.534338
0.209209 0.838991
0.412668 1.205674
0.242867 1.321554
0.293808 0.989286
0.215526 1.235789
0.467772 0.949962
0.451165 0.412381
0.173918 1.088074
0.541147 0.709372
-0.285224 -0.273206
-0.143760 -0.125878
-0.060878 0.441306
-0.040334 0.438450
-0.150661 0.472249
0.578224 1.154734
0.373154 0.713328
-0.459998 0.442003
0.147672 1.062487
0.364991 0.690863
0.034853 0.271262
0.253296 1.140600
-0.304162 -0.253198
-0.269062 0.414669
0.190886 0.700113
-0.414237 0.167897
0.419717 0.736238
0.361194 0.319363
0.735447 0.660574
0.557862 1.166240
-0.121150 -0.066157
2.071270 -0.902974
-0.075681 0.558712
-0.233671 -0.340533
0.356706 1.526863
1.924284 0.220745
0.209268 1.042027
-0.169408 0.661512
1.588976 -0.572144
-0.199781 0.309207
0.175385 1.028257
0.228961 0.907905
0.180181 1.175729
-0.376966 0.685469
-0.033784 1.429438
-0.177074 1.623946
0.342551 0.798914
0.372676 1.340565
0.160219 0.979448
0.230853 1.351739
0.328735 1.349617
0.512834 1.124841
0.073424 1.311274
0.447530 0.996893
-0.315775 0.756348
-0.279763 1.860760
0.452531 0.794205
-0.114539 1.726000
0.598274 0.714160
0.392918 1.254909
0.648840 0.569932
-0.036779 0.307546
0.240477 1.316485
-0.230652 0.758281
2.296632 -1.473355
-0.498208 0.070460
-0.280432 -0.365251
0.160228 0.928826
-0.101442 0.573431
-0.280392 -0.652274
0.293975 1.142041
0.681281 0.730411
1.081918 -0.173470
-0.472408 0.298465
2.263973 -1.357690
0.154942 0.994746
1.213951 -0.157857
0.517989 1.192380
0.383227 0.932702
-0.485349 0.479582
1.882750 -0.948522
0.119561 1.000940
0.178181 1.165791
-0.281713 -0.152868
0.674434 0.749465
0.005479 0.986369
0.617613 0.673824
-0.348312 0.658201
0.179662 0.277001
0.073028 1.806110
0.207796 1.624884
-0.497055 0.358917
-0.200425 0.782760
0.689611 1.166179
0.699052 0.658959
0.533127 -0.142894
0.213868 0.857732
0.118780 1.049351
2.330259 -1.436495
-0.475173 0.172468
0.243206 0.823487
0.197327 1.052066
1.749139 -0.523650
-0.170858 0.700222
0.212460 1.041515
-0.289063 0.547175
0.015534 0.090589
-0.099887 0.999664
-0.097978 -0.366384
0.271375 1.334124
-0.208498 -0.168340
0.429259 1.152900
-0.337385 -0.948111
0.006881 1.184710
-0.036217 0.428330
1.334006 0.099990
-3.388953 0.420510
0.090940 0.448150
0.447200 0.733835
-0.446853 0.909521
0.566187 1.171377
-3.652859 0.042418
0.563272 0.966024
0.205051 1.188060
-0.312618 0.646784
-0.205542 -0.321136
0.361688 0.029155
0.625586 0.506586
-0.482839 0.504477
0.473408 1.101542
0.277147 0.591972
1.991498 -1.124108
1.543518 -0.261219
0.546871 1.097969
0.523849 1.194734
-0.248269 -0.069473
-0.417312 -0.100514
-0.269669 1.716508
0.144661 1.060513
-0.564156 0.565542
-0.147893 0.102441
-0.208146 0.396333
-0.048048 1.255472
0.476651 0.616981
-0.188442 0.160317
-0.197764 0.413385
1.795857 -0.831586
0.473482 0.907461
0.552361 0.624557
-0.499075 0.243340
-0.247594 -0.197926
1.377485 -0.353052
0.503953 1.206360
0.485581 0.613954
-0.183659 0.734661
0.154918 0.923030
0.514419 1.048160
0.177699 0.952051
0.252932 1.267827
0.552561 0.578124
-0.213213 1.673571
0.622012 0.992872
-0.213609 0.059596
-0.039214 0.195221
-0.483668 0.395581
-0.009605 0.162960
-0.199483 -0.290544
0.348393 0.804340
0.188342 0.906572
0.552501 0.055673
-0.371199 -0.256851
-0.185617 -0.139716
-0.268096 0.815326
-0.307943 0.301161
-0.312774 0.461893
0.059611 0.096861
0.554817 0.550730
-0.489362 0.152079
-0.305486 -0.385717
-0.259915 0.774707
0.018763 1.644869
-0.222956 -0.398580
0.391250 1.339940
0.232030 1.054354
-0.249725 -0.060935
-0.104198 0.645939
0.142494 1.139596
0.979365 0.065102
-0.448840 0.478210
-0.200608 0.547110
-0.191016 0.680002
0.721962 0.685791
0.734738 0.849092
-0.209987 -0.366999
0.564614 0.515984
0.198523 1.032813
-0.331728 0.132624
0.561217 0.821067
0.526251 0.836478
-0.278352 0.841354
0.590954 0.825129
-0.318894 0.242059
0.697235 0.766606
-0.060261 -0.402298
0.577585 1.158642
0.712340 0.573839
0.419429 1.209772
0.450976 0.908629
0.195340 0.101152
0.632343 0.540946
0.715577 0.648859
0.203045 1.023224
0.195156 1.273887
0.146581 1.180130
-0.483129 0.526690
-0.239410 0.005654
-0.479112 0.290170
-0.178866 0.202023
0.544195 0.772024
-0.473010 0.102635
-0.405906 0.673791
-0.032045 -0.003454
-0.164787 0.732111
0.580802 1.144092
-0.389970 0.749220
-0.231537 -0.282242
-0.174909 -0.072974
-0.276685 0.706010
0.317031 0.664577
-0.161254 -0.143151
0.533880 1.022383
-0.320260 -0.331959
-0.320116 -1.057046
-0.045798 0.658706
1.650999 -0.736202
-0.348121 -0.831756
-0.187761 -0.288546
0.183499 1.034766
-0.214324 -0.387965
-0.185737 0.482557
0.259269 1.142099
0.261764 0.937928
0.396988 1.070296
0.309269 1.367513
-0.458551 0.353803
-0.167528 0.604958
-0.423736 -0.011539
-0.270129 -0.349119
-0.293723 -0.182562
-0.498448 0.567927
0.500791 0.772151
0.208874 0.800702
-0.231536 -1.052092
0.982220 0.173814
-0.292190 0.292353
0.458982 0.998668
-0.372180 -0.328094
-0.330665 0.963702
0.332740 0.681209
-0.251479 0.429416
-0.054342 1.698020
-0.208513 0.310985
2.007791 -0.822431
0.917615 0.429901
-0.143526 0.603946
-0.086589 0.549569
0.265936 1.261215
0.595483 0.738628
0.506960 0.952689
-0.355567 0.204304
-0.291278 0.880235
0.331945 0.955353
-0.339490 0.891211
-0.278189 -0.167992
-0.198283 0.236088
0.320615 0.793572
0.107859 1.466154
-0.148501 0.996849
0.289046 0.706121
0.320250 0.941851
0.257443 1.165298
0.224845 0.761119
-0.186182 0.673742
-0.251325 0.702017
0.314693 0.711758
0.215003 1.104303
-0.427152 0.228326
0.283366 0.972113
0.159251 1.014624
-0.341762 -0.420988
0.499792 1.045090
0.365441 0.745403
0.879993 0.503986
-0.440961 -0.012135
0.194651 0.920955
0.109375 0.042193
0.539687 0.578752
-0.174598 -0.167856
-0.433056 0.579780
-3.524359 0.510541
0.252205 0.985778
0.585079 0.732621
0.258742 0.760238
0.152899 1.119513
-0.166226 -0.141702
-0.389487 0.465109
0.156828 0.821927
0.582486 1.104463
0.305383 0.886454
0.179829 1.149573
-0.198438 -0.403065
0.207444 1.638825
-0.334730 0.786153
0.315742 1.066099
0.659498 1.046027
0.156571 0.879474
-0.266420 -0.329042
0.291061 0.708973
0.121954 1.028182
-0.281550 -0.597631
0.409570 0.947530
0.391718 0.590135
1.742395 -0.358333
0.513754 1.194161
-0.139079 0.748252
-0.155166 0.097544
-0.402168 -0.358699
0.399410 0.788431
0.178692 1.212054
0.402420 1.293299
-0.292876 0.881629
0.156506 0.959459
0.170486 0.837649
0.716859 1.259709
0.354503 0.640425
0.204907 0.752128
-0.361973 0.803181
0.196485 1.225916
-0.176513 0.777022
-0.159091 -0.093496
-0.112215 0.349293
0.701718 0.785101
0.249851 0.905299
0.396029 1.640771
-0.048459 0.422191
-0.007218 1.083628
0.218363 1.299525
0.713479 0.842182
0.478065 0.749615
-0.494161 0.356414
0.429404 1.121953
-0.236426 -0.380169
-0.464567 0.081872
-0.112490 0.247052
1.397031 -0.325045
-0.474398 0.513182
0.703342 0.586728
-0.257479 -0.371785
-0.234657 1.273778
-3.337702 0.366468
-0.464438 0.483888
0.217767 0.590455
0.404202 0.568793
-0.436036 0.193656
-0.166201 -0.266437
0.143107 1.102541
-0.110718 0.520083
-0.323852 0.612203
0.162102 0.973262
0.276506 0.843078
-0.218272 0.598498
0.322055 0.786818
1.796551 -0.736084
-0.221014 0.406678
0.542405 0.382590
-0.038796 0.824688
0.358372 1.268773
-0.145859 -0.132787
0.070680 1.487562
-0.395702 0.569037
0.856099 0.412193
-0.175507 -0.237005
-0.414566 0.727968
0.227258 1.097511
-0.420632 -0.043679
-0.145581 0.643027
-0.367513 1.093231
0.556512 0.957548
-0.045110 0.164283
-0.656548 0.122880
0.474999 1.182101
-0.348938 -0.221161
-0.185632 0.671182
-0.237635 1.911527
-0.115638 0.594277
-0.004472 1.923992
-0.462433 0.546935
0.504885 0.906906
0.289054 1.043115
-0.398025 -0.272474
-0.080092 0.454191
0.166024 1.278099
0.437574 0.598773
0.395193 0.946281
0.325461 1.351607
0.519893 0.563248
-0.060674 1.722760
1.043736 -0.008480
-0.216541 -0.219311
0.095435 0.468086
-0.425196 0.169234
-0.041319 1.418464
-0.432441 0.341161
0.455649 1.027985
0.656774 0.548611
1.775122 -0.484434
-0.259474 -0.420339
-0.371649 0.850925
-0.440706 -0.032613
-0.133235 -0.008779
0.326656 0.719009
-0.398503 -0.010470
-0.100769 0.658284
0.183550 1.260358
-0.571472 0.219673
0.302463 1.105844
-0.423314 0.258707
-0.220350 1.767692
-0.454865 0.584414
2.431172 -1.403015
0.314810 0.687798
-0.482437 -0.038899
1.365831 -0.637221
3.589827 -2.506894
-0.110488 0.712535
-0.473508 0.549349
-0.334112 1.178148
-0.078704 1.648720
-0.396574 -0.588919
0.359686 0.688437
1.092803 0.354937
0.703506 0.875053
-0.095851 0.720850
-0.342441 -0.150819
-0.396545 -0.422219
-0.430452 0.055843
0.168201 1.307812
-0.039567 0.071547
0.151698 0.879493
0.191471 1.317490
0.588034 0.618815
0.236243 1.154833
-0.478775 0.627280
-0.302092 0.484273
0.421214 0.659202
0.522931 0.651817
-0.360675 0.862179
0.290055 1.263426
-0.490607 -0.142405
-0.050248 0.375752
-0.200174 0.815371
0.550494 0.700209
-0.336504 -0.417434
0.299593 0.903737
-0.041003 0.700814
-0.072017 0.599817
0.141101 0.979945
-0.222983 0.816381
-0.264885 0.428617
0.575986 1.100970
1.540991 -0.676428
0.182370 0.769034
0.142211 1.086287
0.436145 0.553484
0.097605 1.557332
0.185998 1.297668
-0.308223 0.797179
-0.075040 0.234480
-0.317225 0.247694
0.160927 1.126836
0.577120 1.008048
0.507515 0.795765
-0.267504 0.158557
0.297691 0.736614
0.544238 0.791054
0.723230 1.185329
0.729201 0.632881
0.328038 0.761580
-0.077169 0.193974
-0.492879 -0.054482
-0.167822 1.661922
1.389667 -0.084706
-0.088486 0.525996
2.562783 -1.678317
0.168456 -0.045637
0.162873 0.803523
0.064269 1.333662
-0.090056 0.994716
-0.206273 0.451043
0.347569 1.059271
-0.553396 0.657760
-0.375570 0.592408
-0.205462 -0.433908
0.399159 1.294429
-0.100766 0.067487
-0.089889 0.105796
-3.229840 0.671109
-0.239226 0.545531
0.672334 0.601486
0.505124 0.620229
0.214859 1.371833
0.374349 0.628323
0.253558 0.813843
0.478383 1.220660
-0.125900 0.650841
0.241383 1.159995
-0.645529 0.380527
0.399945 1.134781
0.247585 1.373629
-0.464796 0.587815
0.193921 1.179803
0.176900 0.854301
0.318687 1.027195
2.418944 -1.443902
0.127964 0.809839
0.331164 1.166210
0.195132 1.222522
-0.266911 -0.076456
-0.061553 0.696571
-0.264685 0.850936
-0.181398 0.756047
-0.429629 0.545344
-0.451131 -0.293597
-0.149042 0.559913
-0.455674 0.184390
-0.447011 0.298474
0.434226 1.313554
0.417355 0.327955
-0.401129 -0.310614
0.424159 1.163641
-0.130289 0.283579
0.293045 1.068571
7.980869 -10.017230
-0.304567 -0.458861
-0.052653 0.731414
-0.266148 0.682628
0.724534 0.482522
0.294359 1.539539
-0.329373 0.872943
-0.318975 -0.458380
-0.275402 -0.124654
0.586794 1.107434
0.146759 0.774532
0.465635 0.648887
-0.066000 0.169677
0.057681 0.969132
-0.303962 -0.499735
-0.332645 0.723022
0.076084 0.981742
0.492511 0.519704
-0.050128 0.657322
-0.236776 -0.218688
6.045821 -7.206361
-0.279128 0.397815
0.734409 0.528259
-0.434490 1.966334
0.116221 0.939597
-0.385848 -0.111609
1.891675 -0.813490
0.138059 1.340122
-0.088111 0.041454
-0.269551 -0.998334
0.141054 0.781238
1.047835 0.255543
0.358186 0.886400
0.758756 0.933238
0.440456 1.240774
0.525869 1.098220
1.303075 -0.019963
-0.092248 0.552369
0.196639 1.244495
0.264500 0.854457
0.160382 0.951310
-0.359925 -0.202817
-0.084384 1.326123
-0.302282 -1.256561
-0.306023 0.459853
0.114803 0.839640
0.680809 1.261277
0.616734 0.873297
-0.062418 0.672432
0.911337 0.568650
0.093283 0.919358
0.072835 0.832310
-0.261312 -0.287973
0.997251 0.587047
-0.347349 -0.192426
0.087591 1.118092
-0.176012 -0.015040
-0.467111 0.065405
-0.456353 0.614756
-0.357153 0.881008
0.370627 0.636933
0.284284 1.336731
0.119792 1.058126
-0.402856 0.319388
-3.330030 0.894987
0.247960 0.716682
-0.494688 0.331502
0.352740 1.018145
-0.311182 1.887958
0.110269 0.999512
0.111524 0.861311
0.216940 1.376563
0.370991 0.380340
0.390779 0.661716
0.222415 1.397109
0.583291 1.077208
-0.261099 -0.425257
0.229030 0.696008
-0.326290 -0.241012
-0.154786 0.480561
0.068806 0.903867
-0.305207 0.385992
0.070050 0.796492
0.065944 0.793436
0.603613 0.633865
-0.471347 0.458097
-0.275006 0.653267
0.575579 0.630974
-0.084568 -0.802425
0.339245 1.070416
-0.230599 -0.141202
0.086842 0.847949
0.176792 1.126501
0.685316 0.812466
-0.418852 0.015504
-0.307003 -0.157646
-0.109500 0.683167
0.228097 0.662649
1.069623 -0.124503
0.075713 1.028461
-0.368367 -0.407736
-0.463599 -0.092094
0.417609 0.748601
0.670021 0.583663
-0.497160 1.085728
0.219227 0.998979
0.333243 0.667059
0.862562 0.174666
-0.372321 -0.384626
-0.380177 1.705311
-0.258773 0.175480
0.070478 0.802393
0.256646 1.151718
-0.410566 0.071925
0.122577 1.057920
0.120003 1.264779
-0.477800 0.510463
-0.320429 -0.482689
-0.495914 1.676858
-0.244352 -0.896325
-0.088456 0.585004
-0.250506 1.467517
-0.300321 0.304078
0.742001 0.652398
0.952843 1.089484
0.347164 0.559005
1.012926 0.657880
-0.045232 -0.594521
0.213127 0.902731
-0.437045 -0.117086
-0.326004 0.770494
-0.319224 0.101238
0.100061 1.167056
-0.640790 1.094782
0.498350 0.577764
0.661209 0.464518
1.793019 -0.696801
-0.507355 0.229599
0.464023 1.215054
-0.477101 0.286704
-0.211830 0.865664
-0.471825 0.010671
0.228043 0.677281
0.488119 1.297692
0.670429 0.868537
0.863753 0.596202
0.685516 0.485545
-0.423314 1.811317
0.658885 0.429540
0.686964 0.619732
0.402050 0.926207
-0.047690 0.289992
-0.333015 0.677543
0.376366 1.223672
0.389747 0.996566
0.099252 1.151224
0.664811 0.565739
0.097212 0.913495
0.452697 1.280458
0.528150 0.849446
0.204054 1.307710
-0.606640 0.491543
0.041544 0.684856
0.342713 1.041515
-0.103290 0.714284
0.099797 1.052010
0.144398 0.776682
0.151833 0.720397
-0.043498 0.058464
0.636931 0.770750
2.074457 -0.967616
0.294766 0.825529
-0.148945 0.655115
0.639030 0.240884
-0.187204 0.071500
0.281481 1.416557
0.098820 0.782788
1.374908 -0.514412
-0.174758 0.513605
0.189340 1.089683
0.573130 1.152065
-0.379109 0.571962
0.322132 0.698783
0.726191 0.296704
0.651133 1.012933
0.131543 1.144037
0.022541 0.033153
-0.065251 0.355994
-0.209170 -0.439704
0.149919 0.692560
-0.353875 -0.296526
0.459583 0.545501
-0.307851 0.494339
-0.091012 0.804914
-0.062289 0.695109
0.773612 0.642505
-0.537767 1.123377
0.588206 0.953024
0.674428 0.474570
-0.143714 1.027139
-0.092134 0.653557
0.432364 0.776839
0.481673 0.275083
-0.048484 0.788327
0.517103 0.948890
-0.134555 -0.126492
-0.192191 -0.335326
0.672918 0.911462
-0.034549 0.676273
-0.272043 -0.729299
-0.293593 -0.033035
0.560532 0.795003
0.644791 0.859479
0.276456 1.142749
0.389019 1.224512
0.119623 1.039620
-0.039759 0.814577
0.299196 1.343810
-0.300166 0.960274
-0.005440 0.708135
-0.451835 0.579656
1.210941 -0.247720
0.058315 0.774019
0.636599 0.502996
-0.425174 0.592000
-0.164382 0.604184
0.568031 1.207881
-0.645627 0.880575
-0.192592 0.342604
0.415300 1.243012
0.495526 0.666815
0.705661 0.438900
0.695376 0.667863
-0.332128 0.949032
2.279649 -1.574632
-0.286523 -0.378906
-0.163641 1.351431
0.599128 0.602154
-0.570651 0.837959
0.345846 0.586868
0.616486 0.456881
0.210966 0.722919
-0.082069 0.025360
-0.165536 0.681505
-0.282829 0.880271
0.310361 0.898377
-0.137785 -0.339779
-0.475330 -0.062964
-0.079717 0.146332
4.201241 -4.157941
-0.203938 -0.562099
-0.022269 0.796974
-0.310848 -0.196806
-0.030926 0.638083
-0.528763 1.452859
1.602233 -0.351836
0.109137 0.925297
0.370314 0.900484
0.166320 1.261981
-0.075347 -0.928279
-0.230676 -0.124028
0.999368 0.697852
-0.020584 0.582788
-0.475428 0.286007
-0.284195 0.226767
0.219166 1.432767
0.513060 0.650302
0.077565 0.938136
-0.225880 -0.065173
0.045558 1.199691
-0.339565 -0.342260
0.494462 0.513325
-0.112843 0.276705
0.349729 1.267375
-0.318466 0.012790
0.508178 1.257968
0.706445 0.953003
0.162308 1.328088
-0.289164 0.240932
0.176224 1.429133
-0.413859 -0.265734
0.762083 0.537977
-0.083333 -0.406529
-0.045022 0.517162
0.295028 0.603769
-0.269907 0.953789
0.362927 1.289715
0.640844 0.809991
0.789199 0.548517
-0.130730 -0.295962
-0.093724 -0.014400
-0.018170 0.806579
0.304057 0.818861
0.301293 1.073831
-0.066236 0.762526
-0.276133 0.186540
0.626238 -0.021971
-0.305400 0.175579
0.416967 1.014968
-0.269630 0.156060
-0.106987 1.813302
-0.018454 0.838944
0.823580 0.159751
-0.295406 0.151847
0.662130 1.260081
0.717156 0.878182
0.094586 0.623863
0.223908 0.719769
-0.035159 0.872851
1.824999 -0.806341
-0.042815 0.780866
-0.457140 0.247087
-0.435772 -0.690283
1.928187 -0.826917
0.052745 1.026064
-0.278237 0.277343
0.083475 0.617456
0.063777 0.720172
-0.451793 0.844839
0.410222 0.806037
0.100283 0.284286
0.709007 0.565316
-0.281063 1.294173
0.091286 1.446531
0.026203 0.833797
-0.335570 -0.425771
0.642714 1.097843
0.511307 1.248533
0.069628 0.621784
0.146684 1.102030
-0.194467 -0.563487
-0.266296 0.738915
-0.153816 0.611250
0.451718 0.271698
0.610609 0.572776
-0.152104 -0.105300
-0.042190 0.131914
2.529672 -1.658893
-0.601672 0.775908
-0.049025 0.022758
1.437093 -0.537479
0.524445 0.453968
-0.456945 0.692029
-0.077861 -0.013746
-0.395438 -0.170047
-0.474646 0.723608
0.352289 1.425367
1.842107 -0.507700
1.096364 0.006206
-0.269924 0.964744
0.092737 1.249596
0.082078 1.063638
-0.052648 0.056021
0.079348 0.620394
-0.277407 0.178391
-0.450203 0.563725
0.074886 1.167710
0.170219 0.771122
-0.124251 0.873088
0.500400 0.810955
0.332148 0.761395
-0.325697 0.704019
-0.355264 -0.106157
-0.012809 0.748738
0.776576 0.488272
0.125571 1.183445
-0.139748 -0.271611
0.028035 0.936602
0.730001 0.281601
0.194426 0.972784
-0.002932 0.546374
-0.099249 0.509122
0.823649 1.317199
-0.488599 -0.249383
-0.321856 0.230224
-0.306801 0.206189
0.463791 0.129176
-0.431044 0.115831
-0.229289 -0.309688
0.141936 1.624288
-0.441907 1.302565
-0.180457 0.696513
0.097767 1.207585
-0.272616 0.338293
0.004907 0.927947
-0.027704 0.470398
0.212037 0.293674
-0.336321 0.856652
-0.140650 -0.177326
-0.175306 0.012921
-0.448464 -0.225336
-0.201129 0.696369
0.465411 0.669877
-0.012090 0.072732
-0.467409 -0.732058
-0.256968 0.207081
-0.330895 0.171838
-0.187474 0.755274
3.391287 -2.474844
-0.010400 1.774687
0.612297 0.703285
0.016074 0.642905
0.120206 0.904054
0.078874 0.696355
0.263003 0.807580
0.121493 1.257519
0.707179 0.826064
0.940439 0.715237
-0.394477 0.220357
0.034931 0.789651
-0.324456 0.162655
-0.484911 1.727486
0.132788 1.300462
-0.430569 0.292742
0.365910 1.372922
0.056860 -1.372500
-0.233199 0.269352
-0.298065 1.972199
1.045940 0.464042
0.177465 0.598429
-0.449440 -0.158874
-0.480375 0.666518
-0.417821 0.156903
0.368400 1.351914
-0.439316 -0.123564
0.072959 0.750142
-0.242333 0.895808
1.332946 0.257565
0.288608 1.183414
0.287441 0.980647
-0.341364 0.279733
0.117719 1.247327
-0.011682 1.309135
-0.497177 -0.019783
0.517088 0.431920
-0.289504 0.060208
0.600419 0.947785
0.230251 0.632602
0.520918 0.469574
0.367263 1.309026
-0.003808 1.003707
0.337770 1.547734
-0.325937 0.018150
0.421444 1.257111
-0.321898 0.151527
-0.232102 -1.126861
0.064909 0.593619
-0.015629 0.914758
0.631345 0.973041
0.341677 0.801826
-0.356630 0.461647
-0.174946 1.106406
0.139404 1.399163
-0.374620 0.844096
-0.309637 0.136641
-0.426787 0.002042
-0.011051 0.574017
0.241447 1.242369
0.780095 0.433750
-0.006117 0.877009
-0.357004 -0.423961
-0.365484 0.952001
-0.306996 0.217848
-0.017172 0.998498
0.496207 1.875962
-0.416980 -0.012403
-0.498326 -0.191963
-0.262398 0.415149
-0.448087 0.776606
-0.317944 0.329612
-0.191479 0.139792
-0.135687 0.842421
0.260255 0.626862
-0.017040 0.674065
-0.345285 0.240189
-0.331894 0.131965
3.212724 -2.614079
-0.470584 0.450105
-0.321759 0.231687
0.201863 1.132982
-0.303054 0.748854
0.238346 0.685807
-0.441978 0.392099
0.012602 0.975346
0.672905 0.435877
0.214118 0.606343
-0.301910 -0.576992
-0.279289 0.799964
-0.305522 -0.537054
-0.468194 0.102487
0.145462 1.579061
-0.019964 1.817912
-0.093003 0.852186
-0.241835 -0.518707
-0.480301 0.766205
-0.098616 0.092373
1.382084 -0.318141
-0.036378 0.802395
1.873216 -0.612357
-0.218278 0.794796
0.088371 0.660289
0.038517 0.942196
1.035108 0.252778
1.773010 -1.021189
2.098329 -0.612206
-0.283738 -0.512169
0.693378 0.958057
-0.376576 0.963608
0.032567 0.580563
-0.246671 0.812831
-0.279923 0.600115
-0.467972 -0.190083
-0.232398 -0.925174
-0.310443 0.203997
-0.325239 -0.503476
0.696753 0.736567
0.091404 1.287225
0.146176 1.184092
0.319319 1.367379
-0.322603 -0.547671
0.799648 0.496443
-0.232618 -0.647487
-0.010043 0.263704
-0.196509 0.678895
-0.279325 0.830184
-0.161258 1.653146
-0.650803 0.510070
-0.434878 0.204201
-0.369966 0.601389
0.339692 0.825122
-0.261889 1.124924
3.134408 -2.696133
0.477821 0.670652
0.251360 1.147512
0.125416 1.236611
0.146709 1.121472
-0.084361 -0.030728
0.715734 0.624048
0.244706 1.235658
0.744150 0.617172
-0.462954 -0.377280
0.890075 0.053298
0.376002 0.667579
0.530953 0.522709
-1.615216 2.599370
0.559894 1.149307
0.224032 1.349519
0.222337 0.230483
0.952413 0.275231
-0.353264 1.614212
1.159011 -0.183020
-0.068297 0.356033
0.423612 0.642881
0.397742 0.848836
0.109817 1.328770
0.448377 0.279121
-0.165072 -0.411213
0.338222 0.907952
0.407885 0.884315
0.011510 0.969885
-0.055893 0.134005
0.115640 0.830551
-0.403527 0.864626
0.046171 0.700961
-0.379594 -0.751610
-0.442564 0.627451
-0.454555 0.026874
0.425030 0.525432
0.418591 0.621041
-0.115483 0.825782
0.168705 1.182218
-0.072979 0.608540
-0.328523 0.124863
-0.291985 -0.569711
-0.321224 1.893341
-0.030462 0.784014
0.536608 1.339468
-0.253578 -0.498106
0.092636 1.623848
2.106113 -0.851862
-0.056582 -0.079500
-0.430655 -0.249417
-0.281463 0.368162
-0.414965 0.626686
0.520996 1.041679
-0.131064 -0.138265
0.228710 0.645240
-0.282840 -0.498183
0.124994 1.049705
-0.023268 0.275794
-0.289294 0.133802
1.757354 -1.035466
-0.341259 -0.507016
0.664637 0.143960
0.773426 0.707496
0.147644 0.929819
-0.514722 0.798082
0.293870 0.122898
0.116817 1.131023
-0.077740 0.053636
0.011542 0.788061
0.085191 1.231843
0.356528 0.273182
-0.552608 -0.158830
0.213882 1.490155
-0.493594 -0.802190
-0.434503 0.572143
-0.106106 0.530701
0.447423 0.799996
0.206847 1.582442
-0.298338 -0.158492
1.365227 -1.042048
0.393328 1.091496
0.703050 1.030416
-0.295650 0.018738
-0.183925 0.711945
-0.357623 0.028196
-0.110375 0.465882
0.314657 0.962056
-0.498708 1.606076
-0.166996 0.960961
0.717052 0.989897
-0.368584 -0.336999
-0.326927 0.099857
0.632156 1.157906
3.056228 -1.128926
0.387414 1.217365
-3.398776 0.957293
0.344459 0.782369
-0.023882 0.480722
0.133055 1.085982
0.421790 0.519781
-0.288672 0.190882
-0.409123 -0.447173
0.264601 0.865532
0.462676 0.453869
-0.382308 -0.674445
0.619810 1.171574
-0.476122 -0.079785
-0.137746 0.945108
0.486195 0.442961
-0.614940 0.966912
0.094940 0.740308
0.619178 0.277833
0.458062 1.095263
-0.194715 0.913740
-0.470742 0.826812
0.489269 0.472756
0.378167 0.159992
0.176463 0.749022
0.396698 0.605344
-0.177974 0.311651
2.509612 -2.095057
0.706263 1.042690
0.216233 0.780875
0.188179 1.393193
-0.064802 -0.019843
0.647150 0.789382
0.257661 0.702782
-0.237205 -0.546656
-0.334341 -0.259140
0.656362 0.223831
-0.542882 0.579745
0.114539 0.939428
0.305688 0.127493
0.711214 1.034582
-0.076509 0.782938
-0.379495 -0.077896
0.893578 0.442705
0.003934 -0.086701
0.342975 0.563275
-0.111149 0.636851
-0.472034 -0.207843
-0.350748 0.197545
0.055682 1.298008
-0.273588 0.079189
-0.103113 0.204420
-0.223017 0.204278
-0.235185 -0.934264
-0.046830 0.891521
-0.295952 1.024749
1.731128 -0.927277
-0.023669 1.158800
0.424836 1.345401
1.076557 0.092980
0.018647 1.013909
0.318631 0.551127
-0.277940 0.341459
0.205116 1.758223
-0.281691 1.897225
-0.110538 0.148320
0.316984 0.756511
0.398657 0.727129
0.478288 0.480431
0.069961 1.194755
0.362839 1.325992
0.797348 0.511624
-0.491250 -0.675840
-0.104646 -0.852675
0.883753 0.432055
-0.132829 -0.411833
-0.304164 0.579767
-0.586913 0.871575
-0.364545 0.123717
0.219668 1.318105
0.707626 0.901708
-0.357394 0.807042
-0.453207 -0.341780
-0.089535 1.092041
-0.498006 0.875122
0.538120 0.973061
-0.096617 0.509404
1.950413 -0.532220
2.051695 -1.323462
0.379429 0.040544
-0.434233 0.784986
-0.227426 0.236846
-0.330804 -0.630497
0.296734 0.522367
0.122884 0.579482
-0.036082 1.938592
-0.453756 1.779077
-0.436488 -0.087141
-0.139135 0.701462
-0.102879 2.230008
-0.021157 1.285791
0.375608 0.880871
0.462227 1.171502
-0.360655 0.143009
0.650063 0.688440
0.263721 0.839165
0.213027 0.603653
-0.110135 -0.009419
0.020028 1.113535
-0.243162 0.820721
-0.235018 0.331318
0.666858 0.995358
-0.396357 1.153342
-0.172304 -0.389311
0.284475 1.321181
-0.197994 0.218558
-0.048306 0.937359
-0.398203 1.426393
0.410323 0.806029
-0.217615 0.156939
-0.434011 1.734112
0.293041 0.592467
0.522506 1.225744
0.620666 1.159460
0.484583 1.609039
-0.486933 1.432693
-0.171299 1.031175
0.549134 1.411577
0.395373 1.569532
0.361138 1.373799
0.321910 1.450323
0.692621 0.374999
-0.358179 -0.448850
-0.457284 0.792266
-0.451963 0.694960
-0.235428 -0.498068
0.412278 0.692356
0.459293 0.153500
0.631257 0.354901
-0.100088 0.592872
0.399523 0.546005
-0.174619 1.688801
0.298264 1.442631
0.497428 1.144863
-0.290192 1.479481
-0.410153 -0.762014
-0.120524 0.635918
0.946989 0.296863
-0.050340 0.422484
-0.295750 -0.041680
-0.353527 -0.122989
-0.742732 1.244335
0.330559 0.828201
-0.646848 0.071201
0.534269 0.213031
0.229947 0.813155
-0.457192 0.830833
7.550594 -8.724937
0.602134 0.501607
-0.481840 -0.225601
0.148079 0.972996
-0.330126 -0.609101
-0.295040 1.134644
-0.289960 0.775820
-0.426974 0.524187
0.301535 0.586136
0.176156 1.234812
-0.202182 -0.502464
-0.026307 1.622430
-0.459014 -0.112257
-0.430209 0.598546
-0.170201 1.169269
0.526486 1.304986
1.617777 -0.365566
0.509275 1.025298
0.098150 1.258066
-0.191656 0.842998
0.157966 1.495099
-0.436856 -0.422348
-0.481171 0.781240
-0.505957 -0.192074
-0.468630 -0.377428
-0.064792 -0.176308
0.017847 0.850176
-0.100857 0.110202
0.383697 0.732038
-0.404500 -0.270193
1.653294 -0.513864
-0.273070 0.442900
0.069078 -1.295419
0.357973 0.563681
1.412870 -0.034821
0.153465 1.099815
-0.378832 1.034519
1.556656 -0.905924
3.059730 -1.792361
-0.098058 0.699269
-0.012017 0.725844
-0.269083 -0.234408
-0.357039 1.047082
-0.168872 1.730347
-0.047648 0.826371
0.576654 0.387159
1.621911 -0.289975
-0.055000 1.841615
-0.326805 0.978754
0.559165 1.490175
-0.255680 0.701320
0.255672 0.689900
0.444285 0.497265
0.468247 1.265614
0.103147 0.863462
0.124332 1.269792
0.324520 1.291254
-0.338486 1.072410
-0.000640 0.149183
0.279460 0.846745
0.012606 0.218624
-0.452943 -0.413182
-0.297262 0.560412
-0.433126 0.647680
-0.349005 0.865052
-0.411601 1.770727
-0.032176 0.686128
1.111500 0.013135
0.169240 0.779519
0.159608 0.913828
-0.242387 -0.696180
2.091560 -0.685353
-0.085515 1.859350
0.729388 1.028677
-0.576015 0.067604
-0.009147 1.226555
1.077417 0.061915
0.062221 0.988976
0.256600 0.862597
0.337605 1.310661
-0.219698 0.857390
-0.207957 0.534029
0.061076 -0.131089
-0.115369 0.426396
0.639371 0.501937
-0.043237 -1.032581
0.373639 0.476000
0.708818 0.401238
-0.389420 0.890475
1.891114 -0.575087
-0.364044 -0.101838
0.315685 0.502748
0.364581 1.797907
-0.425666 -0.309841
0.454149 0.494821
1.958162 -0.591122
0.195314 0.795755
0.269337 0.172046
0.159038 1.294283
-0.269749 -0.474129
-0.324944 -0.600212
-2.998593 0.655297
0.713916 1.112168
0.920220 0.780258
-0.366779 0.140464
0.161642 1.153014
-0.493417 0.907517
-0.205331 0.102236
0.680577 0.989810
0.730510 1.487535
0.091194 0.534498
1.435075 -0.018019
1.118342 -0.278136
0.081205 1.199452
0.427116 1.436455
0.511847 0.467307
-0.426849 -0.306131
0.169345 0.931844
0.845921 1.115569
0.826284 0.701424
0.274672 1.014979
-0.082047 0.411087
0.375597 0.609577
0.322670 0.468395
0.405414 1.340263
-0.257404 0.265929
0.481623 0.359411
-0.016752 1.144114
-0.115231 0.888470
-0.378046 1.444419
-0.003045 0.274318
0.599365 0.346220
-0.145492 0.495186
-3.691181 0.470262
0.534941 0.509935
-0.485192 -0.387812
-0.257027 -0.151126
0.280730 0.434714
0.935102 0.846824
-0.040398 -0.219317
0.732873 0.336687
0.018276 1.278643
-0.187875 0.698681
-0.498954 -0.332140
0.497428 0.356244
-0.478834 0.390017
-0.397723 0.263869
-0.352581 0.654400
0.045863 0.398449
0.179657 0.819828
-0.284452 0.838444
0.991674 0.641402
-0.091743 -0.532977
-0.259085 -0.046309
-0.546533 0.325342
-0.650528 0.571852
0.829643 1.198570
0.439002 0.127482
0.220256 0.594355
-0.409991 -0.873167
0.524082 0.637037
0.762074 0.270726
-0.576620 -0.016232
0.094079 1.248527
-0.405888 -0.481783
1.389414 -0.725293
0.101036 0.423343
0.727478 1.097782
0.242690 0.130523
-0.552819 0.650705
-0.479884 0.761529
-0.002182 0.077797
-0.474449 0.704659
0.003204 1.117628
-0.145817 1.021876
0.474106 0.525253
-0.455459 -0.911157
-0.459728 0.991578
-0.077743 0.529576
0.113241 0.502309
-0.073745 -0.071488
-0.450962 -0.476392
-0.445722 0.356191
-2.766258 0.531599
0.685385 -0.140644
1.497717 -0.701206
-0.179403 1.824113
0.464242 1.344469
1.043747 0.110152
0.317655 0.724939
0.388534 0.290661
0.551839 0.301848
0.239028 1.710872
0.583563 1.372920
-0.123419 0.878901
-0.214787 -0.588746
1.380096 -0.727712
0.066029 -0.101969
0.523007 1.319811
0.038228 0.016683
-0.016039 1.566304
0.595170 0.273468
-0.453320 1.033563
7.541570 -8.517460
-0.463045 0.471282
4.831004 -5.350531
-0.413230 1.568817
0.267542 0.713049
1.744063 -1.072370
-0.451161 0.019613
0.464523 0.457944
0.256550 0.623912
0.104329 0.365980
0.071331 1.872236
-0.258734 1.372685
0.700427 1.147885
0.030730 -0.292485
-0.507773 0.459443
0.350730 0.459047
0.023845 0.498284
-0.047455 0.610770
-0.418805 0.380018
0.642807 1.485051
0.019640 1.103938
0.549087 1.204630
0.558785 1.111725
0.715385 1.193875
0.611094 1.300132
0.013635 0.191840
3.812800 -3.482166
0.157426 0.782078
-0.189094 0.779529
-0.477286 -0.225661
-0.456331 1.464518
0.753279 0.972247
0.423997 0.416666
-0.217574 0.322525
0.071247 -0.432035
0.880130 -0.189845
-0.492417 -0.514642
-0.570448 1.320608
-0.463850 -0.979615
-0.171708 -0.396071
0.800762 1.152548
0.547189 0.954960
0.158976 1.544551
1.964610 -0.550063
0.074863 -1.653650
-2.761156 0.319091
0.121639 0.747777
-0.023387 0.663824
-0.036610 -0.081178
-0.565890 1.593134
0.027714 0.141565
-0.077941 0.615723
-0.029769 0.102933
0.235500 0.335373
0.233954 1.912518
0.095328 0.161876
-0.386527 -1.097103
1.033458 1.034924
-0.805692 0.282457
-0.098367 0.321694
0.050101 0.089099
0.035077 -0.104684
-0.108538 -0.397505
0.700174 1.566227
0.465516 0.389654
1.098091 0.333080
0.035885 -0.804679
0.049295 0.186806
0.061289 0.001274
0.092702 1.365791
0.404958 0.483398
-0.131014 -0.612169
0.821562 1.035739
-0.460054 0.565188
0.048420 0.047962
-0.393575 -1.231380
-0.189785 0.120945
-5.334344 -0.192488
0.255350 0.289392
1.431865 -0.919758
0.329988 -0.120800
-3.052186 1.523183
