-7.038173 8.538244
-7.008277 8.507843
3.170207 -7.825776
2.992152 -7.701505
-6.848660 8.675270
-6.899554 8.706616
2.600873 -7.088784
2.843072 -7.214375
-7.032694 9.010719
-7.005212 9.057747
-15.782187 -5.898242
-17.898529 -6.657574
-15.430263 -10.237544
-6.995484 9.288475
-6.757390 9.352362
-7.090121 8.831015
-7.031948 8.818871
-7.056113 8.835026
-7.071278 9.143034
-7.078420 9.147763
-7.066602 9.157141
-7.084362 9.132189
-7.111764 9.188290
1.389695 -4.996773
1.785426 -4.870410
-7.279556 8.400782
-7.051604 8.430514
-6.999929 8.239161
3.620889 -8.871627
3.589575 -9.102501
-7.072948 8.019060
-7.290661 8.106440
-7.077152 8.365456
-7.161012 8.351343
-6.850035 8.755782
-6.910202 8.758307
-7.108945 8.481158
-7.048703 8.505429
-6.876755 8.853218
-6.967941 8.809154
-6.939391 8.920224
2.522619 -6.422492
2.526515 -6.511477
2.588866 -6.667192
-7.270392 8.659407
-7.234473 8.755301
-7.300616 8.639153
-7.247270 8.636019
-7.229123 8.702316
0.947375 -3.291685
0.754452 -3.358886
0.753249 -3.463349
-6.759558 8.277821
-6.748752 8.190093
-6.858752 8.223104
-6.882527 8.690177
-6.857576 8.740973
-7.048135 8.576892
-7.132096 8.610232
-7.219793 8.940664
-7.154076 9.019659
-7.213725 9.024935
-7.078360 9.175012
-7.187168 9.332690
-7.159187 8.679126
-7.231823 8.756845
-7.178552 8.668412
-7.180589 8.673509
-6.860388 8.634560
-6.983340 8.765716
2.132040 -4.935690
2.898536 -4.194540
-6.915055 8.020599
-6.822242 7.888546
-7.187332 9.004518
-7.227199 9.084388
-7.237200 8.898668
-7.155122 8.798100
3.605528 -8.986957
3.623563 -8.925587
-7.019775 9.008420
-7.057187 8.990388
-7.140384 8.981419
1.921402 -4.735271
1.604327 -4.487139
-7.320228 7.537438
-7.301083 7.375686
-6.995519 8.928850
-6.881267 8.784880
-6.918520 8.872073
-7.183629 8.862198
-7.162968 8.832770
4.682019 -10.868093
4.705554 -10.589954
-7.044770 9.194136
-7.059047 9.196383
-7.252393 8.745314
-7.212267 8.752492
-7.031252 8.619386
-7.081351 8.589095
-7.058671 8.559137
-7.030093 9.064296
-7.109154 9.063619
-7.235342 8.764721
-7.280941 8.674994
-7.223155 8.757761
-7.098236 8.743931
-7.077758 8.659559
2.735414 -7.465166
2.640893 -7.341777
-7.045860 8.608071
-7.025569 8.617768
-7.483739 9.004421
-7.416550 8.869781
-6.935173 8.778111
-6.879565 8.765804
-6.866440 9.026928
-6.993360 8.950235
-7.177284 9.029744
-7.195171 8.965374
-6.854267 9.068679
-6.905958 9.072320
-7.127215 9.190934
-7.101677 9.198259
-7.522405 8.727334
-7.598976 8.661385
-7.234801 8.772110
-7.247414 8.692494
-7.092072 8.634251
-7.014889 8.651853
-6.966796 9.087929
-6.868083 8.950212
-6.897630 9.054389
2.068794 -6.094194
2.096000 -6.338145
2.146526 -6.111457
2.774029 -7.615165
2.643432 -7.487672
2.870020 -7.469085
-6.953705 8.954631
-6.933222 9.074650
-6.939193 8.668854
-6.915177 8.669839
-7.019160 9.234732
-7.052341 9.162234
-7.094370 9.212107
-7.107249 8.554092
-7.074817 8.501348
-7.223292 8.693878
-7.214802 8.684947
-7.095494 8.834799
-7.017536 8.898965
-7.066470 8.820411
2.146242 -6.620058
2.219079 -6.438335
2.575920 -7.299220
2.569099 -7.187833
-6.973161 8.752539
-6.880140 8.684958
-6.989638 8.912648
-6.931694 8.931877
-6.923847 9.075345
-6.864240 9.009726
-6.967494 9.046869
-6.295172 8.204099
-6.349544 8.209854
-6.481607 8.217891
-7.205294 8.072032
-7.236896 8.120400
1.666559 -5.543193
1.778977 -5.509184
-7.062550 9.020082
-7.070397 8.954719
-7.096156 8.992994
-7.175761 8.979721
-7.212791 8.944996
-7.009240 9.132643
-7.075208 9.134043
-7.157199 8.981665
-7.215573 8.946782
-7.184634 9.025563
-6.869648 9.018702
-6.844698 9.001439
-7.153688 8.757550
-7.247774 8.779811
-7.254970 8.728370
0.900944 -3.159702
1.336809 -3.495065
-7.038630 8.492590
-7.037357 8.550983
-7.078645 8.508290
-7.080222 8.689078
-7.074225 8.758866
-7.148452 8.846641
-7.144177 8.847148
-7.018956 8.547316
-7.059191 8.533126
-6.525953 7.650691
-6.664098 7.565115
-7.283592 9.559672
-7.137417 9.686440
5.062599 -10.944386
4.697442 -10.512433
-6.848164 8.698710
-6.923267 8.660246
-7.289873 8.832723
-7.286738 8.909867
-7.047430 8.761936
-7.137476 8.630059
-6.872260 8.939930
-6.938210 8.992740
-6.915138 9.040663
-6.970457 8.811460
-6.976225 8.798940
3.154012 -6.901656
2.804586 -6.930638
-7.190043 8.679700
-7.188424 8.651710
1.369194 -7.145319
1.682684 -7.025150
-6.899516 8.644240
-6.899590 8.732649
3.789188 -8.546847
3.747920 -8.778427
-7.201131 9.062968
-7.151695 8.990869
3.328917 -7.329410
3.396435 -7.636194
-7.035349 9.117508
-7.079044 9.097297
-7.190784 8.945594
-7.221840 9.039524
-6.730442 8.935750
-6.846420 8.918980
-7.098321 8.508739
-7.123645 8.508463
-7.265148 8.904859
-7.262155 8.904361
1.794257 -5.824265
1.969351 -5.930434
-7.067633 9.158177
-7.020167 9.117833
-6.962542 8.483562
-6.802369 8.684042
-7.154991 8.759726
-7.197538 8.714716
-6.899808 8.699534
-6.878845 8.693360
-6.980101 8.635778
-7.150172 9.031381
-7.028941 9.025941
-6.845836 9.046814
-6.965816 9.087739
-6.871895 9.040617
-6.984511 9.012212
-7.177593 8.530431
-7.236392 8.625876
-7.330700 8.716814
-7.359844 8.761539
-6.216662 7.615171
-6.482782 7.543953
-7.024649 9.060928
-7.109988 9.087632
-7.068963 8.749939
-7.027639 8.646269
-7.003368 9.132463
-7.055151 9.215762
-7.012878 8.478419
-7.135924 8.559076
2.411150 -6.988400
2.317231 -7.105820
-6.903816 8.819177
-6.960509 8.845102
-6.845246 9.029342
-6.991903 9.002707
-7.217109 8.973094
-7.236441 9.079062
2.006997 -6.707244
2.027202 -6.939466
3.143163 -7.433874
2.903866 -7.356496
-6.932577 8.683885
-6.944918 8.664374
-6.943531 9.429725
-6.913320 9.506814
1.865330 -6.137778
1.863173 -6.348098
-7.014775 7.966718
-7.166245 8.055063
0.729371 -3.882110
0.571048 -4.129318
0.852670 -6.053485
1.064184 -5.847881
2.758339 -7.105386
2.876724 -7.193213
-7.554837 8.769271
-7.392798 8.781245
2.724955 -7.160835
2.615877 -7.173461
-7.017031 8.510956
-7.082813 8.580422
2.035106 -5.920870
2.258278 -5.966510
-7.160425 8.815318
-7.220120 8.862829
-6.359986 7.814755
-6.507694 7.657024
-7.222315 8.792847
-7.180979 8.816021
-7.163604 8.696442
-7.252948 8.709588
1.556604 -5.457410
1.502876 -5.745671
-6.951096 8.903738
-6.995234 8.934230
1.657699 -5.572650
1.480796 -5.520806
-7.204344 8.759636
-7.302056 8.736280
-7.269002 8.119861
-7.084049 7.874668
3.270539 -8.036895
3.520575 -8.213867
-7.088525 8.590949
-7.066248 8.625505
-7.098314 9.159165
-7.062924 9.156512
-7.392478 9.029844
-7.608502 8.855350
1.840012 -5.600917
-6.740028 9.564287
-6.731072 9.401723
2.648953 -6.714255
2.625841 -6.853695
0.017548 -2.321885
-0.239327 -2.911426
-6.954947 8.997062
-6.842403 8.969106
-6.956607 8.699488
-6.898066 8.642021
2.530514 -7.153939
2.371002 -7.210180
-7.262147 8.997912
-7.269318 9.031275
-6.884370 8.868628
-6.880630 8.841189
-7.051578 8.715367
-7.057682 8.668409
-6.843749 9.022172
-6.902869 8.936190
2.496358 -6.260907
2.379384 -6.142906
3.886384 -9.275748
4.056849 -9.386958
-7.146381 8.835129
-7.098671 8.808699
-7.124737 8.939923
-7.117596 8.987298
-6.991014 8.673131
-6.910593 8.729971
-6.866673 8.476358
-6.940008 8.529058
-7.077624 8.656735
-6.981574 8.624724
-6.870262 8.546002
3.775929 -8.866543
3.584780 -9.156118
-6.860302 8.520952
-6.984119 8.516827
-7.063905 9.099115
-7.116902 9.125043
-6.859553 8.562149
-6.934622 8.556431
-7.145241 9.624285
-7.187221 9.415615
1.384608 -5.252700
1.517073 -5.367502
-6.822767 9.510511
-6.691408 9.675653
2.457585 -6.272326
2.563245 -6.277662
-6.873446 8.569479
-6.986809 8.575296
-6.934183 8.477693
-6.941379 8.519863
2.470353 -6.497827
2.287045 -6.426930
-7.287462 9.056917
-7.290946 9.047050
-6.923983 8.570457
-6.902851 8.543072
3.030823 -7.745823
3.187112 -7.886281
2.353567 -6.405664
2.437353 -6.439336
-6.864632 8.519135
-6.974335 8.622519
-7.111925 8.805556
-7.112496 8.822850
2.303772 -6.720128
2.325948 -6.808485
0.963153 -6.004284
0.937106 -6.024060
4.129389 -10.082356
3.863763 -10.110173
-6.710178 9.145087
-7.126486 8.536240
-6.855945 8.542688
-6.721434 8.592726
3.178360 -8.195836
3.041395 -7.930578
-6.854021 8.548789
-6.891389 8.620728
1.476416 -5.383907
1.431450 -5.445806
1.548838 -5.265944
1.489349 -5.364161
1.925150 -6.225497
1.614530 -6.082044
-7.286331 8.898891
-7.178635 8.928077
3.920236 -9.011306
3.887578 -9.066855
-6.919192 8.590619
-6.995492 8.575521
2.752397 -6.783445
2.722702 -6.881418
-7.287937 8.668677
-7.266790 8.728577
1.872856 -5.539799
1.891145 -5.508348
-7.435881 8.677546
-7.516304 8.544680
2.525180 -6.986413
2.343105 -6.859655
-6.925370 8.907355
-6.950707 8.916437
-7.079894 9.120570
-7.044211 9.216146
-6.988319 8.738709
-6.843221 8.720975
2.840541 -7.840788
2.179451 -6.167198
2.248964 -6.135158
-6.909090 8.570375
-6.943849 8.489147
-6.932398 8.946636
-6.993845 8.963309
-7.183875 9.218025
-7.233287 9.239366
4.029630 -9.303128
4.022502 -9.223842
-6.602707 7.732119
-6.221844 7.737738
-7.256026 8.732617
-7.262315 8.702423
4.072561 -9.450348
4.075117 -9.163736
-6.902685 7.957697
-7.028343 9.024011
-6.889607 8.493234
-6.989509 8.578338
-7.093165 8.762877
-7.148731 8.720818
1.717231 -6.519058
1.733868 -6.435511
-7.215817 8.909000
-7.280500 8.787291
-6.978673 8.990808
-6.985974 9.020206
-7.206088 9.233872
1.507728 -5.462070
1.483310 -5.474620
-6.949962 9.466407
-6.934708 9.272714
-6.940451 8.566581
-6.952261 8.527863
-6.861452 8.935760
-6.884797 8.918924
2.604595 -7.498015
2.789712 -7.560176
-7.004054 7.998624
-7.090776 7.944728
3.090358 -6.528070
2.964929 -6.164533
-7.039350 8.491810
-7.121211 8.487575
3.948872 -9.083454
4.137112 -8.972608
2.698088 -7.669853
1.680576 -6.119374
1.681907 -2.396136
1.240510 -2.973058
3.110058 -7.603436
3.095919 -7.445922
-7.214745 9.116236
-7.296035 9.109382
2.261789 -6.954154
2.198293 -6.946791
-7.121788 9.052988
-7.003508 9.039693
1.584381 -5.210290
1.443647 -5.416348
-6.730090 9.524710
-6.781936 9.675476
1.741908 -5.911070
1.912589 -5.787774
-7.077672 8.624756
-7.019246 8.592237
2.864596 -7.473772
-7.226313 8.820327
-7.194572 8.832256
-7.018262 9.128388
-7.102182 9.200057
-6.923835 8.890815
-6.880564 8.872514
2.649182 -7.730748
-7.171517 9.057551
-7.299441 9.047749
-7.192576 8.979897
-7.243657 9.022365
1.816523 -6.598076
-6.947078 8.483904
-6.937824 8.779410
-6.969934 8.627090
-7.168292 8.768546
-7.226712 8.722383
3.924178 -8.874554
3.951556 -9.059416
-7.261747 9.104411
2.270314 -6.641014
2.215612 -6.479044
-6.985016 8.891933
-6.787202 9.025289
-6.871354 8.552302
-6.851716 8.551122
-0.370927 -0.778143
-0.248451 -1.359096
-6.904440 8.973835
-6.957712 9.079060
-7.151105 8.741948
-7.097169 8.703792
-7.152013 9.180696
-6.882433 8.756401
-6.964510 8.734171
2.359774 -7.567277
2.380917 -7.577756
1.615144 -5.382782
1.528262 -5.366162
2.445673 -7.020763
-6.737602 7.995087
-6.836174 8.114722
1.949177 -5.829167
-7.168454 9.323360
-7.036265 9.105077
1.440261 -5.537317
1.498724 -5.654888
-7.128804 9.472127
-7.225944 9.559163
-7.117562 8.661908
-7.043793 8.628332
-7.054912 9.108687
-7.035845 9.174122
-7.689433 8.241397
-7.265670 8.498503
-7.288610 8.603331
3.438013 -8.199212
3.231328 -8.003788
-7.168563 9.208111
2.370198 -7.715737
-6.852037 8.471896
-7.134949 8.511837
2.903088 -7.446394
-7.268138 8.480627
1.016788 -3.916346
1.322532 -4.062476
5.044763 -10.384127
4.548241 -9.903525
-7.303826 8.572035
-7.230417 8.526792
1.772921 -5.534406
1.688408 -5.530591
-7.194297 8.535824
-7.261361 8.577818
-6.925446 8.946525
-6.887320 9.060738
1.769648 -5.221161
1.723294 -5.202203
3.290294 -7.726622
3.249367 -7.716525
1.970711 -5.191599
1.842116 -5.291541
-7.285572 8.619438
-7.294738 8.512945
-7.257181 9.211886
-7.210181 9.145844
-7.229152 8.703843
-7.149287 8.824692
-7.032447 8.858017
-6.953548 8.818313
2.105699 -6.617388
2.146329 -6.417389
3.054368 -6.295203
2.613808 -5.763572
2.948751 -7.399164
-7.191614 8.824408
-7.177551 8.904575
1.469520 -3.882503
1.424640 -3.831639
-6.987898 9.539671
-6.906194 9.620127
-6.922256 8.770943
-6.919216 8.682370
1.635748 -5.225330
1.577617 -5.200115
-7.175280 8.592475
-7.210901 8.547999
-7.199175 8.559278
-7.306835 8.871311
-7.338231 8.854082
-6.916379 8.554682
-6.926879 8.479623
-7.073463 8.913436
2.086020 -6.147361
2.129247 -6.289031
3.063312 -8.138741
2.937797 -8.031742
-7.160530 9.210269
-7.188692 9.219202
-7.082605 9.676761
-7.281848 9.533460
-6.878945 8.839871
-6.856192 8.927202
-7.175048 8.593291
-7.291347 8.536879
-7.044019 8.969912
-7.028437 8.792251
-6.977331 8.983371
-6.857394 9.034509
-7.589809 9.211374
-7.468089 9.133724
-7.193523 8.621431
-7.142910 9.393942
-7.170983 8.917766
2.137339 -6.946481
2.055381 -6.797545
2.019317 -5.834252
2.232252 -5.837167
-7.161517 9.041530
-7.187267 9.080161
-7.245869 8.625873
-7.220279 8.525854
-7.197277 9.221299
-7.279830 9.147128
-6.953267 8.584646
-6.945891 8.489914
-7.090936 8.485962
-7.083189 8.490132
-6.856255 8.463864
-6.911068 8.276695
-7.254625 9.145661
-7.159778 9.202820
1.361692 -6.065731
-7.048652 9.083948
-7.108247 8.936737
-7.119559 8.766800
-7.107703 9.116929
-7.056769 9.123401
-6.967228 9.432440
-6.694209 9.667592
2.989835 -3.548485
2.816743 -3.038208
1.737374 -5.206977
1.692269 -5.298157
-6.883280 8.532243
-6.960390 8.545093
-7.100959 7.953220
-7.225963 8.519729
-7.208253 8.536416
3.473733 -8.824389
3.433999 -8.691010
3.557294 -9.022630
3.782620 -9.016934
2.190868 -5.681004
2.059082 -5.565452
-6.925803 8.871021
-6.853435 8.838891
-7.152759 8.956090
-7.202368 9.076771
2.472423 -6.256791
-7.064712 9.176069
-7.064229 9.131418
-7.165844 9.199577
-6.946616 9.409867
-6.937600 9.671489
2.028774 -5.950474
-6.849306 8.763729
-6.910882 8.702324
3.342911 -7.858041
3.296491 -7.835149
-7.247301 8.455633
-7.114024 8.452328
-6.893643 8.888449
-6.946115 8.870423
-7.219187 8.805759
-7.091424 8.521019
-7.063014 8.471886
2.973644 -7.885951
-6.971158 9.220152
-6.892044 9.091348
1.814849 -6.340208
-6.902653 9.111643
-6.870043 9.205994
-7.293394 8.511930
-6.913703 9.060952
-6.932631 8.994175
-6.890459 9.176514
-7.021995 8.884841
2.702054 -7.070018
-6.843143 9.193419
-6.938858 9.104597
3.940462 -9.335704
3.862662 -9.254496
11.430668 -21.901720
13.384366 -24.874985
-7.156814 8.625464
-6.990171 9.205900
-6.903965 9.230933
1.360337 -5.731063
1.649446 -5.698738
2.779426 -8.654236
-7.086314 8.738523
-6.915308 9.114987
-6.988646 9.111797
1.657044 -5.564945
1.520388 -5.693624
-7.190045 8.747581
1.455459 -5.386378
1.554064 -5.326624
3.106326 -8.351004
3.120498 -8.312467
-7.083514 8.855380
-7.114872 8.863557
4.084723 -9.006486
3.540748 -8.609228
0.898720 -4.619617
-6.932372 8.751378
0.953441 -1.343631
0.844869 -1.735981
3.859626 -9.471479
-6.918023 9.093734
-6.994793 9.163432
-6.948746 9.090912
-6.944972 9.118477
-7.159237 8.694701
-6.901815 8.493952
-6.874661 8.483248
-7.142514 8.510891
1.704922 -3.361515
-6.980166 9.056191
-6.978610 9.052739
1.634178 -5.866949
2.657981 -6.991214
2.605105 -6.819921
-6.964958 9.192024
-7.427259 8.177653
1.216301 -2.765268
2.817707 -7.787728
2.885816 -7.731540
-7.220525 8.480907
-7.292853 8.567543
-6.930551 9.205879
-6.875573 9.117351
-6.915721 8.889589
-6.961239 8.862076
-7.043880 9.038280
-7.139654 9.042367
2.127284 -5.539356
2.032911 -5.703039
-7.299528 9.167643
3.530974 -8.379153
2.889863 -7.009931
2.677140 -7.279682
2.102022 -5.510617
-7.477118 9.138198
-7.495411 9.108989
-6.847084 9.133240
-7.139805 9.290606
-7.130034 9.332423
-7.401960 8.612063
-7.571843 8.516516
-7.145347 8.676093
-7.096074 8.627154
-6.981858 9.003459
-6.906652 9.001728
-7.205972 8.582412
-7.170726 8.556363
2.550249 -7.141207
2.341218 -7.055073
-7.265313 9.211978
-7.275437 9.185180
-7.135716 9.527493
0.814670 -1.298661
-7.497682 8.185520
-7.491491 8.409936
-7.192274 9.008524
-6.944136 9.481946
4.886339 -9.926614
4.669734 -9.874286
-7.055520 8.391650
1.687195 -1.731363
1.535604 -1.416291
-7.062395 8.318778
-7.110063 8.360548
1.697157 -6.674345
1.837750 -6.581645
-6.873830 8.496708
-6.918800 8.476005
-7.004428 8.364451
2.456094 -6.171599
2.336727 -6.352230
-6.943046 8.699833
-7.112293 8.429550
-7.110928 8.431484
-7.084747 8.148583
-7.297433 8.020865
-6.883850 9.236942
-6.862949 9.199995
-6.942120 8.291006
1.966748 -5.156141
1.959739 -5.312429
1.402671 -5.265887
-6.896207 9.137398
-6.874405 9.125792
-7.129875 8.441606
-7.142141 8.440386
-7.218530 9.323881
-7.169800 9.199464
-7.129838 8.336774
-6.714471 7.958175
-6.759622 8.097555
3.894316 -8.894793
3.938391 -8.899858
-6.867628 8.578229
-6.952345 8.542712
-7.244314 8.475683
-7.108161 9.111169
-7.138684 9.162987
-6.998181 8.385289
-7.081819 8.419876
-7.256967 8.203300
-7.001370 9.323689
-7.080463 8.406528
-7.035604 8.428939
-7.008370 9.183277
-7.086588 9.117874
-7.279284 8.932343
-7.238500 8.926582
-6.843041 9.159932
-7.280884 8.827537
3.001575 -8.335130
3.109496 -8.482150
-7.089358 8.347213
-7.079279 9.281057
3.706509 -8.883587
-7.088130 8.829417
-7.045732 8.858673
3.738911 -8.684767
3.583192 -8.716567
-0.292466 0.553105
-0.317440 1.112187
1.913918 -5.504069
1.902440 -5.597926
-7.113050 8.380340
-7.063206 8.505812
1.709974 -5.646307
3.171417 -7.465103
-7.055786 8.816194
6.350854 -12.974807
6.415693 -14.059111
3.492623 -8.105219
3.473227 -7.935048
3.358109 -1.295420
2.370839 -0.961579
2.439132 -7.389412
2.464375 -7.428587
2.738665 -7.865307
2.605472 -7.710120
-7.560939 8.376966
2.275810 -7.263408
2.109081 -7.268878
0.137337 -3.700018
0.643423 -4.174078
-6.921770 9.199205
2.464314 -6.550622
-7.017252 8.330411
-7.385482 9.394245
-7.166316 8.942831
-7.206921 9.055255
-6.950816 8.831242
-6.958398 8.880804
1.493124 -5.446367
1.513564 -5.431943
2.013309 -4.086641
2.356894 -4.145589
2.382293 -6.083798
-6.970654 8.895618
2.250154 -4.035254
2.549495 -3.159629
-7.095861 8.347960
-7.096001 9.071543
3.477922 -8.468319
1.745128 -6.200334
-7.219765 8.514355
-7.281765 8.596980
-7.233538 8.526054
2.419442 -7.541875
1.506493 -5.091190
-7.119529 9.346035
-7.022581 9.339348
-6.894353 9.042836
-6.928273 8.958462
1.046080 -2.700207
1.200804 -2.420827
1.339011 -1.748094
1.236608 -2.323601
1.396401 -5.029819
1.648802 -5.009957
-6.907237 9.187747
-7.329106 8.394176
-7.122629 7.874999
-7.184950 8.019498
2.441357 -6.433825
-7.076605 8.388905
-7.111166 8.388431
1.437576 -5.938899
-6.867032 9.118399
-6.859125 9.127588
-6.906141 8.540379
-7.189069 9.204015
-7.152903 9.207164
-6.904055 9.531525
-6.886199 9.535983
-7.091185 8.383269
-7.010152 8.450233
1.851989 -5.247691
1.865052 -5.331041
0.980851 -3.506930
1.304093 -3.439790
4.799963 -10.735046
4.932755 -10.616570
-7.266502 8.661282
-7.306058 8.767399
-6.991417 8.711847
-7.402606 8.552813
-7.128923 9.293048
-6.998293 9.276052
-6.935606 8.971580
-7.103488 8.584612
-7.091671 8.521148
-7.112866 9.046995
-7.134952 9.068011
-7.082918 8.710217
2.962508 -8.105901
3.091903 -8.156217
1.471830 -5.096387
1.547804 -4.944568
0.235396 -3.457288
-6.903771 8.917707
-6.939387 8.860469
2.448528 -6.927891
1.585890 -5.744710
2.766623 -6.887649
2.809091 -6.754700
3.230183 -8.252092
3.442992 -8.516222
-6.880232 9.101937
-7.049772 8.768879
1.887698 -5.926728
-7.036174 8.578580
-7.226232 9.203550
-7.155589 8.500906
-6.966375 9.407375
-6.778830 9.428165
-6.843238 9.026593
3.702938 -9.221025
3.750017 -9.210098
2.746413 -7.612866
-7.271486 9.076910
-7.189051 9.037672
-7.030591 9.329334
-7.033326 8.327202
-7.116192 8.365635
2.246723 -6.138759
-7.116973 9.337258
0.602143 -4.708120
1.471290 -4.879221
1.392998 -4.931077
2.022195 -5.603751
-7.100635 9.152054
2.247025 -6.859292
1.728734 -3.945251
-7.059471 8.386804
-7.148011 8.436512
-7.135345 8.568054
-6.917275 8.686517
1.076165 -0.974124
1.272021 -0.728642
-6.936586 8.485497
-6.877257 8.478392
-6.954626 8.857400
-6.889096 8.862285
1.708170 -5.373818
1.755062 -5.219869
-7.101570 8.848626
-7.031832 8.898913
2.906483 -7.811526
3.123402 -7.888313
-6.970503 9.092147
-6.953331 9.174585
-7.198712 8.712213
-7.239605 8.744099
-7.123728 9.252739
-7.109481 9.291181
-6.896215 9.084801
2.677147 -6.594051
-7.141503 8.891344
-7.310471 8.526597
-7.402935 8.491973
-7.366296 9.170549
-7.515753 9.152034
0.752535 -2.894943
0.840753 -2.683180
3.261516 -7.718183
-7.102454 8.980339
-7.110167 9.055892
-6.814182 8.643503
-6.989751 8.594869
3.058498 -8.290559
-6.975676 8.581675
-6.931925 8.506803
1.613554 -5.063680
-7.299518 8.817038
-7.117072 8.378663
-7.020145 8.449638
-5.714078 7.287629
1.796781 -3.020687
3.662406 -9.447285
3.600683 -9.356984
-6.936029 9.239623
-6.942252 9.236855
2.273043 -7.112202
1.842255 -6.380047
1.889502 -6.497991
-6.871074 8.328458
-7.213297 8.479082
-7.283744 8.592566
-7.053893 9.166246
-7.062316 9.130285
-6.987208 8.402513
-6.945286 8.324767
1.405780 -5.199258
-6.973421 8.467754
-6.880127 8.357241
-7.246483 8.474469
-6.972526 9.217044
-6.846406 8.417638
-7.190670 9.145339
-7.266062 9.166833
-7.145802 9.383205
-7.037201 9.378265
-6.868774 9.612487
-6.914493 9.508987
-7.478615 9.346894
-7.414507 9.366967
0.974169 -0.529969
-6.898905 8.320904
-6.854434 8.655836
2.324898 -6.968395
-7.413007 8.246266
-7.308375 8.356332
-6.911398 8.336272
-6.884264 8.368982
-7.286359 9.186540
-6.933591 9.130628
-6.930734 9.239372
0.218455 -3.025438
0.831223 -4.922100
1.225832 -4.867838
-7.181714 9.666527
-7.016741 9.539720
-6.843511 8.372309
-7.130528 8.333358
-7.231791 8.791362
-6.870602 8.889520
-6.859329 8.849556
-0.364518 -1.141655
3.704064 -9.420443
3.581824 -9.439955
-7.048732 9.398553
-6.954126 8.544038
-6.895619 8.416601
-6.905433 8.445126
0.802907 -1.770457
-7.141057 8.770860
4.086326 -9.589326
-6.903175 9.158462
-6.764746 9.234271
-7.036149 9.252324
-6.972646 9.219847
1.382831 -5.048490
1.896085 -5.840006
-7.281590 9.019601
3.232048 -8.696453
3.360454 -8.827650
-7.054088 9.056387
2.841297 -7.380204
-6.956735 8.361326
-6.843198 8.451644
2.160305 -5.892431
2.165851 -5.932391
-7.189490 8.530965
-7.110063 8.558109
3.015403 -7.495504
-7.051216 7.982050
-7.191061 8.002681
-6.857582 9.028724
-6.970948 8.602112
-7.213362 8.576988
-7.235724 8.625380
-6.983293 8.841903
0.381589 -3.961565
-6.994116 8.419912
-7.142382 8.324014
-7.059192 8.463785
2.420791 -7.289113
-7.231040 9.090956
-7.164693 8.968157
-7.116187 9.267898
-7.117177 8.671811
-7.117642 9.051504
-7.088391 9.194546
-7.099082 9.226015
3.424813 -7.823172
-7.229938 8.767018
-7.241461 8.654834
4.016771 -9.606935
-7.115755 8.863751
-7.017723 8.413771
-6.960727 8.325018
-6.914876 8.375029
1.411865 -5.871479
-7.274447 8.728981
-7.033072 8.908437
-7.086954 8.842475
1.760922 -6.495012
2.151685 -6.697005
1.386486 -5.044769
-6.685807 8.325286
-6.558727 8.464869
-6.864214 8.427830
-6.607117 8.173606
-6.858001 9.107440
-7.139200 9.264940
-6.712673 9.590285
1.499398 -4.997732
3.660302 -8.408047
3.529191 -8.301764
-6.905815 8.656426
2.911924 -7.967911
2.082083 -7.018659
1.377345 -5.491845
-7.291260 9.872326
-6.916004 8.973672
-6.921250 9.067750
0.945340 -1.816808
-7.188220 8.829578
-6.912582 8.572021
-7.244369 8.618765
-7.174843 8.533643
1.075309 -4.868312
1.092512 -5.136886
1.629271 -5.234518
-6.652936 8.356869
-6.453653 8.401875
2.625935 -7.757257
-6.880430 8.361969
1.459217 -5.752094
1.425897 -5.518634
1.284529 -5.089670
1.054821 -4.892486
-7.227818 8.494836
2.002064 -6.681817
-0.884925 -0.397609
1.681863 -5.318380
1.912617 -5.245003
2.782024 -6.700634
-7.265528 9.239592
-7.135375 8.410298
0.608052 -3.350070
2.541188 -7.333748
-6.510231 8.391254
-7.254862 9.147319
-7.197977 9.243007
2.122236 -6.403976
2.163222 -6.477999
-6.978001 7.909536
-6.903246 8.025897
-6.963238 8.454034
-7.115628 8.645754
1.923640 -0.170606
-7.026181 9.331102
3.835900 -9.292907
-6.941573 8.977579
-6.969600 9.025359
1.001343 -1.269817
-7.072271 8.538408
1.969674 -5.689778
-7.463269 8.551932
-7.313963 8.531264
1.660463 -5.941578
1.362915 -5.898170
-6.716536 8.563967
-6.854913 9.105384
-6.872808 9.233338
3.089640 -7.075884
3.211549 -7.215912
3.671988 -8.509679
-6.982833 8.496100
-7.790174 8.727601
-7.648124 8.666415
3.403288 -8.194539
2.179192 -8.092126
2.442854 -6.346022
-7.000487 8.599733
3.983957 -9.012022
3.163382 -7.135842
-7.480814 9.004148
3.840852 -9.640521
3.898516 -9.531201
4.764185 -10.663285
-7.045141 8.654695
-6.976437 9.231723
-6.871008 8.732039
-6.986996 8.761071
3.033883 -8.265201
1.515242 -4.841595
1.586657 -4.936614
-6.657427 8.663034
-7.095439 9.179472
5.320925 -11.420952
-6.886924 8.824770
3.432570 -8.563867
-6.848723 8.460268
-6.967690 8.429496
1.991235 -5.517797
-7.072084 9.371285
-7.132370 9.086872
-7.018732 9.006146
1.079853 -5.023005
2.265311 -7.304947
2.197206 -7.271034
-6.442975 8.309397
0.461574 -4.554420
-6.916251 8.323865
1.562288 -5.448469
-7.286339 8.484837
-7.157904 8.517029
-6.927995 8.021473
-7.121666 9.010407
-7.136671 9.014992
2.635450 -7.109926
2.610251 -7.067807
3.870361 -9.170117
1.875912 -5.193239
-6.997123 8.388705
-7.032662 8.439662
-7.115284 8.462563
-7.137738 8.855670
-7.266384 8.667768
-7.186327 8.600054
3.539274 -9.238194
-6.921776 8.933186
-7.086802 9.160046
-7.108223 9.284879
-7.588552 9.162016
-7.392074 8.374444
-7.027490 8.933555
2.318973 -7.598403
-7.240343 9.023609
-6.929310 8.488461
-6.957771 8.543298
1.447287 -2.450153
1.961219 -2.548121
1.997180 -5.761911
-7.235435 9.098125
-6.561178 8.775696
4.025967 -9.477901
-6.465632 8.701816
-6.911036 8.450666
-6.943658 8.453779
-6.924495 8.649071
-7.221850 8.864603
-7.442375 8.403182
-6.882073 9.185465
1.102608 -5.319645
-7.214297 9.087133
2.945116 -7.893551
2.259673 -6.948400
-7.028646 9.334533
1.916506 -6.241148
1.549624 -5.062994
-6.856077 9.193225
2.048109 -6.229869
-7.229099 7.971619
1.235513 -5.053228
1.234373 -4.943398
3.062842 -7.635863
-6.944779 8.998990
-6.928466 8.986900
1.113529 -5.329832
1.171587 -5.381454
3.679440 -8.855897
3.835206 -9.129170
3.998947 -8.841678
-6.785677 9.410727
-7.211221 8.649046
-6.898344 8.428923
-7.246882 9.673934
-7.220675 9.567570
3.189517 -8.885421
3.087455 -7.174173
-7.187280 8.606908
-7.073921 9.303477
-7.293732 9.181309
-7.225466 8.841900
-6.870129 8.343589
2.399911 -6.085628
-6.529104 8.208007
1.073867 -1.519617
-7.017436 8.373516
-6.661154 8.611888
-7.179801 8.630743
-6.704352 9.673388
-6.922867 8.523436
-7.101619 8.601269
-7.016999 8.548500
3.526617 -8.375198
-7.274179 8.574659
-6.785527 8.923724
4.087684 -9.552824
1.321814 -5.449085
-7.137453 9.218103
2.085358 -5.549441
2.110131 -5.723524
4.289510 -9.751941
-6.869784 8.327100
1.623925 -5.295332
3.205871 -7.436749
2.462084 -5.979985
1.712411 -2.378986
1.372746 -2.395755
1.072838 -0.926605
0.779652 -1.050789
3.750143 -9.163214
3.564072 -9.394892
-7.034244 9.324064
1.092311 -4.929130
2.395179 -7.970624
2.369416 -7.144259
2.708624 -6.605123
-7.257768 9.149441
-7.249688 9.120169
-6.710767 8.183217
-6.948128 8.823900
2.349012 -1.226347
-6.906892 9.129722
-7.094994 8.734195
-6.996074 8.545707
2.891578 -6.716843
1.819949 -6.344183
2.654761 -7.895812
-6.942009 9.242738
2.403813 -1.346255
-6.886144 8.947670
-7.043977 8.954189
-7.032048 9.052648
-6.575532 8.219843
-7.139211 8.995980
-7.141594 9.276482
1.581171 -4.853734
-6.944191 8.322856
-6.998849 8.879578
1.649471 -5.952361
1.452729 -6.029803
2.409832 -5.801726
-7.302962 8.755557
1.238894 -2.423150
2.570880 -8.170365
2.204494 -8.237229
-6.993016 8.333889
-7.235678 8.250406
-7.136638 9.094788
-7.180765 8.612929
2.872960 -6.393936
1.863782 -5.945426
-6.932842 8.692574
-6.890453 8.727302
2.555190 -7.440384
4.129472 -8.812030
3.917851 -8.783161
1.734852 -5.251983
1.467675 -2.202831
-7.006763 8.876959
-6.859357 9.084707
-7.562685 9.157481
3.322756 -8.960340
-7.108748 8.423054
-7.004606 8.427647
-6.639595 8.707837
-7.226131 8.964180
-7.294858 8.506264
2.442977 -6.021636
2.613940 -7.180434
-6.649964 8.762156
3.498294 -7.712902
2.448823 -6.624936
2.022414 -6.316738
1.474145 -5.563675
3.642253 -8.085543
3.792522 -8.117941
1.250816 -5.375313
-7.091745 7.872126
1.475523 -4.910840
4.437095 -9.654905
4.352129 -9.527530
4.255284 -9.548730
-6.611398 8.412330
1.961638 -2.627312
1.888988 -2.432084
1.941437 -5.514593
1.688263 -5.456436
-6.881015 9.241652
-6.853015 8.362778
1.133217 -5.151518
0.509511 -3.586202
1.952645 -6.497579
-7.139882 9.362191
3.099087 -7.241444
1.772910 -5.054325
1.828569 -4.914717
-7.046600 9.665874
-6.939246 9.102220
-6.989810 8.930784
2.879904 -8.114460
-6.838347 9.049763
2.247286 -2.094147
3.607353 -8.811798
1.100058 -4.682088
-7.037752 9.098907
-7.159162 9.101539
-7.002362 8.612537
-7.046172 8.517030
-7.137910 8.497694
-7.265331 9.136399
-6.916050 8.533514
3.340652 -8.872166
1.861136 -2.271951
2.532316 -6.441349
2.369556 -6.382656
2.087081 -7.218698
2.006199 -7.284932
-6.921108 8.484512
1.374213 -6.243541
-7.328050 8.851636
-7.497121 9.032081
1.737176 -4.881840
-6.867155 9.565605
-6.960361 8.757061
-7.246421 8.325701
-7.074597 9.392850
-7.200565 8.876529
-7.285736 9.062166
2.113308 -5.228536
-7.183807 8.382815
-7.264399 8.624762
-6.872849 8.396208
1.914707 -5.039928
1.094068 -4.671196
1.697210 -1.420959
-7.153902 8.421223
-7.284708 8.818669
1.476517 -6.099514
-7.197146 8.353065
-7.067396 8.781180
1.155859 -4.884210
-6.854614 8.795517
-7.181355 8.329261
-7.104829 8.351525
-7.131123 8.456218
-7.247190 8.874976
2.560524 -2.668314
1.329729 -4.577082
-7.214673 8.490797
-6.846276 8.317649
1.068783 -2.388957
-7.013985 8.657392
-7.014795 8.988767
3.591152 -9.012512
1.563459 -4.924869
3.223121 -8.973029
1.711120 -1.884169
-7.173016 8.402847
-7.297790 7.919753
-7.215639 8.335773
-7.229180 8.952133
-7.474279 8.422170
-7.032982 8.864008
-6.951285 9.064972
2.897068 -7.328506
-3.844446 2.015346
-7.017491 9.334914
3.660056 -7.714338
-7.241306 8.639394
-6.690153 9.461536
-6.913159 9.215223
2.576156 -2.020020
1.632891 -6.266636
1.519085 -7.151646
-6.868560 9.101040
-6.931056 8.686835
-7.285518 8.396515
-7.070695 8.952325
2.687186 -7.978537
2.457488 -5.887433
3.935107 -9.772719
3.448397 -7.995749
-7.191761 8.347497
-7.080752 9.242730
1.194243 -1.111219
0.907092 -0.866918
1.763479 -4.990729
1.142172 -3.899006
5.164286 -11.404924
1.557042 -3.557804
1.888607 -6.576578
1.982971 -7.032461
5.382691 -11.462156
-6.637016 8.693688
-6.434096 8.170933
1.237330 -5.116725
2.029165 -5.628419
-7.220478 8.710987
1.602121 -4.777371
-7.167778 8.325389
-7.542247 8.336644
2.515857 -6.539148
3.175179 -7.040120
1.374541 -4.617945
-7.086780 8.851487
1.509334 -5.440249
1.989444 -6.076106
1.127187 -7.704466
1.159452 -4.551594
2.955117 -7.284544
1.480615 -4.807455
-7.206501 8.481127
-7.231405 8.321125
1.788762 -6.704677
-7.251846 9.185569
-7.002311 9.164182
2.513785 -7.471408
-7.146765 9.526732
-7.237131 9.037497
-6.544745 8.173374
2.242822 -6.817269
2.993969 -8.274374
2.812495 -6.383628
-6.890073 8.362731
-6.908150 8.557798
-6.898636 8.355349
1.905745 -5.675396
-7.360670 8.821707
2.526849 -7.602667
1.734639 -4.981332
-7.198269 8.391171
2.267858 -5.886826
-6.854666 9.334847
1.356647 -3.503155
1.279683 -5.430133
1.502752 -4.750827
1.493043 -1.249721
2.431563 -6.969615
3.079914 -8.301358
-6.925272 9.025855
-7.033012 8.369688
3.744211 -8.627973
-6.907039 9.358567
-7.117627 8.603460
-6.836803 8.574682
-7.243499 8.523001
3.520370 -7.844903
-6.964746 8.532209
1.568516 -1.245827
-7.368522 8.893983
-6.793029 8.755367
-6.689572 8.764396
-6.861106 9.330934
-7.220051 8.460970
-8.264581 6.479435
-7.402920 8.936205
1.377584 -6.327645
-7.240262 9.216701
2.902897 -6.272025
-7.118181 9.330177
2.443766 -5.997593
-6.838568 8.724026
-6.785124 8.718851
-7.044670 8.338346
-7.123174 9.382022
-6.957478 9.292238
1.572772 -4.547447
-6.860023 9.193450
-6.739675 8.702094
-6.873724 9.352554
-7.243248 8.899151
-6.716200 8.700436
-7.285955 8.463421
-6.956492 9.238118
1.585680 -4.814668
1.621079 -5.956596
3.182560 -8.141397
0.600898 -4.415701
-6.713106 8.634872
-6.769475 8.693605
-6.963056 9.286777
-7.314863 8.672235
-6.855186 8.948053
-6.832150 8.780086
-6.886086 8.828952
3.078893 -8.382410
1.092003 -5.004193
-7.163559 9.069540
-7.162319 8.328684
-7.204668 8.417928
0.238490 -0.144587
-6.930360 9.644699
-6.941090 9.290017
-6.698019 8.652990
2.749926 -7.750231
6.038269 -11.925509
0.930731 -0.485958
1.692100 -4.940197
-7.089359 8.722543
-7.076114 9.050217
-6.760824 8.866944
-7.305956 8.390107
-6.772166 8.892539
-7.836443 7.687431
-7.222977 8.935748
-6.792401 8.637371
3.466689 -8.529237
-6.396659 8.585567
-7.264716 8.556542
-6.943901 8.389064
-7.325955 8.888412
-6.831157 8.817848
2.061989 1.113029
-6.967101 9.303389
3.726120 -9.195785
1.469923 -4.639327
-6.864674 9.285919
1.544294 -6.197185
-7.398080 8.851237
-7.173633 8.724338
-6.726596 8.672553
1.105083 -4.823921
-7.018234 8.673630
2.634111 -5.747272
-6.773940 8.861309
1.352804 -4.541195
-6.924786 8.648674
3.290412 -9.139060
-7.218914 8.746805
3.419953 -8.471830
-7.775877 7.766911
-7.030314 9.587399
-6.712759 8.925371
1.755491 -6.957811
-6.983996 8.889862
-7.097487 8.825351
2.921694 -1.474654
-7.162431 9.346646
-7.275417 9.311294
-6.949340 9.365113
1.214525 -3.067314
1.126821 -2.019456
-7.158061 8.385877
1.678660 -5.323917
-6.829088 8.890612
-7.263633 9.215624
-7.208322 9.251066
-7.228658 9.393419
-6.727120 8.734025
-6.924321 8.349524
-7.250191 8.528294
1.915364 -2.536330
2.862080 -5.571208
-7.113431 9.174803
1.184174 -5.269945
-7.155817 9.360298
-7.149270 8.428061
-7.057192 8.977749
-7.302741 9.272513
-6.723620 8.710818
-7.256821 8.511319
-7.294305 8.383984
-7.096558 9.141524
-7.454125 8.894674
1.118900 0.106072
3.342402 -8.832257
1.505367 -5.818603
-6.780855 9.391901
-7.278423 9.289902
-6.834949 8.865761
-6.988634 7.992486
-6.995525 9.315769
-7.169649 9.392313
-6.964408 9.198431
-6.996532 8.962531
4.060576 -8.697505
-7.018722 9.303529
-6.972610 9.113399
2.390790 -6.319468
1.479942 -4.657646
2.073030 -6.825464
-6.667560 8.672172
1.948961 -5.421339
1.378798 -4.855276
-7.196466 9.273591
1.160955 -3.923343
-6.880801 9.304639
4.371564 -9.830421
3.157516 -7.516221
4.409581 -9.718716
4.250489 -9.707683
-7.210011 9.264174
2.778198 -6.751948
-6.911657 7.701177
-7.080276 8.819554
-6.770828 8.635620
3.811689 -8.023372
-6.694288 8.902942
-6.991537 8.613908
-6.902937 9.278591
-6.919538 9.456780
-7.285252 8.414224
-6.707278 8.851471
1.599797 -5.655964
-7.053393 8.410121
-7.209955 9.269128
1.439611 -5.526761
1.519729 -4.781411
2.600744 -7.931140
2.956409 -7.648425
2.413914 -7.894975
-6.998656 8.619519
-7.115239 8.473081
-6.962832 8.764532
1.626609 -2.012420
-7.331886 8.841374
-7.209518 8.888521
-7.063543 9.252743
-6.514238 8.323755
-7.258180 8.327630
-7.834018 7.618970
-7.255868 9.087623
-7.437242 8.987616
1.156912 -5.243520
2.224709 -4.618408
-6.966964 8.334358
-6.875011 7.754531
3.975483 -9.573781
-6.698368 8.550249
-6.777556 8.493658
-6.896988 8.527841
-7.235047 9.348430
-6.702352 8.926323
4.143542 -9.433945
-6.852050 8.979888
-7.122779 7.950850
2.356890 -7.329884
-6.974607 9.283322
-6.810231 8.481096
-6.816246 8.544161
-7.193850 9.189566
-7.200291 8.518712
2.869470 -6.628122
1.899782 -5.381453
-7.394360 8.801459
-6.833687 8.661318
-6.754163 7.617341
-7.293134 9.381556
-6.716014 8.656675
-7.174604 9.029850
3.729243 -8.199351
-6.752423 8.473203
1.552271 -1.954243
1.048502 -5.136057
-6.946055 9.252658
0.531933 -3.263128
1.729203 -5.042679
3.109253 -8.027120
0.737044 0.017976
-6.397722 8.404988
1.328632 -4.682762
4.256294 -9.800261
-7.207418 8.356494
-7.065246 8.208128
-6.965186 9.339207
-6.816692 8.879373
-7.377573 8.783634
3.469847 -8.908253
-6.848361 8.888376
2.392508 -6.950980
-6.748937 8.583472
2.103624 -5.434787
-7.167540 8.435083
-6.796349 8.515729
2.100611 -2.289955
-7.221337 8.625884
1.943757 -5.007968
-6.963068 9.176128
-7.061785 9.005181
-7.238748 8.750141
-7.101307 8.422468
-6.319721 9.131883
0.721084 -3.643602
0.378820 0.263741
-6.959404 9.196316
-6.824978 8.882074
-7.092791 9.335666
-7.230614 9.237758
2.238354 -5.649889
-6.940162 8.366700
1.723349 -6.015120
-6.156873 9.084301
2.899673 -7.387767
2.078392 -5.434929
2.397369 -5.846434
-6.943076 9.363221
-6.707492 8.771640
-6.387740 8.709712
-7.104843 8.633341
-7.239641 8.725531
-6.780965 8.899839
3.643830 -9.357351
1.447800 -6.359883
-6.954390 9.168770
-7.203618 9.312797
-6.782459 8.479472
3.613654 -8.267263
-6.727201 8.611858
-7.147429 9.123671
-6.994273 8.937281
1.473403 -5.245801
-6.892227 9.632832
-7.364613 8.290473
-6.925549 9.250157
4.257190 -9.234995
4.090868 -9.219761
-7.323380 8.856697
-7.048244 8.757553
-7.281185 8.423965
-6.995336 8.698693
-6.860015 8.441834
-6.972418 8.293050
1.604036 -1.607817
-6.858959 8.252413
-6.899175 8.295564
-7.060148 9.107409
4.267844 -10.050994
1.479604 -4.738825
-6.791256 8.693473
-6.874141 8.254846
-7.117711 8.166234
-7.106613 8.219611
2.829741 -7.129448
-7.086064 8.863092
-6.829896 8.582656
-6.840728 8.838301
3.863405 -8.887392
-6.851050 9.258430
-7.279319 8.569113
-7.030275 8.227665
1.658941 -5.422090
4.290605 -9.225897
-7.074661 8.264953
-6.970868 8.234924
-7.081060 8.379350
2.183431 -5.344413
1.721369 -6.742479
-7.381680 8.791068
0.971684 -2.002175
-6.930858 8.655952
1.251196 -5.677737
1.745214 -0.741913
-6.707065 8.576310
2.052813 -6.662276
1.897974 -6.743707
-6.812244 8.627095
-7.330234 8.728457
-7.445912 8.740118
-7.338871 8.693030
-7.401988 8.653468
-7.041702 8.265104
-7.114917 8.519178
1.098612 -4.777100
-6.860875 8.216653
-7.451314 8.656352
-6.888624 9.008671
1.439387 -5.027719
-7.196750 8.395958
-7.384380 8.157927
-7.295411 8.859954
1.637739 -4.831125
-7.096644 8.300400
-7.327435 8.685758
2.036060 -5.111086
2.764466 -6.531478
1.180714 -5.663754
-7.368359 8.758493
-7.312726 8.927216
-6.628351 7.916138
-6.924547 9.290123
-7.069329 8.874201
2.831820 -6.767218
-6.828788 8.881473
2.130497 -1.832104
-7.181102 8.457848
-7.110121 8.209669
2.284755 -1.360824
-6.865594 9.143270
-7.568951 8.391075
1.349519 -4.863805
-6.691671 8.911459
-6.893567 8.262609
-7.440612 8.769814
-7.038458 8.588890
-7.255077 8.583671
0.860005 -4.630713
-7.076285 8.315050
-7.153901 9.065960
2.523210 -5.855304
-6.858358 9.329793
-6.972646 8.301577
-6.862339 9.109541
2.945072 -7.276428
-7.040082 8.369787
2.422230 -6.121984
-6.481614 8.571619
-7.336300 8.663976
-7.254866 8.949875
-7.265561 9.101879
2.083294 -7.101484
-7.421155 8.664347
2.959412 -7.354699
4.032904 -8.822384
-6.280902 9.184293
-6.728182 7.903294
-7.051731 8.305462
1.165582 -5.630041
2.109826 -5.216231
-7.166402 8.710184
-6.729356 8.475545
4.005413 -9.239427
1.857004 -6.298868
-6.583293 8.308882
-6.931318 8.457028
-7.345184 8.711793
-6.832785 8.707574
-6.936305 8.411150
-7.137481 8.266384
4.184134 -8.697709
3.470542 -8.669255
0.651022 -4.500384
-6.927817 8.912210
-7.162466 9.266514
6.325483 -13.451210
-7.434245 9.007059
-6.953148 8.295517
-6.700607 8.900687
-7.290350 9.386508
-7.425516 8.858589
-6.955070 9.410984
-7.145335 8.952010
2.999047 -7.841639
-6.908208 8.179969
-6.828945 8.274121
-6.800856 8.559645
3.012895 -7.097919
-6.950437 9.370856
-7.389580 9.015629
4.010430 -8.896465
-7.070337 9.158586
-7.316390 8.653840
-6.400941 7.895506
-7.315892 8.992202
1.060839 -4.522897
-6.902874 9.383116
-6.971544 8.871342
-7.258290 9.120978
-7.184127 8.354236
1.942417 -0.759568
2.245795 -5.654264
2.299684 -7.635269
-7.152634 8.485159
-7.322579 8.985240
3.204704 -7.781429
1.051838 -6.466632
-7.001246 8.316819
2.248365 -6.464737
-7.296115 8.760860
2.229608 -5.794715
1.268943 -4.687389
-7.252192 8.467128
4.523871 -9.881490
-7.053225 8.201462
1.316392 -5.055657
-6.857283 7.668099
-7.393627 8.971969
-7.363664 8.759566
3.610591 -8.396165
1.817959 -4.980305
-7.452249 8.822602
-7.396364 9.002981
-7.112650 8.750233
1.354932 -0.228186
-7.426455 8.650618
-6.754560 8.258227
3.300066 -7.797044
-6.536686 8.561865
-6.808464 8.724386
-6.854798 9.180370
-6.839404 8.597434
-6.853705 8.207645
-6.861309 8.780012
-22.838699 -15.281260
-6.727120 8.629962
-7.376804 8.947877
-7.012888 8.350753
-7.382678 8.720944
-7.007733 8.715028
-7.082569 9.351010
-6.999325 9.180304
-6.495728 8.025809
-6.933748 9.383243
-7.402936 8.849049
1.089288 -4.751455
2.330709 -7.196977
3.365896 -8.017195
-7.198402 8.885989
-6.867116 9.571649
1.392729 -5.040985
-7.130105 9.375175
-7.163973 8.835895
-7.078067 8.272985
2.438614 -7.833889
-7.141450 9.043490
-7.262539 8.597546
-7.106465 8.454741
-7.449973 9.007152
1.515454 -4.692110
2.708333 -7.974518
-7.111623 8.271255
-7.284371 8.357187
4.222968 -10.033924
-7.068605 8.905929
-7.310557 8.723427
1.828787 -5.185412
-7.276986 9.327875
-7.189154 8.936341
1.975139 -5.376243
3.679862 -8.486743
-6.972977 8.569551
0.180017 0.293353
3.254447 -8.870446
1.843817 -5.723396
-7.424408 9.034907
-7.158801 8.722548
-6.977911 8.168773
1.070405 -4.821925
2.493512 -4.536112
-7.112318 8.802411
-6.974097 9.341948
2.305731 -7.828397
-7.441030 8.666213
1.924277 -4.833415
-6.891794 8.942055
4.751547 -9.401768
-7.189542 9.288129
-6.722281 8.520712
2.101110 -7.979805
2.059679 -8.164741
-6.850842 8.622477
-7.669406 7.657882
-7.103668 8.232906
-7.199532 8.492488
-7.207436 8.356284
-6.742186 8.639288
-7.427675 8.790416
-6.882207 9.298015
-7.009924 8.610633
-7.449461 8.746643
-7.104475 9.240180
-6.747157 8.255844
1.069235 -5.484910
-6.615166 8.937468
2.016749 -0.891564
2.456088 -7.352903
1.149220 -5.407072
-6.796866 9.010824
-6.808632 8.973845
2.187033 -1.844743
-7.166017 9.023263
3.562328 -9.100520
-7.361978 9.088341
1.558482 -1.143862
1.192448 -5.738406
-6.700601 8.948767
-6.718614 9.017489
-6.868091 9.201910
-6.759310 9.033137
-6.664874 8.958167
-6.941731 8.802620
-6.816934 8.611120
-7.095912 9.068282
-6.971055 8.863945
-6.724853 8.979465
4.279829 -9.418340
1.506387 -5.502645
-7.421763 8.876047
1.050409 -5.441341
1.190492 -5.546105
-7.069427 9.371799
-6.688569 9.015280
2.011831 -5.324900
-6.785753 9.031890
4.438283 -8.322528
-7.261582 8.441774
1.081066 -4.982573
-6.739810 8.820708
-6.832285 8.355457
-7.016814 8.227194
0.448076 -0.759338
-6.924030 9.315918
-6.775019 8.385680
-7.364966 8.654314
-7.413422 9.088318
-6.725189 9.065275
-6.605468 8.910558
-6.915563 8.225642
-6.477106 9.055335
-7.153567 8.737652
1.275537 -4.498199
-1.166473 -0.423409
-7.199965 8.411527
-6.819175 8.428020
-7.588679 9.350471
-6.900455 9.070600
0.921608 -0.798341
-25.178768 -14.088402
6.485498 -13.183717
-6.689394 8.829126
2.700510 -6.588026
-6.966115 9.303933
-6.504424 8.291372
-7.316937 8.648300
-7.207201 9.644897
-7.038705 8.407325
1.058204 -4.229142
-6.761006 8.706321
0.900210 -1.581940
-6.818532 8.572630
-6.752210 8.753228
-7.014029 8.775251
-7.127453 8.606217
-6.830846 8.578763
1.635870 -6.096022
0.147079 -4.782405
-7.295284 8.516964
-6.597585 8.121759
1.912540 -6.857458
3.860087 -8.302335
-7.079424 9.310672
-6.759571 9.043558
-7.203366 8.790263
-2.421253 -1.110661
-7.108292 8.256941
-7.567998 8.913821
-7.108102 8.764684
-6.959495 9.222120
-6.727298 8.461888
2.888110 -6.774103
-7.069091 8.240221
4.254739 -10.043302
1.278036 -0.397032
-7.348662 8.844039
3.055637 -8.271374
-7.302512 9.236665
-7.211151 9.027344
4.143104 -9.968070
-6.987819 9.351497
-7.292802 8.447553
-7.063070 8.684648
1.701784 -6.710693
1.577333 -4.347034
3.926365 -8.606118
-7.017998 8.327255
2.532529 -6.602733
-6.790196 9.076227
3.229581 -7.492349
-6.750068 8.373264
-6.472907 8.485816
2.729496 -7.310320
-7.372070 8.758537
3.653703 -9.460079
1.184651 -4.321304
2.007759 -6.014768
1.060919 -4.270983
-6.494433 8.817842
-7.305552 8.741610
3.540466 -8.072077
1.401230 -6.277237
1.528386 -1.155979
4.295659 -9.476662
-6.926654 9.061755
-6.878581 8.681035
-7.276097 8.870894
1.401788 -4.405324
1.646083 -4.517658
3.093432 -8.360269
-7.292692 8.350113
-7.220802 9.292434
1.214469 -4.593173
-6.859186 8.284711
-6.880746 8.394157
-6.834888 8.653684
1.927773 -5.087711
-6.927709 9.366137
2.523164 -7.832805
1.734781 -5.612417
1.369570 -5.829130
-6.948112 9.610109
-6.740793 8.331217
-6.773211 8.982284
2.524873 -5.977610
-6.859139 9.244283
-7.032316 9.392920
-6.736813 8.899994
2.836869 -7.171723
-7.037724 8.896500
-7.005149 8.983829
4.202322 -9.500245
-6.800837 8.545731
-6.820660 8.324278
-7.085614 8.193118
1.078394 -4.305465
2.646521 -7.653446
-7.320784 8.642033
-7.106200 8.850930
-7.277010 9.285542
1.412986 -5.294200
0.199586 -0.269080
3.521070 -9.008515
-7.332807 9.027724
1.312349 -4.927101
-6.693899 8.731353
-6.962296 8.883466
-6.909365 9.326559
-7.424830 8.665038
1.203803 -5.635852
2.449496 -7.655371
-7.235451 9.149764
-6.821166 8.472332
-7.432449 8.913111
-7.529414 8.335412
-7.413442 9.089295
-6.753697 8.664235
1.657909 -4.422281
-7.085486 8.285904
1.366707 -5.365666
-6.738251 8.460980
-6.904806 8.906893
3.571553 -9.205981
-6.785769 8.981710
6.233045 -12.240145
1.281517 -4.445238
-6.807325 8.344747
1.344532 -5.404412
0.882651 -4.793158
-6.822296 9.014070
-6.754515 8.933983
-6.996809 9.187994
-6.723938 7.645413
-6.980297 9.362472
0.584150 0.230263
1.677105 -2.568726
-7.303405 8.029550
2.247618 -6.231841
3.429199 -7.499228
-6.892835 9.011082
-6.994012 8.220541
-7.268009 8.366110
-6.797588 8.497869
-7.196985 8.482849
1.655970 -4.680383
-7.045622 8.041062
-6.813290 8.872869
3.343847 -7.860794
-7.291018 8.634883
-7.247210 8.969583
-7.007636 8.317441
-7.349400 8.632023
-6.407818 8.874896
-7.043376 8.607616
1.224522 -1.475350
-6.858966 9.161526
-6.705298 9.524441
2.802433 -8.103164
1.335812 -4.512582
-6.908120 9.324129
-7.244918 9.224658
2.520339 -5.974435
-7.048835 9.317435
-7.420749 8.826339
-7.160414 9.021411
-6.733890 8.455469
0.833368 -4.657198
-7.366175 7.755446
-6.786066 8.979299
-7.259366 8.778468
-7.098219 9.259384
-7.025389 8.677066
-7.261235 9.281581
-6.692597 8.468016
-6.871264 8.525782
-6.733971 8.713344
1.028096 -4.829556
-6.802843 8.967060
-7.365333 8.816071
1.279595 -4.377721
-6.812778 8.499073
3.754891 -8.818860
3.449039 -8.091705
3.121525 -7.053771
-7.072625 8.195214
-7.112071 8.188946
1.779231 -5.174262
4.077933 -9.765059
-7.092037 9.438241
4.456806 -9.720663
5.042613 -10.621790
-6.959366 8.398636
-7.012933 9.534797
-8.900583 6.051858
-7.332137 8.990115
1.283939 -4.729295
-7.044546 9.521708
-6.821956 8.742101
-6.688752 8.599190
3.655040 -8.991427
-7.327960 8.765646
1.424795 1.925459
2.549983 -6.964548
1.732559 -4.825235
-6.916483 9.318582
-7.036188 9.506218
-6.672853 9.078228
1.504578 -4.306192
1.382121 -3.074016
-6.131396 7.864707
-7.109474 9.506878
-6.706089 9.078135
4.885217 -12.636312
-6.550189 8.595573
1.194985 -5.618107
-6.989872 8.674145
-7.164863 8.824706
-6.975223 8.599569
-6.927019 8.789335
-6.938147 8.164225
-7.136677 9.415138
5.904745 -12.577679
-6.694551 8.887548
4.099470 -10.181774
2.285803 -6.533271
-6.722153 8.941874
-6.744774 8.415865
2.991803 -8.742104
-6.962779 8.289880
-7.049781 9.449245
1.952726 -3.345358
-7.044039 8.883776
1.198186 -5.058574
2.138200 -6.764050
1.187339 -6.112175
-7.140388 8.867170
2.236060 -7.408833
-7.148382 8.957164
-6.912565 8.727509
-7.436081 8.700344
2.011890 -7.532347
-6.710896 7.666032
2.400393 -2.616198
-7.405745 9.059609
-7.005501 9.482882
-7.100962 8.276289
-6.866723 8.616674
1.727200 -4.632419
-6.691516 9.141476
-6.750235 8.630774
1.141717 -4.669024
-7.285192 9.361150
1.307764 -5.709605
5.342638 -11.494452
-6.882504 8.812881
-6.862110 9.423639
1.525855 -5.049145
-6.755243 9.035696
2.068495 -5.722968
-7.191514 8.503570
-7.001968 9.305151
-6.477633 8.678322
-7.140239 9.416822
-7.300141 9.123810
-6.845756 9.204411
-6.942049 9.349574
2.306483 -2.818042
-7.303235 9.662251
1.883763 -1.105099
-7.124824 8.886705
-7.126931 9.416002
2.267700 -7.182203
-6.907346 8.943277
-7.027544 8.508137
-7.268137 8.566056
1.015926 -4.771381
2.315447 -0.752352
-6.768934 8.390537
-7.056995 9.323857
-6.639419 9.014074
1.915475 -4.740282
-7.229976 8.838295
-7.457022 8.785454
-7.297122 8.635862
1.694796 -4.895836
-6.722556 8.325232
-7.072714 9.186482
0.923910 -6.352387
-6.864736 9.189063
1.098835 -5.224612
1.764558 -5.417777
3.311937 -8.709739
4.215540 -9.839008
1.267095 -4.368428
0.729456 -3.973718
-6.790998 8.893197
-7.311896 9.007682
-7.091725 9.426702
-6.994866 8.249369
2.580816 -7.871028
2.038533 -7.416095
1.544189 -4.878621
-7.296338 8.695294
-6.965106 9.334501
-7.289751 8.327158
0.857807 -4.605555
-7.041798 8.293674
1.777275 -4.890363
-6.715179 9.036091
3.082047 -8.037008
-7.007981 8.638021
3.121732 -8.190237
2.198496 -7.252141
-7.361819 8.711269
3.987265 -9.953188
5.704677 -12.028791
1.446290 -5.541252
3.964095 -8.826924
-7.117617 9.503367
-5.698426 7.165335
-7.104169 8.457749
3.759891 -8.589423
-7.266841 8.744808
1.403785 -1.236388
2.500438 -7.810090
2.368722 -2.853833
-7.376223 8.814032
2.818283 -6.752701
-6.842771 8.350306
-7.186784 8.357595
-6.820866 8.485392
-7.166167 9.386172
-6.926376 8.805198
-6.826993 9.038013
5.594257 -10.877805
1.476854 -4.334791
-7.020086 9.476816
3.834522 -10.031811
-7.140926 8.713162
-7.412783 8.540454
-7.356961 8.565718
1.372367 -5.712314
1.067013 -3.591770
-7.426698 8.613291
-6.918002 8.641727
-6.693583 8.337343
-7.362761 8.604115
-6.675483 8.834348
1.849428 -5.882846
3.177303 -8.729465
-7.428165 8.484941
-7.024296 9.031824
1.454775 -6.115543
2.833385 -7.212262
1.236261 -5.125131
4.302086 -9.297791
-7.280538 8.817283
-7.210251 9.104287
-7.039876 8.273679
-7.350914 8.510672
-7.132473 8.836565
3.031135 -7.611987
-6.691696 8.785207
1.966953 -4.603469
-7.349443 8.481257
-7.246421 8.569987
1.798796 -6.097323
-7.415995 8.965775
-7.135862 8.859461
-7.003596 9.418781
-7.306851 8.516478
-6.987311 8.220572
-2.773374 -0.429810
-7.167606 8.424595
-7.423952 8.603588
-6.886899 8.482192
-7.293024 8.980378
-6.699273 8.964509
-7.146941 9.291517
-7.241694 8.812204
-6.938918 9.027863
-7.070625 9.493010
-7.408726 8.822577
-7.343148 8.693171
2.853178 -6.126207
-7.324519 9.028187
-6.959894 9.088398
-7.206677 7.634126
-6.693716 7.672203
1.009991 -4.775643
-6.841202 8.461585
1.729628 -6.937362
-6.823751 8.753696
-7.313478 8.589077
9.498899 -22.455952
-7.237957 9.144178
-7.002334 8.359956
1.348171 -4.511332
-6.839661 9.014063
2.036725 -7.467989
-7.169168 9.352428
-7.359092 8.209366
1.004699 -5.089781
5.673409 -10.417747
5.437251 -11.209841
3.977830 -10.957587
1.260914 -5.088868
-7.585194 8.747987
2.435655 -6.337303
-7.847372 8.060392
3.939646 -9.908035
-7.434930 8.614556
1.880813 -2.785363
1.159062 -5.454813
0.208969 -2.636567
-7.297591 7.850573
2.547460 -7.604588
2.106307 -6.783668
2.586627 -5.552682
-7.135777 9.317588
2.135536 -6.593659
-6.816702 9.661418
3.454167 -7.616596
1.951607 -6.481157
2.934340 -7.749929
2.556908 -7.244692
2.220903 -5.266416
-6.909511 8.844254
-7.088472 8.682445
0.890336 -4.956776
-6.744949 8.618846
-7.363404 8.957481
3.692533 -9.494726
4.687447 -11.456299
-6.711127 9.067215
0.372708 2.852272
-7.136687 8.408195
0.920886 -4.296582
-6.721876 9.631430
2.715971 -4.206300
2.503363 -5.701668
4.158393 -9.809556
0.237113 -2.418219
0.945156 -4.226749
-7.169537 8.238478
-7.191819 9.174006
-7.190551 8.305227
-7.249319 8.315641
-7.246609 8.338256
-6.867976 8.427233
-6.875840 8.215508
-7.456278 8.686542
2.650256 -7.377592
-7.184377 8.284900
-7.111104 8.994388
-7.322508 8.921054
-7.082677 9.031498
-6.794541 8.179399
-7.236304 8.171322
-6.969157 9.160177
-6.742383 8.637866
4.060289 -9.679184
-7.190143 8.257401
-6.748492 8.221158
2.203573 -5.395759
-7.313194 8.254870
0.184949 -5.442917
-6.767930 8.642253
-7.384282 9.264863
-7.176454 8.243314
1.051362 -3.972600
-6.786174 8.173560
1.790748 -5.960552
-6.922378 9.368883
-7.039355 9.094049
2.575500 -6.009948
2.342211 -5.667887
-7.008911 8.690924
3.164520 -6.706552
0.525736 -3.204485
-7.159555 8.188291
-7.261898 9.067416
1.189625 -2.262331
-6.782788 8.256953
-7.126943 9.547449
-7.377022 9.058685
-7.066618 8.194024
-6.912221 8.990438
1.764335 -6.682090
-7.384892 9.094598
2.467524 -5.340834
-7.178917 8.192227
-7.089631 8.615103
1.637504 -6.496491
3.721531 -8.199820
-7.163539 8.589014
-7.028403 9.300657
6.248284 -12.114862
-7.428665 8.623730
-7.247230 8.854350
-6.744060 8.210210
-7.218857 8.840027
-6.819490 8.994518
-6.756803 8.441946
-6.733497 8.957226
-6.615349 9.070610
-7.339508 8.968657
2.344854 -7.178363
1.467362 -6.626309
-6.950040 8.884786
-7.229909 9.280781
-7.258476 8.205433
-7.212146 9.205934
2.994197 -6.815506
-6.946598 9.012480
-6.800146 8.843787
-6.569921 8.472359
-6.690410 8.264519
-7.019987 8.279043
-7.150482 8.394717
0.893515 -4.550491
-6.419899 8.081410
2.771210 -6.263644
-6.796819 8.565598
-7.454615 9.231152
-6.730409 8.624630
2.472150 -5.984584
-1.702827 -1.008888
0.481785 -4.685109
-6.736746 8.555246
-6.959549 9.348600
0.794600 -4.582140
1.096040 -4.006583
-7.226487 8.310740
3.862481 -9.182253
2.674258 -6.440641
-6.812184 9.175135
4.482912 -9.989520
-6.763133 8.317590
-7.219709 8.246197
4.611101 -10.130811
3.776146 -9.609048
-7.324682 8.931026
-6.839344 8.304608
-7.094676 9.518425
-7.170052 8.379446
-6.760852 8.315642
1.504745 -0.862461
-6.976400 8.205204
3.411325 -9.115738
4.407799 -9.686773
2.339110 -2.009221
1.268018 -4.146448
-6.816738 8.967925
2.142264 -5.770253
-6.966317 8.370885
-6.749664 9.063029
-7.075365 8.776706
0.209976 -0.752835
2.730219 -6.088319
1.071847 -4.466392
1.534094 -0.264439
-6.994088 9.143489
1.821532 -4.946991
-6.900188 9.221292
-7.251471 7.550594
3.174424 -7.089626
4.374732 -10.257792
2.213229 -6.011314
-6.782379 9.108795
-6.922340 9.347607
-7.416832 8.999580
2.715066 -7.655669
-6.699754 8.717884
1.623220 -4.209164
1.402060 -6.553972
-7.209015 8.718358
-7.258255 8.954207
4.716702 -10.192710
-6.761242 8.836550
-7.057381 9.072701
3.727845 -9.589240
-6.711429 9.170127
0.766167 0.446966
3.291808 -7.323530
-7.392943 9.197637
-6.903296 8.074726
-6.884632 8.121553
-7.223528 8.274784
-6.732335 9.131559
0.825740 0.417935
-7.270203 8.249631
1.048969 -5.797075
-6.807322 8.888475
1.345394 -4.497275
-7.481041 8.909983
-6.655084 9.086750
-7.359653 8.588486
-7.230299 8.467302
-6.864615 8.490243
3.629590 -8.402059
1.605042 -6.409421
2.433321 -0.577433
-7.095061 9.259689
-7.149220 8.358266
-7.016626 8.271094
-7.417869 8.828716
-6.717183 9.216227
-7.449005 9.160190
-6.828907 8.437822
-7.256512 9.259356
-7.075490 9.120610
-6.730147 8.914915
0.984764 -3.434461
-6.694056 8.230311
-6.906591 8.312843
-6.833349 9.224153
-7.291658 8.188910
-6.718237 8.938224
-6.764758 8.612258
2.167431 -6.394323
-6.557379 8.522240
-7.132624 8.184364
-6.874990 8.010238
-7.703325 8.726352
-6.698315 8.701461
-7.452925 8.503387
-3.716211 2.762486
0.854257 -4.859023
-7.278165 8.333961
1.141113 -3.981891
-7.232464 8.753706
2.555068 -7.761182
-6.835141 8.275587
-6.850436 9.066582
1.737145 -4.557086
-7.441540 9.040539
-7.026472 8.349552
-6.972791 8.129066
-7.222675 8.772506
-6.772846 9.124837
1.191945 -3.926502
0.543296 -2.716304
-6.887508 8.652155
3.191589 -8.353930
2.062381 -5.596823
-7.357425 8.566750
1.065676 -5.149959
-6.946280 8.778533
-7.101539 9.475557
3.231473 -8.008037
4.373269 -9.010943
1.806333 -4.919547
-6.849893 9.206598
1.065960 -5.860075
-7.445619 9.162066
-7.305888 9.111134
1.443088 -3.926871
0.790240 -4.699362
-6.889498 9.177698
-6.716343 8.528898
0.716955 0.454587
-6.918727 9.539975
-6.795285 9.229040
1.476572 -6.212628
0.948593 -4.166948
-6.851595 9.398612
3.906395 -9.344760
-6.760289 9.503956
-7.093087 9.197286
-6.912944 9.411987
-7.173939 8.308485
-7.032901 7.584243
-6.971116 8.103340
-6.709941 9.049357
-7.046308 8.733334
-6.745364 8.386889
1.529607 -6.063804
3.435613 -8.648005
-6.816884 7.747761
3.398016 -7.342211
-7.177372 8.585582
-6.973835 8.974873
-6.924728 9.507586
3.680054 -9.059674
1.370003 -4.247130
-6.758627 9.092642
2.589447 -6.199359
-7.051741 8.307987
2.260680 -4.888341
2.613548 -6.111755
-7.295087 8.165881
-6.810095 8.796861
4.233247 -10.389503
2.445957 -4.394897
1.512743 -7.426492
1.524886 -5.512374
-7.125798 8.183672
1.469910 -6.686039
-6.838362 9.225171
-7.227314 8.811412
-7.193730 8.659546
-7.065446 8.544079
4.281958 -9.129562
-6.449885 9.055058
2.183660 -7.357129
1.224973 1.681175
-7.040172 8.104594
-7.242015 8.184413
1.041405 -5.012497
-6.988307 8.104469
-6.858009 8.111683
1.558709 -3.982686
-7.444686 8.480094
1.530731 -1.050369
-7.379489 8.026227
-7.033369 8.153569
-7.027947 8.891639
2.651568 -6.942094
-7.074500 9.405045
-6.766922 9.013092
0.974743 -5.051339
-6.977212 8.344965
-7.330777 8.716086
-6.886764 8.282434
-6.821505 9.121800
4.038730 -9.521047
3.115727 -7.073834
2.664207 -6.360265
-6.984858 8.760098
-7.411470 9.204820
-6.740242 8.351548
1.181731 -5.941359
0.371811 -4.507442
-7.043491 8.145033
-6.722088 9.055201
-7.205478 8.698766
-6.403965 8.385340
-7.054436 8.345776
1.436462 -6.447440
-7.057133 8.142875
-6.714688 9.146002
-6.892979 8.295580
-7.009384 8.696771
3.136767 -5.746925
-6.703919 9.177189
1.744489 -0.696119
-6.983813 8.893369
2.480848 -5.637070
2.017735 -5.493728
1.687743 -6.837371
1.492411 -3.964089
-7.119294 8.062313
1.779569 -7.193207
-6.790967 8.790659
-7.341341 9.057759
-6.508470 8.715606
3.144684 -6.866888
1.172127 0.399312
-7.006144 8.296798
3.249351 -9.038594
2.148953 -5.074715
-6.886974 8.565283
-7.242051 8.535893
1.133591 -3.712283
-6.970654 9.532775
1.613298 -1.082921
-7.101356 8.703282
1.507241 -6.353395
-7.108868 8.145906
-7.124593 9.973028
2.206829 -7.112406
2.270642 -8.961031
4.315973 -9.324521
-7.157094 9.272152
-7.383482 8.724909
-7.371579 8.509183
-7.188212 8.806284
-7.033138 8.334629
3.218215 -8.062668
2.466362 -6.954506
-6.772480 9.397443
-6.742844 8.163241
-7.020237 8.015595
-6.762960 9.153386
4.998037 -11.304625
-7.012341 9.414184
3.798177 -6.787148
-7.383587 8.758018
1.252727 -3.617571
4.516921 -10.192090
2.213486 -6.915744
1.086337 0.713005
-6.793937 8.498575
-6.724689 9.126321
5.505007 -11.803860
2.807476 -8.510465
-6.862308 8.782838
1.590551 -7.297312
-7.016140 9.067202
-7.059628 8.010305
1.921009 -1.545188
-6.728087 8.286272
2.936425 -7.532059
4.809916 -12.841019
-6.956104 8.203906
1.681876 -4.094437
-6.888342 8.524994
1.751074 -7.151635
1.893383 -4.457432
-5.455692 8.946721
2.937983 -8.066354
-7.293629 9.585190
2.359715 -6.082139
-6.695331 9.040521
3.526638 -8.108935
-7.574905 9.112926
0.983440 -5.127964
-7.182686 9.194796
-6.736772 8.911948
-6.866822 8.181399
2.405974 -7.606159
1.838301 -4.441342
-6.941331 8.958954
-6.825758 9.151960
-6.693138 9.103821
3.584111 -6.903975
-7.253911 8.112824
-7.281044 8.761117
-7.194775 9.524593
1.741656 -4.418575
-6.983194 9.351678
1.145738 -5.863585
-7.180099 9.490332
2.780643 -8.219934
4.330662 -9.138001
-6.751196 8.338294
1.088405 -5.246811
-6.863555 8.378042
-7.346528 9.192720
2.784359 -8.537941
1.503549 -3.968939
2.702021 -7.136628
1.623601 -6.422154
-7.131725 8.928721
-7.112507 8.910935
-7.111569 8.886106
-7.500042 8.180277
2.364304 -6.501540
-7.078640 8.933307
1.010650 -5.378569
-7.047801 8.776909
-7.231695 9.443557
-7.113119 8.891519
1.683447 -3.020684
-7.185148 9.875190
2.004122 -5.130356
-6.700122 8.988989
-7.048003 8.796571
2.176887 -7.587496
3.789386 -8.585055
-7.030728 8.821809
3.443440 -7.339620
-7.040582 8.827560
1.381811 -4.401405
2.359449 -6.014835
1.036470 -5.254073
-7.024927 8.782751
-7.104614 8.970909
-6.779808 8.999961
-7.087523 8.963667
-6.821858 9.201082
1.112448 -3.783251
4.382976 -10.345504
-7.108626 8.998655
2.980842 -8.771580
-6.834101 8.316407
-7.000212 8.789001
-7.091821 8.876796
-6.960161 8.926859
1.797798 -4.582325
-6.925959 9.266248
-7.084735 9.010018
-7.402996 9.320954
-7.043529 8.818138
-7.134356 8.982068
4.207412 -8.250789
2.532300 -5.824633
-7.040223 8.690477
-7.611341 8.132506
-7.055596 8.804607
-7.012015 8.472925
-7.075721 8.872264
-7.094353 8.846807
-6.767456 8.349733
-7.133632 8.789267
-7.120238 8.946348
-7.064175 8.852817
1.838029 -7.618783
-7.349110 8.449470
-7.226470 9.367438
-7.140641 8.915122
4.334681 -9.847739
-7.029260 8.919237
-7.084939 9.226739
-7.007809 8.828069
-6.931196 8.787809
-7.033604 8.879420
-7.027297 8.870099
-7.450360 8.334970
-7.148144 8.971849
3.455215 -9.321706
2.667777 -6.121329
-7.096049 8.963897
-7.770900 7.546588
2.353487 -5.601105
-7.004941 8.829280
3.669313 -11.448123
0.747640 -5.266596
-7.096894 8.826053
-7.055164 7.647725
-7.046962 8.794467
-7.085402 8.917092
-7.222964 9.427485
-7.090477 8.794383
-7.029250 8.864344
-6.777375 9.136492
-6.749382 8.580601
-7.123137 8.982302
1.651397 -4.401809
-7.118199 8.945707
-7.063425 8.920144
-7.072760 8.896628
-6.722864 8.566650
6.479489 -13.952471
1.105630 -5.194191
-6.726137 8.846788
-7.104684 8.857763
2.810118 -2.007805
-7.093315 8.839792
-6.739122 8.922380
-7.163488 9.156252
-7.046300 8.842361
-7.104398 8.950979
-0.345603 -2.649900
-6.525115 8.963867
-7.037420 8.540152
3.065382 -8.706639
3.731771 -7.929909
1.905802 -7.084635
-7.174271 9.507551
-7.079398 8.945004
-7.032504 8.873494
1.645639 -3.796743
-7.057564 8.836448
-7.158998 8.467868
-7.028935 8.805421
-7.140060 8.870575
-6.905456 8.414052
0.866696 -5.045184
-7.027981 8.721152
-7.114481 8.879789
-7.092799 8.986969
-7.043354 8.710291
2.963373 -6.861373
-6.944510 8.056070
-6.970472 9.017045
-0.230958 -2.717062
-7.080959 8.741187
-7.150702 9.082012
-7.001950 8.779065
-7.420964 8.623709
-7.128876 8.916562
2.805977 -6.179401
-7.107543 8.727500
3.255678 -8.265300
-7.118215 8.815228
-7.277649 8.311325
3.437999 -8.007660
-7.123450 9.086019
-7.139751 8.824106
1.243905 -5.990566
-7.006052 8.953156
2.542589 -7.735278
-7.016400 8.925778
-7.010722 8.968942
-6.908977 9.527786
-7.011170 8.888399
-7.144757 9.071385
1.634581 -6.479850
-7.039300 8.810372
2.154322 -6.448508
-7.075733 9.014960
-7.114729 8.862317
-7.002547 8.725823
-7.147457 8.722781
-7.032807 8.975425
-7.151757 8.442737
-7.311314 8.876977
-7.050434 8.987844
-6.800292 8.069828
-7.113659 8.747515
-7.067367 9.436787
-7.031803 8.929767
1.746782 -3.239378
-7.145066 8.761522
2.138165 -6.384124
-7.419191 8.378559
-6.997811 8.707565
-7.086573 8.912612
1.010615 -3.933108
2.031301 -6.307417
-6.695449 8.027472
2.878864 -8.241629
-7.119617 9.070618
0.997508 -4.655230
-7.008279 8.802495
-7.014847 8.977066
-7.088897 8.804716
-7.090764 8.978282
-7.035132 8.877357
-7.041741 9.007923
-7.129817 8.741889
1.145248 -5.699176
1.725264 -7.128627
-7.094315 9.072936
3.522057 -6.756268
-7.112158 8.735113
2.709201 -5.269925
2.287746 -7.626948
-7.097699 8.930134
3.399471 -9.311992
-7.151419 9.042903
-7.049650 8.784613
1.996233 -6.377375
-6.997445 8.933588
-7.037881 8.973344
-7.096603 8.817496
-7.079551 8.967495
2.708261 -7.577085
2.411899 -6.700148
-7.098809 9.047975
-7.250289 8.477308
-7.070876 8.651832
-7.042339 8.011738
-7.560180 8.320870
-6.797981 8.527284
-7.146647 8.923145
-7.018932 8.905340
1.824329 -4.748526
2.789573 -8.166577
-7.056092 9.124510
-7.070818 8.988383
-7.329998 8.393711
1.643671 -5.435464
-7.066200 8.995610
2.039050 -6.105807
-7.448204 8.395968
1.231487 -3.674041
-7.140396 8.922113
-7.071219 9.220541
1.144178 -5.898057
2.150380 -6.262201
-0.665441 -4.093448
2.196266 -7.573377
0.477535 -3.100636
-7.029652 8.587518
-7.179493 8.966616
-7.076014 8.819355
-7.012854 8.994138
-7.030170 8.731163
-7.005864 8.899447
3.413552 -7.761535
-7.081822 8.956811
-7.146873 8.948385
-6.731118 8.067243
-7.196429 8.964108
2.300271 -6.766136
-6.929874 8.651744
-7.000393 8.801545
-7.008643 8.960434
-7.195863 8.940253
2.006363 -6.190967
-7.009866 9.346628
2.034744 -5.851729
2.522140 -7.229808
-7.042361 8.729691
2.047459 -6.341205
-7.023136 8.897968
-7.188168 8.987930
1.725292 -4.420355
-6.970085 8.754782
2.143761 -6.238434
-7.069054 8.968090
1.973587 -6.569553
-6.908874 9.140147
-7.095063 8.908152
-7.213401 9.490967
-7.020336 8.720572
2.056224 -6.082458
-7.127093 8.783889
-6.798466 9.151206
-7.077691 8.769036
-7.153108 8.869113
1.102829 -4.125139
-7.150712 9.066695
4.657806 -9.670219
-6.709492 8.290755
-7.270794 9.261246
-7.153022 8.882997
2.213189 -6.372798
-7.148634 8.966605
-7.190157 8.891656
-7.204554 8.891988
-6.918965 8.110008
1.113084 -4.378029
-7.164068 8.985030
-7.115192 8.716163
3.594152 -7.827149
-7.070463 8.881959
-7.073276 8.851246
-7.151002 8.833571
-7.226243 8.912950
2.128031 -6.400663
-7.199414 8.993469
-7.390633 8.870567
2.377100 -6.787416
-7.195921 8.908694
1.777392 -5.084689
0.990059 -2.680932
-7.015255 8.765671
0.520204 -4.393876
-7.156991 8.885875
4.207266 -9.625961
1.023275 -1.360334
2.044746 -6.223562
-7.134174 8.814666
-7.111603 9.030399
2.325422 -6.558877
-7.048280 8.925254
-6.486510 8.926764
-7.010563 8.997564
-6.695122 8.093982
-7.121221 9.521357
2.162660 -6.680512
-7.225914 8.997448
-7.111689 8.871468
2.123163 -6.144953
-6.954760 8.492776
-7.151082 8.716899
-6.975182 8.300850
-7.080470 8.768095
-7.161297 8.920991
1.016541 -5.042157
-7.065112 8.837497
-7.073481 8.600758
2.154794 -6.529268
-6.999334 9.006007
3.939646 -10.002379
-6.996866 9.033083
-7.282635 8.047697
-7.105102 8.845843
-6.708506 8.391539
2.042423 -6.516514
2.320691 -6.900058
-7.169749 8.874286
2.328792 -6.969943
-6.736906 8.145275
-7.066061 9.016695
-6.943097 8.208597
2.586235 -6.874218
-7.112195 8.830868
0.936718 -4.204622
-6.840523 9.216308
-7.021005 9.018909
-7.079628 8.997706
-7.032709 8.723445
-7.046732 8.821611
-6.725747 8.332793
-7.219606 8.861192
-7.040951 9.077288
2.270901 -6.563483
-6.923718 9.204942
-7.146657 8.769300
-7.091897 8.898603
0.880241 -3.319061
0.934593 -3.714583
0.783331 -5.297756
-7.065833 9.060222
2.208978 -6.277102
-7.254723 8.171956
-7.049339 8.722263
-7.013719 8.798200
-7.112420 9.014297
-6.748590 8.751223
-7.065977 9.022776
-7.176049 8.888162
-7.135760 8.814240
-7.037662 9.054290
1.517138 -6.466999
-0.352902 -2.121257
-7.126593 8.640005
-7.053564 9.088696
-6.796866 8.826571
-7.319801 8.964672
0.993735 -3.665110
-7.192029 8.901565
-7.134694 8.679075
2.194119 -7.541471
-7.040439 8.678748
3.462029 -8.433909
2.354788 -6.952685
-7.003881 8.696813
-6.532885 8.435813
2.395144 -6.988520
-7.101449 8.917739
2.316529 -6.673505
-7.098533 8.812795
-7.276030 7.581367
-7.208937 8.818349
-7.045108 8.688506
-7.147847 8.669138
5.132507 -11.110064
-7.049373 9.027340
2.252865 -6.729862
0.960045 -3.673243
1.856608 -6.004542
-7.224864 8.795246
-6.834822 8.136496
2.139209 -6.712352
-7.021252 8.708912
-7.010192 8.795891
-7.207097 8.813620
-7.157762 8.938203
-7.140296 8.996300
-7.053111 9.020211
-7.059012 9.003163
3.342969 -8.105000
-7.364689 8.383368
-7.149436 9.065423
2.355827 -6.794992
4.080119 -9.103052
3.304128 -8.207768
-7.121461 8.681051
1.735580 -7.228707
-7.180634 8.812883
-7.151547 8.644015
-7.313143 9.172909
-7.124470 9.082734
-6.989709 8.829941
-0.265955 -2.413364
1.852661 -6.003052
3.478297 -8.452029
-0.007370 -3.432943
-6.969889 8.806381
-7.231034 8.862508
-6.931653 8.837261
-7.195629 8.850554
-7.166150 8.840524
1.945405 -6.128640
2.373638 -6.539418
-7.034494 8.685073
-6.985363 8.853924
-7.154294 8.954446
1.450908 -4.055202
-7.210170 8.818628
-7.114294 8.826799
-6.942339 8.847874
-7.224250 8.814277
2.027252 -6.525256
-7.088131 9.051695
-7.092179 8.846902
-6.941185 8.101172
2.439150 -6.973408
-6.822440 9.793326
-7.052303 8.713318
-7.030034 8.893558
-6.989313 8.787346
2.019059 -6.173079
-7.209133 8.975706
-7.143299 8.726469
-7.199833 9.230448
-7.057786 9.043079
-6.437405 9.151887
-7.228381 8.970344
2.550898 -7.139516
-6.718115 8.958619
-7.222242 8.851521
-6.718254 8.213260
2.233444 -6.240687
-7.049835 8.934099
2.294551 -6.512856
-6.807354 8.842953
2.006921 -6.113770
2.235193 -6.792791
-7.064203 9.077949
-7.100204 8.765308
-7.279714 9.504138
-7.172691 8.806865
-7.025709 8.210101
-7.184191 8.798375
-7.108472 8.790756
-7.043784 8.677938
-7.114358 8.687778
-6.857711 9.351141
1.097776 -6.291767
1.957937 -6.068262
-6.546775 9.338893
-6.952969 8.904674
3.489770 -8.258935
-7.218195 8.835157
2.400545 -6.908446
3.335087 -8.261386
-7.068531 9.025043
1.974101 -6.160735
-6.815598 9.108737
4.168944 -9.591362
-7.137927 8.557211
0.919788 -3.650863
3.141965 -8.020020
-6.942006 8.783408
-7.140960 8.687735
1.428295 -4.721593
-7.332018 8.435250
-6.991801 10.012564
-6.959774 9.270462
-7.111857 9.122781
-6.938425 8.844145
-6.708298 8.138439
-7.148567 8.821055
-7.044395 8.946433
-7.171027 8.887510
-6.922297 8.921021
-7.007012 9.026991
3.347416 -8.148566
-7.144908 8.675162
3.424376 -8.518714
-7.204474 9.041657
-7.203181 8.794085
0.610818 -4.963213
-7.038020 8.838155
3.520235 -8.301506
3.898378 -8.599109
3.325425 -9.280092
-6.751986 8.454976
-7.090355 8.707267
-7.007989 8.701876
0.532577 -0.985268
-6.982775 8.804542
-6.951992 8.884732
-7.135064 9.130309
-7.143929 9.003520
-7.030201 8.778279
-7.118253 9.052620
-7.067241 8.864734
-7.169299 8.810019
2.586539 -6.838838
-7.426271 8.462961
1.308454 -4.543220
-6.956553 8.834016
-7.149380 8.682337
-6.773664 9.208518
-6.997501 8.929046
-7.142970 8.907007
2.181623 -6.174950
2.474128 -7.013218
2.677140 -7.239841
-7.200164 8.885734
-6.924041 8.913333
-6.964150 8.742397
1.828519 -5.951056
-6.996863 8.752235
-6.919564 8.916703
-7.072755 8.825660
2.859282 -8.526734
1.820010 -4.466714
-7.177792 9.089185
-7.120628 9.045581
-6.951550 8.829247
-6.949851 8.850340
-6.940359 8.725829
3.271450 -8.300277
3.172589 -7.801513
-7.250799 8.362756
-7.055098 8.895663
1.924166 -4.260081
-7.058259 8.761019
1.900429 -4.755290
4.066654 -9.265953
-6.962842 8.737288
3.204139 -8.617360
2.408529 -0.318535
2.531599 -7.140240
-7.006288 8.769164
2.245190 -3.669277
-6.981253 8.882028
1.385138 -3.777489
0.248267 -4.164913
-6.719180 8.640576
2.100444 -6.575100
2.024104 -6.386528
-6.961334 8.717153
3.819361 -7.737226
3.630896 -8.694496
1.947639 -6.188559
-7.178826 8.992322
-6.725284 8.348771
-7.108258 8.851196
2.608266 -7.188165
-7.024457 8.864836
-7.170726 8.957747
-7.191751 8.838484
-7.146793 9.157625
2.202767 -5.849629
-6.949483 9.773636
-8.688175 5.816201
3.447789 -2.856088
-6.966529 8.876318
-7.022746 8.700650
-7.016925 8.844862
-6.995509 8.773750
2.274963 -6.146138
1.539461 -6.051594
-7.015730 8.818583
-6.934582 8.807588
2.678921 -7.093408
-7.117573 9.208821
1.985479 -6.573180
3.464276 -8.272192
-7.071404 8.658278
2.228513 -5.092200
-7.017110 9.036339
-7.223450 8.827732
-7.189116 9.077840
1.979748 -6.219471
-7.046994 8.710400
-7.225004 9.054551
3.263146 -9.207394
-7.207071 8.319769
-7.127157 9.308438
-6.959021 8.905374
0.917874 -3.776404
2.376776 -6.987523
-7.495035 9.611132
2.255730 -6.291732
-6.974403 8.797195
-6.959965 8.834467
-7.200366 8.751204
-7.248006 8.077552
-7.204144 8.853146
2.667233 -7.148403
-7.152844 9.010587
-6.791550 9.149288
3.508538 -8.608886
1.430693 0.691685
2.966400 -7.676461
-6.875304 8.048281
3.735827 -8.478293
-7.162640 8.787952
1.952878 -5.847205
-7.116895 8.284834
-7.170014 9.073167
-6.827621 9.396722
-6.693825 9.382203
-7.132621 9.000728
-6.782399 9.316158
2.122360 -6.525517
-6.991066 8.924745
3.144072 -7.921428
3.486089 -8.561651
-7.009567 8.998071
-7.104381 9.143734
-7.214443 8.842947
2.859638 -7.363000
2.884378 -7.614206
0.639988 0.836076
-6.794353 9.273040
-7.092010 9.072705
-7.166271 8.875772
2.846919 -7.528145
-7.096889 8.906815
-7.402754 8.599652
3.418053 -8.259054
-7.034093 9.032902
1.414224 -2.407091
-7.113198 8.745601
-7.167323 8.755651
-7.169296 9.045703
-6.999781 9.042824
1.854771 -6.264949
-6.798901 9.321304
-0.043046 -7.291401
3.244883 -8.203121
-7.024598 9.123861
-6.740832 9.323733
-7.011381 8.630195
-7.165859 8.832891
-7.027257 9.101752
2.647939 -7.241097
-6.975476 8.865431
-6.964392 8.941444
2.965980 -7.701236
-7.061577 8.785826
0.576838 -4.392825
-7.019861 9.154156
-7.250933 9.348746
1.912410 -6.066427
-7.204470 9.060785
-7.052720 8.864705
-7.178836 9.325144
2.475646 -7.192937
-6.725237 8.353371
1.889843 -5.921522
-7.067718 9.139331
-7.065841 9.163562
3.641757 -8.616729
-6.920365 8.794039
-6.795265 8.911672
1.969893 -5.776400
-7.040689 9.086464
-6.943984 8.961084
2.218420 -6.333082
-7.030772 8.697754
2.407651 -1.695603
3.275887 -8.273330
-6.746310 9.290999
1.914099 -6.135239
-6.929261 8.776292
2.204809 -6.105061
1.993924 -5.986470
2.323954 -7.079717
2.460121 -6.954941
-6.998050 9.124118
3.099614 -8.186771
-7.022817 8.722758
3.526558 -9.363030
-7.093790 8.650251
-7.009521 8.696583
2.828889 -7.527067
0.939254 -3.968071
3.613711 -8.699408
2.453617 -7.111028
2.125678 -5.396304
-7.042506 9.040565
-7.070260 8.919073
3.612367 -8.667521
-7.151907 8.939401
4.215939 -10.100295
-6.976010 8.889485
-7.142721 9.088890
-7.385649 7.771379
-7.153466 8.842388
-6.977093 9.012045
-7.251731 8.010827
-7.029855 9.107379
-6.768706 9.256030
-7.038482 9.128478
-7.005112 8.915408
1.838883 -5.768288
3.283800 -8.014824
2.739215 -6.665730
-7.135430 8.857841
-6.953465 8.694012
2.137206 -3.025482
2.078395 -6.304182
-6.965977 8.683100
-7.104339 8.703031
-7.027814 8.853281
-6.777137 9.290535
-7.218476 9.526624
2.467659 -6.733895
3.050256 -7.552681
-7.012915 8.692876
-7.023128 8.565380
2.028306 -6.499065
-6.924747 8.703846
-0.945846 3.255851
1.945935 -6.282721
-6.945499 8.996644
-7.099015 9.086396
-6.927372 8.683049
-7.006505 8.621032
-7.063485 8.937770
3.018830 -7.589725
-7.304014 9.538221
-7.051745 8.565117
-6.921844 8.767726
2.672563 -7.407535
-7.022709 8.572830
-7.057975 8.800416
0.829175 -5.399009
-7.331680 9.302051
-7.037211 9.093543
-7.082810 8.680992
-7.408093 8.373800
-7.111826 8.359682
-6.959103 8.633931
-6.796395 8.642858
-7.125129 9.098357
-7.178027 8.460694
-6.947625 8.636659
-6.836184 9.367241
-7.098040 8.731489
2.463790 -6.561080
1.993046 -5.922201
2.968173 -7.601061
2.685708 -9.065889
-7.168858 8.758234
2.376153 -6.297112
-7.048453 9.068176
3.395804 -8.361193
2.339568 -6.862314
-7.237712 8.013237
1.289415 0.474561
-6.976474 8.357537
-7.067577 8.688728
0.758930 -3.794357
-7.188633 8.938789
-7.554095 9.557698
-6.944481 8.994135
3.259017 -8.031544
-6.803107 8.236342
2.528947 -6.589819
1.981275 -6.762297
-6.435084 9.252252
-6.881602 8.796248
2.071276 -6.120942
2.070544 -6.305109
3.169286 -8.067002
2.617850 -7.095863
-6.900787 9.716858
-7.051176 8.807641
-7.204354 9.049635
3.817008 -8.982636
-6.927491 8.666435
-6.963006 8.668926
-7.230809 7.993063
-6.875133 8.699736
-6.807124 9.286860
3.379858 -8.089771
3.013491 -7.512993
-7.058663 8.703948
3.330614 -8.349169
2.128921 -7.103414
-7.165196 8.299417
2.032753 -5.793042
3.855297 -9.717152
-7.068003 8.612061
-7.041751 8.915347
-7.089752 8.624045
-7.127904 8.620376
2.446375 -6.052465
-7.144545 8.609457
-6.954579 8.680646
-7.074588 8.718287
1.773232 -6.042569
-7.026096 8.937646
2.090011 -6.477231
-6.739746 9.123662
-7.131201 9.206009
-7.091163 8.578425
3.715171 -8.215390
-6.773794 8.357677
3.098870 -7.625181
-7.052531 9.097356
-7.176605 8.873108
-7.312281 8.494083
2.358431 -7.021742
-6.708669 9.261365
1.130916 -5.575514
-7.296996 9.128839
2.641968 -5.792394
-6.999775 8.728711
-7.578733 9.391284
-7.193582 9.088884
2.613292 -6.982056
1.918237 -5.771321
1.774190 -5.692575
-6.598182 9.174758
-7.008882 8.936522
3.490930 -8.301138
2.777235 -7.631550
2.875612 -7.215204
2.066357 -6.053549
-7.419972 9.290946
-7.146015 9.293908
0.981595 -5.009491
-6.990086 9.162551
2.843502 -7.209897
-6.842836 8.216113
1.910877 -5.648351
-6.981823 8.702780
3.261095 -8.470405
-6.983163 8.189440
2.066161 -6.616171
-7.214700 8.795427
-7.108888 8.599903
-7.093482 8.641964
1.931172 -6.303903
-7.078619 9.012860
1.740284 -5.624191
-7.088269 8.572977
-7.129830 8.881141
1.959168 -6.335956
-7.189597 9.425016
2.524920 -6.672352
2.273414 -6.657162
-7.150552 8.647645
3.574227 -8.681882
-6.403511 7.652165
-7.000388 7.576235
-7.175902 8.691593
-7.194472 8.669477
3.432221 -8.498526
3.308385 -7.968795
3.361831 -8.415439
-6.829141 9.337084
-7.308008 9.127540
-7.093628 8.974502
-6.996525 8.761024
1.830608 -5.639761
1.777533 -0.117262
2.186948 -6.323307
1.780988 -5.832551
-6.897345 7.980861
1.813024 -5.759071
-7.080356 8.802548
-6.895271 7.991018
-7.184860 8.715284
-7.338388 9.267549
-6.885536 9.733601
-6.957043 8.804165
1.252923 -4.121279
1.685732 -4.383126
-6.770451 8.102926
-7.076441 8.778683
3.504400 -8.439645
-6.925600 9.000555
-7.053344 9.047595
-6.726770 8.996442
-6.840662 9.256385
-6.874914 7.921811
-7.078106 8.666564
-7.242038 8.789340
2.545192 -5.439743
-6.899166 7.930755
-7.223874 8.885074
-7.001852 8.994410
-7.009292 8.671115
-7.122359 8.757399
2.457875 -6.563501
2.123382 -6.506676
3.096765 -7.770653
2.507380 -7.292209
1.844396 -5.606641
-7.197514 8.747142
-6.852484 9.023257
1.879987 -5.668179
1.698308 -4.186573
2.123724 -5.893749
-7.225522 9.020528
-7.210008 8.142359
2.315050 -6.825051
3.931668 -8.840844
-7.000480 9.159025
-6.994407 9.015881
-6.968789 9.071443
2.255212 -6.537931
3.573268 -8.508079
-7.017969 9.056076
-6.747747 8.763018
0.932868 -6.112216
-7.105993 8.666862
2.395014 -6.321532
2.199043 -6.416682
-6.830363 8.188951
-7.152564 8.654024
-7.143032 8.850733
-6.960432 9.030324
-7.163111 8.721652
2.527143 -6.674432
0.696350 1.627046
3.522807 -7.653867
1.812873 -4.173911
2.846873 -7.307343
2.136421 -2.030750
-7.154197 8.627494
3.340819 -9.350077
1.144656 -3.666009
-7.009778 8.992563
-6.932143 8.801958
-7.015850 8.733944
2.733325 -7.524345
-7.186742 8.960704
-6.773060 8.781116
-6.816854 9.375739
2.710495 -7.571647
-7.169571 9.465513
-7.134035 8.302402
1.515533 -3.404174
-6.853034 8.353516
3.430100 -8.370234
-6.928924 9.004996
3.132774 -7.645865
-7.134707 8.670855
-6.916159 9.855334
-7.071372 9.045579
1.902338 -6.222985
-6.500629 8.194960
1.676778 -5.813421
-7.410881 8.609007
-7.019448 8.907356
2.440804 -7.071380
0.451577 1.622067
-7.002017 8.734056
-7.210906 9.299194
-7.148832 8.815871
0.883989 -5.265873
-7.300077 8.880865
2.840689 -7.716691
3.251637 -7.775968
-7.297378 8.261430
-7.053685 8.625302
-7.202414 8.956958
0.500337 -4.951236
-7.116298 8.792615
2.937828 -8.005605
-7.215618 9.093914
2.664210 -7.555781
-6.927304 9.032585
-7.116583 9.200264
-7.156738 9.102198
1.133012 -3.581192
2.575480 -3.762753
-7.056114 8.997882
-7.252426 8.877694
-7.068479 9.050467
1.672798 -5.544978
3.825161 -9.034806
3.739380 -8.641331
-6.961031 8.905166
0.130959 -3.081383
-7.127479 8.957206
-7.260445 8.916508
2.494947 -5.141853
1.720688 -6.150896
-7.137981 8.892634
-6.893674 8.335376
2.762802 -7.584428
1.753209 -6.174766
-7.113509 9.657765
-7.095710 9.195203
-7.094567 9.526802
-6.811686 9.083967
-6.822658 8.059565
-6.921968 8.679920
2.301341 -6.312288
2.449701 -7.448006
-7.084818 9.189961
2.967968 -7.415711
2.017457 -6.614443
1.058154 -4.880906
-7.296300 8.889013
-7.016756 9.052497
-7.004808 9.238006
-7.079085 9.215603
2.629090 -6.879161
-7.024431 8.821485
-7.304939 8.966716
-6.982323 8.937666
-7.093171 8.756807
-7.137758 9.741231
-7.101214 8.840999
-7.055852 9.089221
3.068590 -7.757201
-6.976974 9.046774
-6.724131 8.054102
2.060631 -4.733375
-7.278780 8.876038
-7.020846 9.572715
2.322558 -7.136110
-7.276013 9.009850
-7.128644 8.688283
-6.793046 9.302354
-1.195556 1.171960
-7.242726 8.925012
-7.337373 8.400504
0.720448 -4.774776
-6.830811 8.236773
3.500148 -8.785913
2.579656 -6.901907
-7.051455 9.238563
-7.043663 9.224589
-6.743902 8.665833
-7.178223 8.876303
3.398216 -8.727999
2.144614 -5.993262
3.093333 -7.861697
-7.015903 8.940382
-7.188037 8.863426
1.920873 -5.642427
1.695499 -5.839964
-6.423121 8.861970
-7.068104 9.067985
-6.969693 7.908176
-7.043372 8.507360
-7.289034 8.790599
-7.243302 8.820417
-7.414446 8.604832
0.774550 -3.629194
-7.289232 8.856482
3.544481 -8.501638
2.386361 -6.709953
2.405169 -7.152006
-7.295504 8.208668
2.017150 -5.887954
-7.273316 8.802975
1.748400 -5.514306
-7.252738 8.853697
-7.128947 9.076636
-7.132452 8.826958
-7.301493 8.846604
-7.346399 9.268829
-7.197737 8.792126
-7.147238 9.174294
-7.045331 8.846251
-7.083004 9.470340
2.309342 -7.226134
-6.968652 9.060376
-7.248042 8.825114
-7.204816 8.970715
1.656539 -5.532319
-7.205186 8.629909
2.319827 -7.188732
0.950531 -3.387703
-7.049146 9.214459
-7.025839 8.960961
1.970732 -0.292809
2.459884 -6.474545
-7.061596 9.228178
-7.282728 8.880415
1.031461 -5.649864
3.137518 -6.713858
-7.031676 9.560237
-7.117785 9.237921
1.801584 -6.157829
2.628797 -6.860441
-7.191538 8.953974
1.742269 -5.551332
-6.995064 8.676372
-7.237771 8.801810
2.419470 -6.982417
-7.055812 8.485650
-7.044414 8.926757
-7.042758 9.022545
2.017069 -6.121799
0.758198 -4.463912
3.170876 -8.078077
0.818593 -3.616973
2.887019 -7.030582
2.265705 -6.098603
-7.060810 8.899332
-7.303321 8.870029
-7.148922 8.693566
-7.022546 8.539474
0.883508 -5.713938
-6.871276 7.993989
2.807356 -7.250831
-7.127432 9.052541
1.013497 -5.219166
-7.109212 8.784490
-6.826518 8.998350
-6.946711 8.972051
-7.211097 8.782085
2.974851 -7.456536
3.188273 -8.130607
2.424055 -7.171833
-7.297431 8.793365
2.008346 -7.731124
-6.987648 8.371387
0.892090 -5.681614
-6.950143 8.864863
2.359329 -6.139346
3.681651 -8.559372
-7.004192 9.017681
1.754319 -5.934385
3.377422 -7.983046
-6.705138 8.992299
-7.077554 8.687571
-7.377396 8.197688
-7.029407 9.209826
-6.872441 8.015508
-7.039827 9.170037
2.628471 -7.535665
2.462743 -7.346099
-7.295045 8.821274
3.174452 -6.767685
-6.778565 9.335631
-7.130716 9.198122
1.838028 -5.950213
-6.979113 8.970358
2.880170 -7.032698
-7.267302 8.941441
1.946060 -5.592112
2.069456 -7.761709
1.877029 -5.485661
-6.918191 8.791290
-0.087833 0.062536
-7.231734 8.856612
2.585268 -6.520365
-7.139397 9.030926
-6.899162 8.795274
-7.128037 8.482323
2.961771 -7.967623
-6.721066 8.568440
3.226028 -8.381234
2.069720 -7.563766
-6.847851 8.737297
-7.065520 8.526420
3.614490 -8.716487
-6.861842 8.738888
1.533688 -6.972603
3.586132 -8.243782
-6.904433 8.761621
-6.833683 8.091519
-6.897235 8.743336
2.370171 -6.295087
-6.874774 8.780128
-7.235169 8.669497
-6.875108 8.803986
2.241669 -6.023979
3.154133 -7.705172
-7.139878 8.486814
-7.267357 8.965821
-7.355989 8.624407
-7.149272 8.829194
2.369132 -5.544024
-6.884758 8.819864
5.548542 -11.645334
2.018157 -6.514596
-7.296632 8.790440
-7.030355 9.165565
-6.861420 8.741816
-7.039644 8.528044
-7.301013 8.800463
2.446576 -6.614565
1.867820 -4.049757
1.561809 -3.720889
-7.190364 9.100271
-7.035617 9.177279
3.069107 -7.479224
2.096246 -7.781813
3.369454 -8.387503
-6.877564 8.704174
-7.137564 8.548868
-7.087659 8.521162
2.290246 -7.217929
-6.899787 8.839367
3.073832 -8.334329
-7.003899 8.529305
-6.866939 8.864223
-7.127222 8.024744
-6.763401 8.671337
2.786307 -7.131475
-7.008354 9.229277
-6.930353 8.566843
1.701318 -5.486592
-7.238780 8.861658
-7.368758 8.170473
-6.885552 7.915168
-7.117859 8.758669
3.181542 -7.614445
-6.881745 8.922281
3.426056 -7.968377
-6.862963 8.742634
-6.881938 8.910336
1.591648 -5.830811
-6.733651 7.942348
-6.417928 9.273153
-6.847512 8.890680
-7.292745 8.843900
2.949769 -7.673339
-7.229456 9.009551
2.192555 -7.151357
1.669138 -5.768516
-7.205021 8.676057
-6.706584 7.874839
-6.890440 8.856933
-7.083342 8.198008
-7.088989 8.006960
-7.106215 8.895765
1.599095 -6.926478
-7.589583 8.264474
2.525669 -6.440516
2.505188 -6.738572
-6.895065 8.737912
-7.057182 9.218817
4.803463 -10.140725
-7.269143 9.050492
3.738191 -8.571354
0.409787 -5.548158
-7.229383 9.021860
4.113873 -10.337343
2.718752 -6.878672
-7.173090 8.673539
-7.263669 8.380344
3.645905 -8.668750
-7.291509 8.846252
3.366221 -8.324740
-7.295140 8.842219
-7.071397 9.654572
1.802149 -5.342220
1.869570 -6.587780
2.260468 -6.143804
-7.283543 8.771646
-7.178210 8.951164
-6.994257 8.800067
-7.053269 9.042525
2.882738 -7.246608
-7.253284 8.866153
1.471391 -4.678186
-6.930700 8.767191
-7.190916 8.895872
2.225281 -7.134049
-7.252728 9.050147
3.424820 -8.685723
0.651321 -4.422435
-6.875585 8.881328
-7.076226 9.168785
0.347774 -3.628767
2.996919 -9.138842
-6.987159 9.024545
-8.524871 4.736544
-7.004973 8.647548
-7.254539 8.867300
-7.100014 8.718695
-7.235551 9.059001
-6.916879 8.897927
-7.252590 8.806317
-6.862907 8.771129
3.545806 -8.854733
-7.233039 9.027136
2.408806 -7.173952
-7.245092 9.928143
-7.094109 9.146328
-7.250129 8.816332
-6.951283 8.679858
-7.026463 8.845716
-6.982429 10.209994
2.351959 -6.213250
-7.159688 8.815440
-6.871340 8.678643
0.735362 -4.623964
-7.216201 8.586372
-6.748337 9.275671
2.595928 -6.692082
-6.956707 8.891189
2.208969 -5.797259
2.830162 -7.843612
-6.716757 7.971011
-7.267162 9.034628
-6.396798 7.631050
-6.881067 8.890807
1.979220 -5.630067
-7.021707 8.991792
-7.088192 8.809930
2.929779 -8.171270
3.137574 -8.202552
-6.880897 8.842971
-7.262898 9.051508
2.860152 -5.935549
-7.259923 9.033911
0.937873 -4.005743
-7.135783 8.709921
-7.132123 9.126833
2.338335 -7.222578
2.730304 -7.727141
-7.004074 8.882416
-7.042237 7.867245
-7.362118 9.162012
-6.989624 8.900020
-7.012533 9.683544
3.177844 -7.610754
-7.399998 8.225341
-7.062075 7.908834
-6.744096 9.262036
0.278466 -5.846859
-7.218533 8.644020
-7.033313 8.544293
-7.278986 8.739229
2.171093 -5.833086
-7.161467 8.753525
4.238211 -10.655647
-7.134906 9.269368
10.871574 -20.695770
2.677248 -7.698476
-7.228230 8.655984
-6.941236 8.869550
2.932543 -7.820161
1.049679 0.641757
0.935914 -5.298235
-7.235668 8.835954
-6.983573 8.527267
-7.295756 8.859280
-7.257575 9.058135
2.063942 -6.584598
-7.139524 8.889977
-6.687850 8.828390
-7.111777 8.714284
1.607475 -5.801723
-6.902061 8.657267
-6.746878 7.924922
-7.353900 9.330810
-7.218213 8.976690
-6.884638 8.836272
-7.444689 8.467631
-6.867325 8.612150
3.041684 -6.481226
2.990622 -8.084677
-7.290942 8.967610
-6.376420 6.171500
2.995502 -8.906981
-6.989263 8.508656
-6.811002 9.738121
-7.228621 9.236666
2.037398 -7.716427
-6.847960 8.626843
3.300590 -8.651769
-6.909538 8.940845
2.316745 -6.217974
-7.177752 8.885921
1.754753 -6.250463
-7.050928 8.796055
2.638475 -6.772584
-6.899030 8.938451
2.265392 -5.798235
0.878587 -4.404339
2.371284 -5.179021
3.271547 -8.492396
-6.490542 9.068597
-6.731217 9.283456
1.874067 -4.144372
-7.296429 8.953828
-7.114755 9.595569
-7.222477 8.776074
-6.990351 8.281365
-7.032431 9.169721
2.701630 -6.773854
4.118128 -10.355354
-7.173717 8.942295
-7.035857 8.630417
-7.202936 8.842858
-7.287677 8.798846
-6.582314 8.444411
-6.885381 8.742473
-7.043378 8.583698
2.881538 -7.003256
1.721742 -4.168836
-7.067986 9.218113
-7.458055 8.364227
-7.087926 8.383450
-6.986337 7.984742
0.910836 -3.695235
0.999604 -4.978742
1.568971 -3.090083
3.137923 -1.240659
-6.960709 9.070662
-6.863684 8.672999
4.837632 -10.296495
-7.000479 8.147675
-7.211542 8.674332
-6.888181 8.853582
-7.165904 8.929800
-7.097629 8.528452
-6.868814 9.011161
-7.271968 9.031396
1.554886 -5.788918
2.219110 -4.585288
-6.728028 9.016098
-7.147376 8.589238
-7.257849 8.919535
-6.755108 8.570710
-6.861718 8.984841
-7.270401 8.361036
-7.062418 8.593481
-0.287017 0.693156
-6.911084 8.251460
-7.019815 9.651708
3.797626 -8.424534
-7.264376 9.085023
-6.880032 8.673434
-6.757884 9.262060
-7.230262 8.688756
-7.136363 9.809922
1.417924 -5.558716
-7.189309 8.599082
-6.403342 9.272177
-7.301710 8.865464
2.223341 -4.740028
-7.050002 9.270726
2.498852 -7.590671
-7.179635 8.474746
-7.166028 8.500202
-7.032509 8.357626
2.744874 -6.623333
3.661199 -8.129100
-7.002917 9.246863
-6.975135 9.216424
3.296412 -8.312566
-6.603554 8.675432
-6.892260 8.794421
-6.711821 7.872677
-7.183100 8.528834
-7.030312 8.696182
2.601542 -1.703429
-6.842282 8.046468
-6.858269 8.982671
1.895568 -5.416385
-7.294552 9.494244
-7.292443 8.806228
-7.317873 9.289466
-6.849456 8.989196
-7.348512 8.274713
-7.261560 9.020751
-6.916173 9.011702
2.991151 -7.169796
-6.862857 9.272591
-7.091346 9.258078
2.607531 -6.539506
-7.141262 8.731455
-7.028745 8.928268
2.782612 -6.893165
-7.030313 9.275590
-6.949073 8.488181
-6.865349 8.846920
-7.076617 8.995101
-7.003407 9.305887
-7.151069 7.926279
3.698217 -8.842522
1.524920 -6.060605
-7.264253 8.659988
3.749161 -8.120680
2.988790 -8.135745
-7.074463 9.257929
2.498373 -7.593699
-5.664103 7.257128
-6.901119 8.816201
-7.174577 8.665031
-7.109612 8.809924
-7.453094 8.560475
-7.050484 8.711045
3.004498 -8.838143
-6.851718 8.951562
3.802059 -8.405632
-6.890748 9.043545
3.065238 -8.365305
-6.706773 8.167737
-6.777259 8.000535
-6.889292 9.057745
-7.246151 8.640958
1.548107 -4.335029
-7.234047 8.535239
-6.923583 9.032144
-6.940518 8.797971
4.514570 -9.651960
3.970087 -8.833090
-7.154225 8.537332
-7.148894 9.257615
-7.248497 9.102219
3.429446 -7.970046
3.021908 -6.563331
-7.561934 9.530040
1.382790 -5.615348
-7.105143 9.164318
1.405599 -5.657305
-7.038894 8.849975
2.192227 -3.013808
-7.022964 8.445919
-6.784880 9.155698
-6.948915 8.536636
-7.127727 9.277344
-7.117155 9.028565
0.777660 -4.956305
-5.778438 6.971385
-7.006594 7.951548
3.242623 -7.765546
2.188185 -7.788377
-7.241054 9.131555
-7.780119 7.291182
-6.750284 9.013856
-6.879016 9.053518
-6.860356 8.715543
-6.889590 8.639112
-6.992620 8.506597
1.430166 -5.510476
1.376984 -4.104767
1.804856 -4.066486
2.371177 -7.306673
-7.087530 9.024043
-6.891168 8.564416
-7.258789 8.645073
1.822101 -4.770726
3.260220 -8.589380
-7.139040 8.968387
-6.586297 8.392964
2.974585 -8.915807
3.901958 -10.137909
-6.875194 8.777775
-6.886930 8.978839
-7.157429 9.212597
2.989222 -8.227226
2.289158 -5.261969
1.401078 -4.457942
-7.285483 8.701493
-6.918644 8.767076
4.910724 -10.182861
-7.067071 8.412110
-7.485211 8.763115
-5.767745 7.128941
-7.100612 9.454410
-6.915148 7.860003
1.295096 -5.976862
1.923903 -5.382511
-7.759170 6.997802
0.747829 -3.497421
-7.303705 9.090785
-7.059924 9.191978
2.167474 -5.666660
-7.451364 8.177933
2.173504 -7.238503
1.759567 -7.419200
3.159199 -8.532499
-7.285436 8.740280
-6.732846 8.478022
-7.043973 8.776649
-6.824517 9.080333
-21.197691 -13.248449
-7.442115 8.794414
2.214894 -5.614552
-7.516342 8.847059
-7.493388 8.895185
2.528796 -6.344858
-6.389056 8.984526
-7.133259 8.615566
2.753004 -6.901566
1.381513 -5.505152
-6.799271 9.321780
3.260427 -7.761852
-6.895621 9.073961
-6.578994 9.052943
-6.993118 9.042523
-7.235386 9.705636
-6.899598 8.550658
-6.746738 9.400211
-0.171674 -2.133698
-7.171990 8.899511
-7.331015 8.208667
-6.880847 9.624841
2.096788 -5.770949
4.561030 -9.438618
-6.853912 9.073120
-6.864245 8.663808
-6.753177 8.264471
-7.585818 8.635211
1.002154 -3.758047
1.702190 -7.608759
2.992715 -8.278837
-6.876013 8.623954
-7.509316 8.811121
1.754965 -5.106800
2.640754 -7.900845
0.795178 -3.850673
-7.260046 8.962574
2.528450 -3.108629
2.558824 -3.585415
2.919352 -8.240754
1.480597 -5.823450
-7.240241 8.645628
-7.127432 9.070181
-7.395426 8.456937
-7.095131 8.176888
-7.265100 9.130139
-7.046813 9.053904
-7.162816 7.881601
-7.370571 8.844139
-6.739738 8.666751
-7.292614 8.707506
-7.341449 8.841067
-7.047824 8.743235
-7.136153 9.193283
-7.242501 7.899017
-7.265947 7.789608
1.490289 -5.779382
2.845284 -8.137002
-6.755564 8.798800
-7.366385 8.935099
2.881716 -2.530537
-7.250591 9.057158
-5.764343 7.091798
-6.576816 8.766999
2.885419 -5.257196
3.749286 -8.542622
2.571198 -6.200728
-6.841741 8.516115
3.773025 -7.830785
3.161620 -4.502954
3.720670 -8.306316
-7.288248 9.048019
-6.894238 8.528524
0.312227 -3.790569
-6.827818 8.765666
5.954237 -11.849939
-6.794182 8.749214
-7.131184 8.004750
-7.284541 8.637491
-6.691623 9.382923
2.061473 -7.084922
-6.917740 9.248695
-7.358933 8.824087
-6.772175 8.729460
-7.252376 8.242565
4.364785 -10.127704
-7.281171 9.643675
-7.417978 8.738841
-7.170494 8.743026
-6.778677 8.723501
-7.198133 9.626937
-6.908511 9.022688
2.700446 -5.508802
0.453860 -5.988769
-7.251159 8.984979
-6.789535 8.363894
-7.328341 8.840517
-7.129147 8.903401
-6.708290 7.975841
-7.080090 7.995940
-7.686070 7.400724
-7.056358 8.427979
-7.349802 8.982712
2.966794 -1.069820
-7.125330 8.530490
-7.238890 9.157983
2.700119 -8.357874
-6.844109 9.016278
1.515479 -6.853970
-7.472006 9.597584
-7.358961 8.846799
-6.896113 9.111048
-7.122384 8.353315
-6.785687 8.772295
-7.362860 8.896250
-7.032251 8.646143
2.343027 -5.177891
-7.298633 9.245118
1.817349 -6.621273
-6.718947 8.974350
-7.536776 8.586763
-6.863418 8.760452
-7.555101 7.783772
2.745311 -6.386457
-7.175943 9.580961
-7.230857 7.974908
-6.980767 8.642660
-6.898238 8.566284
-7.278278 8.777245
3.541792 -8.027218
0.060864 3.473964
-7.074779 9.241677
-7.179477 9.206702
-6.892078 9.723932
-0.264993 0.186554
-7.019979 8.811502
-6.864988 8.920556
-7.489385 9.051485
2.843591 -8.845047
-7.482560 8.791015
-7.615195 8.976138
-6.836466 8.915392
1.906632 -3.031461
-7.111367 9.372463
-6.838264 8.879423
-7.123339 8.647648
-7.244454 9.186106
-7.062288 9.328293
2.238646 -4.501594
3.833633 -8.592102
2.238676 -8.015356
-6.714881 9.129719
-7.312077 8.877226
-7.300368 7.524817
-6.581820 9.028427
1.722821 -3.858578
1.702419 -6.571419
-7.305281 8.200276
-6.979429 8.854156
4.162366 -8.870323
-6.885122 9.027638
-7.040216 8.534214
2.729053 -2.433940
0.447102 -4.979988
-6.547902 7.936573
1.042480 -5.984987
2.501771 -6.161834
-6.989446 8.752070
1.423850 -5.965152
2.794570 -6.717800
-6.963597 8.457106
-6.775418 9.347840
-6.774665 8.509813
-7.272769 8.710049
1.217941 -3.346350
-7.438097 8.386409
-6.777585 8.862297
-7.275988 8.639527
1.135359 -7.445657
-7.130415 9.341276
3.699324 -8.378248
-7.321405 8.922501
2.156478 -5.543631
-6.967093 8.377534
-7.466887 8.933310
1.916763 -6.959469
-7.347582 8.639844
2.435431 -5.687975
-6.825099 8.665729
2.994678 -6.342960
-7.380495 9.037259
-7.101424 9.372567
-7.246204 8.664310
1.017518 -3.259967
-6.730291 9.444829
-6.978685 8.668846
-6.904842 8.773110
1.839787 -6.978576
0.149691 -3.525005
0.833317 0.318412
2.287004 -7.535203
-5.630767 7.200501
-7.354781 8.975821
-6.851892 9.056224
4.316132 -7.078308
-6.705667 9.505480
1.771814 -4.177626
-7.299925 8.700362
3.592308 -9.699730
-7.602640 8.765881
-7.477423 8.506629
-7.270380 8.998033
-6.851221 9.153470
0.401382 -3.925394
1.765732 -6.565641
-6.839785 8.861961
-6.886773 9.181351
-6.962759 7.998993
-7.305099 8.478703
-7.468652 9.010365
-6.817651 8.011102
-7.091404 7.990294
-7.114933 8.348887
-6.738111 9.711666
-6.876476 9.176253
-6.573136 8.458712
-7.240793 8.784240
-6.917494 8.663903
4.439898 -9.691175
0.800122 -5.929798
-6.545847 9.244618
-7.279807 8.873535
3.993292 -8.683846
5.697998 -13.056334
2.053380 -4.413332
-7.161339 9.415009
-6.904521 8.122470
-7.518816 8.949550
-7.161461 9.652635
-7.047630 8.355639
2.828462 -6.635767
3.022270 -8.512439
-7.611726 8.664947
-7.099148 9.253975
-7.121435 9.359802
-7.019244 8.646517
-7.496641 8.603863
3.181951 -7.170884
-7.109615 8.466131
-6.774252 9.333727
0.256086 1.590788
-7.278547 8.976464
-7.280903 9.059710
-6.910650 7.791178
-7.600996 8.827236
0.618574 4.386741
-6.917336 8.540707
1.992070 -7.200833
-7.243676 9.215646
3.283484 -9.648392
3.696842 -8.149205
-7.153258 9.643138
3.670800 -7.466073
1.394679 -6.150007
-7.607796 9.086692
-7.501949 8.454544
1.332579 -3.482155
1.046856 -3.032991
-6.629688 9.146806
0.462710 2.296928
-6.611247 8.636893
-7.065297 8.380633
-7.372851 9.082756
0.084438 -4.254050
-7.149793 8.524135
-7.330184 8.871920
3.731244 -8.166702
-6.708005 8.384594
-6.832252 9.809418
1.453882 -3.536772
-6.823630 8.800338
3.972038 -8.032831
-6.909013 8.026252
-7.236366 9.049336
1.695934 -3.932904
-6.911407 8.338358
-6.903645 8.897857
-6.821189 7.769657
-7.251839 9.537367
-6.872865 8.630043
-7.539406 9.218751
3.103572 -1.393339
-6.694655 8.290648
0.405988 -6.229383
3.025389 -8.428474
3.401472 -9.255962
2.000042 -3.497220
-7.030009 7.844984
2.687480 -9.533719
1.174918 -5.023987
-7.308633 8.019339
-6.929291 9.379655
-6.649077 8.449758
4.690569 -12.052554
-7.134090 8.521148
-7.402390 8.822995
-7.223687 8.983857
-0.030163 1.297284
-7.383785 8.861680
-6.719665 8.844150
2.677229 -8.173660
0.771027 2.206186
3.197745 -8.857048
-7.279873 9.712652
-6.461564 8.214405
-6.550404 9.350358
-7.054401 8.540967
-7.129051 8.579272
-7.483175 8.286503
5.118193 -12.427293
4.710851 -9.312406
-7.911473 8.333863
-6.740327 8.854242
-6.754429 8.892947
4.284801 -8.659895
1.936881 -4.135988
3.162447 -5.772959
2.887954 -9.459685
-6.401799 9.047082
-6.560445 8.367549
2.530910 -4.702440
-0.024211 -4.863721
-8.041568 6.200372
3.704198 -8.052485
3.816643 -8.048592
-6.669902 8.642747
-6.761793 8.828705
-6.733549 8.847706
-7.408993 9.075968
-6.084611 7.630004
-6.743448 8.635646
-6.460170 8.680714
2.162814 -3.822910
-6.862862 8.814218
2.172683 -8.624150
-6.322187 8.321254
-6.758976 8.825394
-7.433771 8.501415
-6.802521 7.757316
-7.483279 8.170944
-7.275734 9.735703
-6.251478 8.270952
-7.741734 8.525917
-6.625369 9.370226
-6.732464 8.465858
-6.332312 8.509641
-6.740831 8.900871
-7.022582 9.591707
3.506713 -9.627741
2.616259 -5.000191
2.013280 -3.885635
3.832203 -11.632668
-6.333334 7.994795
3.540930 -4.477264
-6.971960 7.920609
2.844696 -8.904436
-6.527047 9.145594
-7.682909 8.467820
-6.400293 8.881061
-6.989790 8.212134
4.846565 -9.692597
-6.689472 8.213943
-7.374601 8.222604
-7.015054 9.949774
-7.884445 9.025484
3.918905 -7.704493
-7.221275 11.701187
-6.766930 8.450164
-6.826416 10.169193
-0.361931 -3.061385
-6.751627 10.218969
-7.827498 8.410833
-6.841736 8.246054
-6.394480 8.288167
5.032527 -9.230392
-7.729963 8.802621
-7.691516 8.518874
1.733126 1.793398
-6.532051 8.307669
5.130455 -9.636856
-7.848125 9.718598
-24.696491 -13.879757
