-0.178338 -0.085662
-0.125784 -0.107878
2.282885 -1.614983
2.265607 -1.651073
2.619835 -2.240286
2.669942 -2.260590
2.373118 -1.466679
2.434527 -1.458741
2.394832 -1.549223
-0.412635 0.391237
-0.450172 0.279778
-0.292287 0.380857
-0.148139 -0.172414
-0.147908 -0.174992
2.181027 -1.564259
2.168750 -1.510128
2.321372 -1.697198
2.327540 -1.728844
2.269878 -1.564137
2.259017 -1.567201
-0.138470 -0.254769
-0.117410 -0.248532
2.764793 -2.180614
2.801998 -2.178446
2.273925 -1.565130
2.245381 -1.541808
2.225249 -1.579439
2.132517 -1.545517
2.140530 -1.543040
3.954525 -4.189567
3.863915 -3.973292
2.288003 -1.606472
2.307275 -1.588900
2.352066 -1.779028
2.333002 -1.752942
2.517989 -1.967319
2.540168 -1.954989
2.374579 -1.719849
2.402849 -1.695334
2.431161 -1.704792
2.436554 -1.695952
-0.128884 -0.105619
-0.146818 -0.095373
3.489485 -3.500252
3.410362 -3.547311
-0.170780 0.307801
-0.084246 0.293252
-0.140737 -0.297301
-0.176384 -0.323685
2.600925 -1.916505
2.742006 -1.995377
1.031296 0.128253
0.880551 0.193725
0.894919 0.287535
2.813538 -2.389522
2.758670 -2.397784
-0.313849 0.063239
-0.300578 0.113516
2.472892 -1.914815
2.509386 -1.895521
2.445548 -1.915911
-0.133141 -0.277545
-0.140056 -0.314048
-0.257562 0.167791
-0.314608 0.147098
0.973296 0.512219
0.906221 0.556281
2.460574 -2.255295
2.455842 -2.218420
2.587481 -1.618950
2.541219 -1.128073
3.142464 -2.932655
3.084140 -2.943034
2.302639 -1.695701
2.328941 -1.667693
2.775331 -2.450160
2.800300 -2.465616
2.759371 -2.461564
2.765000 -2.470342
-0.151754 -0.096785
-0.182636 -0.037779
-0.133859 -0.706249
-0.171803 -0.799575
0.104623 0.056699
0.051870 0.115874
-0.289560 -0.307192
-0.196824 -0.321322
-0.190233 -0.179816
-0.131694 -0.131628
0.114874 -0.024672
0.101328 0.065899
2.618438 -2.194564
2.636523 -2.201208
2.521267 -1.979288
2.528126 -1.940332
0.919463 0.440387
0.779989 0.535052
-0.133763 -0.100370
-0.128875 -0.044059
2.180101 -1.418569
2.194959 -1.422023
3.045743 -2.585919
3.136983 -2.379282
-0.147691 -0.705181
-0.155153 -0.773555
2.863012 -2.534859
2.826532 -2.617336
2.834805 -2.470643
2.846997 -2.505026
-0.174344 -0.271115
-0.169605 -0.290228
2.058758 -1.414424
2.056610 -1.401137
2.333928 -1.827980
2.315209 -1.850908
-0.089482 -0.525139
-0.072357 -0.605363
2.896955 -2.533980
2.835177 -2.538881
0.769485 0.288716
0.951402 0.247526
1.928756 -0.938671
1.683950 -1.027351
0.020828 0.151945
0.032646 0.216760
0.048482 0.619271
-0.183013 0.444170
2.186661 -1.505187
2.191877 -1.439384
-0.154079 -0.203230
-0.133706 -0.242254
2.245892 -1.486994
2.217880 -1.474978
2.132052 -1.400747
2.138603 -1.380984
2.970835 -2.416830
2.935352 -2.463123
2.616379 -2.192537
2.645920 -2.124235
-0.177605 -0.280305
-0.161786 -0.314922
0.211777 0.642700
0.191105 0.652398
1.806847 -0.830076
1.747841 -0.809483
3.136405 -2.808715
3.210291 -2.752620
2.573280 -2.082602
2.533888 -2.051243
2.850418 -2.442392
2.846637 -2.509604
2.068680 -1.361040
2.107749 -1.394434
3.430074 -3.415525
3.490272 -3.383216
2.866057 -2.575378
2.902833 -2.550932
2.687361 -2.369917
2.700341 -2.428114
2.123105 -1.416692
2.112403 -1.397494
-0.232059 -0.472047
-0.227982 -0.413264
2.888547 -2.491161
2.212558 -1.656781
2.217105 -1.637392
2.680456 -2.334706
2.744215 -2.315169
2.580789 -2.139934
2.558809 -2.172466
2.254783 -1.717522
2.237439 -1.663344
-0.071603 0.104069
-0.161400 0.087122
2.544834 -1.991336
2.569300 -2.045912
2.876379 -2.555230
2.861697 -2.537001
0.403392 0.181161
0.248702 0.216964
-0.131918 -0.102526
-0.139906 -0.046801
-0.177914 -0.023217
-0.180005 0.009526
2.356575 -1.854811
2.311290 -1.852246
-0.132352 -0.016811
-0.144751 0.038965
2.113348 -1.284894
2.074843 -1.345107
-0.143985 -0.309299
-0.151004 -0.328067
2.807801 -2.486069
2.753997 -2.496599
2.099956 -1.227818
2.073384 -1.139924
2.624841 -2.076077
2.660041 -2.066143
-0.113134 -0.189311
-0.082727 -0.155293
2.099529 -1.088148
2.121063 -1.018069
-0.047503 -0.144380
-0.079996 -0.190372
-0.185286 0.016115
-0.180293 -0.011056
2.115173 -1.350341
2.099339 -1.343491
0.082277 -0.220056
0.058644 -0.328150
-0.170323 -0.061026
2.222112 -1.762201
2.211883 -1.823662
-0.003015 -0.085176
0.048569 -0.066723
2.860820 -2.364043
-0.149354 -0.260802
-0.157394 -0.255281
-0.110101 -0.189928
-0.066396 -0.139865
-0.135340 -0.147583
2.636712 -2.276241
2.610379 -2.237351
-0.123578 -0.282870
-0.172110 -0.292405
-0.118033 -0.143168
-0.136009 -0.118261
2.254075 -1.574859
2.270022 -1.543994
-0.136162 0.015745
-0.179729 -0.017965
2.251765 -1.640481
2.261019 -1.596902
2.496361 -2.055128
2.513936 -2.092214
-0.091932 -0.052571
-0.098633 -0.040456
1.577394 -0.660760
1.660788 -0.805456
2.063152 -1.288146
2.055933 -1.276524
2.799609 -2.293220
2.796482 -2.317195
2.071647 -1.416103
2.112186 -1.364403
2.216014 -1.496860
2.256887 -1.444439
2.504866 -1.761077
2.478081 -1.747870
2.493177 -1.744364
2.451876 -1.778448
-0.188345 0.010759
-0.084907 0.004495
2.215055 -1.512995
2.233838 -1.560835
-0.089552 -0.115430
2.200236 -1.533423
2.249936 -1.712957
2.218726 -1.722673
-0.079156 -0.108525
-0.053808 -0.101126
2.861640 -2.581594
2.828373 -2.566225
2.891269 -2.502387
2.883414 -2.467404
-0.062633 -0.083738
-0.064914 -0.044901
2.062257 -1.370182
2.085603 -1.372969
2.348347 -1.611444
2.325418 -1.623627
2.768451 -2.368006
2.803815 -2.422036
2.558173 -1.906893
2.560757 -1.948681
-0.174919 -0.029041
-0.123704 0.028934
2.064723 -1.594641
1.991123 -1.637183
4.307650 -4.825901
4.361377 -4.676718
2.744328 -2.265924
2.724397 -2.231344
1.859442 -0.556590
1.691128 -0.556746
-0.152426 -0.228933
-0.184028 -0.231536
2.313885 -1.592465
2.326202 -1.612166
2.360898 -1.852245
2.306509 -1.876917
-0.024905 -0.325830
-0.049485 -0.425118
2.524059 -1.973610
2.475743 -1.987793
2.498034 -2.039277
0.505824 0.590374
3.538143 -3.654168
3.617687 -3.656276
2.885582 -2.476736
2.856112 -2.509072
2.712075 -2.174730
2.711977 -2.163161
2.440967 -2.010387
2.495990 -2.027392
2.433228 -1.748501
2.423035 -1.809996
2.252210 -1.470962
2.253433 -1.428490
-0.063226 -0.056476
-0.038155 -0.104630
4.368362 -5.018505
4.314169 -4.930827
2.516136 -1.591783
2.507083 -1.604549
2.149303 -1.532081
2.205442 -1.582705
-0.098714 -0.237324
-0.106488 -0.215511
2.749787 -2.317662
2.802257 -2.329472
2.294638 -1.687855
2.293069 -1.675127
-0.051046 -0.261268
-0.063009 -0.261379
2.123276 -1.281728
2.097297 -1.327049
1.607355 -0.793760
1.433995 -0.563456
-0.042300 -0.103312
-0.035964 -0.037938
-0.143124 -0.334722
-0.152947 -0.340951
2.833673 -2.570508
2.877534 -2.517605
-0.082371 -0.114461
-0.138494 -0.057262
-0.168557 -0.051430
-0.102716 -0.209963
-0.092603 -0.254987
-0.291005 -0.035380
-0.073899 -0.193202
-0.044640 -0.222073
-0.165599 -0.383163
-0.188306 -0.347880
-0.123343 -0.381095
-0.173345 -0.369369
0.115477 -0.439661
2.595889 -2.045651
2.633846 -2.040362
-0.151763 -0.295844
-0.131944 -0.273263
-0.132744 -0.025784
-0.127936 0.034748
2.938112 -2.613563
2.943516 -2.620441
2.176215 -1.361307
2.185411 -1.372287
2.699882 -2.236964
-0.179113 -0.041486
-0.118806 -0.094749
2.106316 -1.346297
2.100119 -1.340234
2.951755 -2.622893
2.944229 -2.594556
2.202378 -1.500866
2.134916 -1.436147
-0.137145 -0.368749
-0.187222 -0.352786
3.247013 -3.344096
3.293573 -3.383001
3.635314 -3.700295
-0.051832 -0.177364
-0.166784 -0.388068
2.761040 -2.363155
2.818736 -2.393017
2.101321 -1.645424
2.067961 -1.685686
3.332201 -3.112329
-0.069939 -0.069874
-0.062206 -0.070175
2.608261 -2.318532
2.637733 -2.282935
-0.161819 -0.199860
-0.183827 -0.204733
2.330679 -1.575161
2.352297 -1.542169
2.172084 -1.449655
1.608211 -0.224833
1.393033 -0.285679
-0.084372 -0.039779
-0.111459 -0.209142
0.881717 0.496649
0.865090 0.581013
2.599243 -2.204217
2.812079 -2.451686
2.766059 -2.502716
2.790148 -2.495188
2.800350 -2.477837
1.662932 -0.645064
1.577993 -0.548406
-0.137811 -0.169019
-0.068720 -0.208264
-0.070539 -0.252689
2.292244 -1.863921
2.292275 -1.700470
2.367050 -1.793281
2.729724 -2.179568
0.244418 0.723193
0.192616 0.496754
-0.155331 -0.186060
-0.187213 -0.155201
2.513245 -1.905191
2.259598 -1.472029
2.212590 -1.493293
-0.136753 0.023237
-0.176312 0.000666
-0.040356 -0.020416
-0.091047 -0.020673
2.058488 -1.393891
2.076198 -1.363599
-0.004388 0.244459
0.025632 0.131473
2.950208 -2.648050
2.946210 -2.598158
3.034990 -3.024389
-0.141753 -0.417204
-0.178819 -0.421258
2.291392 -1.781353
2.309951 -1.785882
-0.036300 0.020745
-0.101560 0.014123
-0.085588 -0.182327
-0.230416 0.236018
-0.340345 0.147586
2.616338 -2.145428
2.630933 -2.134852
-0.174987 -0.383157
-0.124123 -0.369795
2.907282 -2.642225
2.941101 -2.612122
3.552214 -3.825716
3.635507 -3.855008
-0.102689 0.000875
2.533685 -2.185959
2.574836 -2.187441
-0.170520 -0.094440
-0.185916 -0.187827
-0.219628 -0.176952
-0.263531 -0.086961
2.399721 -1.873620
2.411896 -1.853462
4.166753 -5.127950
4.362673 -4.967726
2.159989 -1.507411
2.259550 -1.535669
2.103267 -1.384967
2.143526 -1.372403
2.159244 -1.351907
2.852532 -2.542030
2.890926 -2.537990
0.413580 0.540990
0.206092 0.528412
2.089307 -1.479021
2.103125 -1.481790
-0.154133 -0.260839
-0.174450 -0.267045
2.540010 -1.942001
2.553808 -1.955531
3.079722 -2.725373
3.153535 -2.710742
-0.283481 -0.533873
2.390401 -1.684046
2.418381 -1.736236
4.444577 -4.599485
2.827170 -2.484645
2.858056 -2.454149
-0.116435 -0.272766
-0.174486 -0.284200
2.975282 -2.620032
1.557575 -0.517715
1.532983 -0.566512
0.956618 0.505257
0.795361 0.668261
3.071640 -2.588745
3.146995 -2.646162
0.003100 -0.358259
-0.019066 -0.347136
2.351884 -1.525320
2.299716 -1.541894
0.217880 0.577466
2.422974 -1.684119
2.379575 -1.700998
2.077988 -1.346509
2.051707 -1.231684
0.230229 0.381737
0.260673 0.264178
-0.107966 0.021605
2.650240 -2.095968
2.665091 -2.012534
2.603320 -2.022614
2.801381 -2.320929
2.769777 -2.293601
2.267778 -1.659343
-0.131654 -0.017647
-0.164239 0.015108
2.740642 -2.355987
2.698821 -2.281394
3.210579 -2.561063
3.114179 -2.570248
2.642721 -2.177306
-0.046278 -0.194976
-0.054810 -0.211531
2.047847 -1.263849
-0.080540 -0.005370
-0.075398 0.040040
2.228615 -1.710914
2.223490 -1.719284
2.697406 -2.329701
2.722156 -2.334510
-0.070342 -0.060168
-0.078465 -0.045449
-0.044348 -0.210102
2.189404 -1.527770
-0.156350 -0.084498
-0.117555 -0.092308
1.265265 0.092354
1.305420 -0.042488
2.737351 -2.381496
2.900537 -2.369760
2.874593 -2.404393
2.849807 -2.481239
2.890242 -2.459200
2.564415 -2.073980
2.545716 -2.051723
2.456383 -2.104652
2.471171 -2.055480
2.289723 -2.057158
2.432558 -2.158449
-0.056144 -0.092697
-0.084995 -0.089423
-0.125531 -0.334965
-0.175343 -0.379510
-0.171947 -0.385648
2.152999 -1.592770
2.149505 -1.611009
2.395435 -1.915263
2.400899 -1.920826
2.656411 -2.048339
2.630232 -2.087322
2.033542 -1.242983
-0.051151 0.201321
-0.127103 -0.359513
-0.208203 -0.502859
-0.208219 -0.560884
2.601192 -2.348233
2.977405 -2.576505
2.978565 -2.524678
2.634975 -2.042450
2.667897 -2.035526
3.615732 -3.522643
2.790246 -2.775488
2.895713 -2.596636
2.854009 -2.615746
2.869750 -2.653937
2.893414 -2.657642
0.728819 0.313870
-0.072659 -0.327694
2.554913 -1.913373
2.548713 -1.980018
-0.122944 -0.101626
-0.163582 -0.093419
2.902608 -2.536813
2.846699 -2.560209
2.270864 -1.522871
2.275871 -1.560245
-0.052961 -0.284149
1.947263 -1.232882
-0.134931 0.031230
-0.184373 0.000581
2.510115 -1.813698
2.468348 -1.786931
-0.110312 0.014160
-0.055499 0.007975
0.043449 0.021492
0.064517 0.116551
2.400239 -1.971230
2.412459 -2.011308
2.393717 -1.930733
2.388388 -1.947015
2.113538 -1.302096
2.108342 -1.296421
3.934181 -4.721896
4.113998 -4.629670
2.620023 -2.266363
2.653373 -2.239185
1.604618 -0.729204
2.178442 -1.510069
1.918370 -1.225649
1.955650 -1.247913
2.512253 -1.966116
-0.085511 -0.133066
2.954750 -2.527349
2.914334 -2.515160
2.975426 -2.736021
2.973643 -2.687611
2.257910 -1.607936
2.221596 -1.655077
2.502281 -1.874227
-0.098642 -0.333170
1.998990 -1.335165
1.580677 -0.561044
1.574801 -0.555828
-0.114525 0.102815
2.772703 -2.365902
2.114226 -1.475135
2.095501 -1.475920
-0.104438 -0.031822
2.021204 -1.223163
2.270125 -1.558024
2.283857 -1.570118
2.933686 -2.726285
2.923564 -2.666668
2.322975 -1.657627
2.959721 -2.561659
-0.155291 0.073913
-0.175991 0.060137
-0.060749 -0.281111
-0.138739 -0.245310
2.193236 -1.369986
2.196103 -1.390422
-0.147662 0.110224
-0.116501 0.115015
2.928456 -2.665449
2.894416 -2.372102
2.852996 -2.377685
3.804068 -4.009291
2.027729 -1.338441
2.424648 -1.854462
2.386510 -1.818089
2.103586 -1.471112
2.315985 -1.606514
-0.169459 -0.119070
2.958517 -3.108511
2.032099 -1.341973
2.051322 -1.297948
-0.166110 -0.156383
2.886856 -2.611856
2.826822 -2.644616
2.681211 -2.254172
2.202317 -1.634179
-0.093365 -0.286022
-0.066640 -0.334783
2.892326 -2.658520
-0.080146 -0.205285
2.821775 -2.251151
-0.147488 0.081957
-0.125865 0.102887
-0.173112 -0.400987
-0.184499 -0.352880
2.316194 -1.562224
2.311852 -1.532587
2.133847 -1.738067
1.983259 -1.179793
2.050862 -1.240932
-0.143487 -0.019485
2.916753 -2.597427
-0.126753 -0.305622
2.954399 -2.669669
2.932927 -2.666175
2.750677 -2.572253
2.285342 -1.752525
2.597396 -2.359365
0.340399 0.030391
3.465477 -3.725706
-0.041713 -0.090478
2.363445 -1.988876
2.385668 -1.981635
2.007136 -1.233533
-0.151075 -0.384358
-0.055103 -0.148519
0.172169 0.318782
0.235018 0.331493
2.219725 -1.502397
2.229000 -1.501955
-0.134605 0.062747
-0.155906 0.118651
2.717624 -2.131841
2.620194 -2.082238
-0.075661 -0.317153
2.251719 -1.708627
2.549283 -2.269250
-0.171513 -0.258127
2.638883 -1.993471
2.814266 -2.575736
2.825661 -2.544204
2.062358 -1.399123
2.689056 -2.426847
2.698076 -2.402846
2.495885 -1.981697
2.727324 -2.174682
-0.048353 0.026134
-0.097954 -0.021047
2.336514 -1.827319
2.321269 -1.856436
1.994550 -1.579522
2.074467 -1.524836
2.473728 -2.083852
2.497249 -2.081452
2.175845 -1.487507
1.256654 -0.251752
2.905655 -2.708307
2.498919 -2.019251
2.473051 -2.003533
2.577307 -2.117237
-0.167008 0.390197
2.531108 -1.996301
2.812732 -2.468841
2.786043 -2.480385
2.760637 -2.450616
2.917921 -2.524595
3.356354 -2.843377
2.067556 -1.259563
2.100655 -1.322633
2.123852 -1.323434
2.417943 -1.772566
2.412288 -1.774014
2.305353 -1.680230
2.200450 -1.618451
-0.164301 -0.323615
-0.117868 -0.330532
2.099754 -1.352220
3.448646 -3.133508
3.511125 -3.169028
2.804683 -2.575567
-0.105146 -0.035931
-0.112318 -0.025462
2.581236 -2.272287
2.592118 -2.272859
2.055434 -1.206224
2.045646 -1.327262
-0.175931 0.103254
-0.140474 -0.055020
3.658103 -3.851534
3.603060 -3.832656
-0.057057 -0.276792
-0.087135 -0.282009
2.159865 -1.357816
2.317923 -1.514510
2.318100 -1.517598
2.530217 -1.848203
2.753529 -2.365962
2.940186 -2.584723
2.890812 -2.523658
0.110756 -0.175260
0.005232 -0.039889
2.154520 -1.460595
-0.138977 0.014792
-0.121595 -0.416059
1.726605 -1.099347
1.977295 -1.288450
3.044209 -2.692853
2.734448 -2.270299
2.721739 -2.275749
-0.162787 0.076288
2.828264 -2.470435
2.878642 -2.472018
-0.072153 -0.134839
-0.232772 -0.169872
-0.275355 -0.151311
3.057352 -2.777220
1.989313 -1.251886
1.983264 -1.206520
1.644124 -0.616504
1.663742 -0.532635
3.045712 -2.733573
2.390133 -1.645503
2.617130 -2.044951
2.682553 -1.799994
2.606688 -1.757331
2.898270 -2.398722
3.261437 -3.419145
-0.101126 -0.328581
2.556286 -2.229097
2.551197 -2.218449
2.055990 -1.444655
2.388341 -1.316799
2.395806 -1.373193
2.559762 -1.871729
2.566876 -1.872332
2.548049 -1.868492
2.228081 -1.249999
2.074529 -1.257959
2.099625 -1.201878
-0.055382 0.064266
-0.084641 0.111929
0.106524 -0.063531
0.112839 -0.145237
-0.144185 -0.074877
0.253103 -0.153144
0.273357 -0.120166
2.660352 -2.331743
2.232260 -1.479084
2.212638 -1.473237
-0.162534 -0.795102
2.784616 -2.512655
2.811426 -2.582684
-0.091563 0.109551
-0.066407 -0.242547
2.890650 -2.426490
2.899360 -2.396735
2.179189 -1.280100
2.176284 -1.291459
2.432585 -1.655439
2.214027 -1.763562
2.616527 -2.234881
2.596126 -2.251483
2.992790 -2.755932
2.994080 -2.818305
-0.154047 -0.377180
2.402357 -1.669467
2.187070 -1.342658
-0.066916 -0.941986
-0.097988 -0.996785
-0.050159 0.085583
-0.087113 0.075793
2.426993 -2.030980
2.871794 -2.635177
2.896210 -2.621906
2.522288 -2.131116
2.128979 -1.222881
1.706204 -0.608525
-0.065967 -0.217919
2.772049 -2.300215
3.611909 -3.822484
3.623223 -3.869869
2.003078 -1.181734
3.020217 -2.788064
3.030616 -2.819599
0.395754 0.858217
2.767754 -2.231394
0.107926 0.239034
2.161693 -1.646680
2.148528 -1.609847
2.966703 -2.699005
2.634623 -2.289787
2.780438 -2.251383
-0.123196 -0.389384
-0.121908 -0.388582
2.025643 -1.150588
2.020490 -1.148765
2.916707 -2.837349
3.050097 -2.940501
-0.170547 -0.555935
-0.103386 -0.601475
2.835080 -2.626656
2.899488 -2.618171
2.476108 -2.100370
3.042974 -2.666994
3.042470 -2.699085
2.391947 -2.002720
2.382144 -1.727891
2.871899 -2.465037
2.698370 -2.366794
1.937391 -0.679170
2.310550 -1.410140
-0.121366 -0.488564
-0.118930 -0.461372
2.211462 -1.709893
2.316633 -1.683397
2.318836 -1.677274
2.447638 -1.806471
2.469392 -1.784598
-0.064568 0.052698
-0.036215 0.075240
2.695429 -2.162059
2.696162 -2.132692
2.409821 -1.813264
2.416612 -1.761329
-0.044265 -0.001924
2.359090 -1.741295
2.330695 -1.773600
-0.142260 -0.447963
4.106318 -4.372958
2.569607 -2.192196
2.527232 -2.158262
-0.162916 -0.237978
-0.159105 -0.235913
3.799495 -3.969174
2.657890 -1.791311
-0.187986 0.113162
2.161562 -1.513609
3.394702 -3.497457
-0.050887 -0.050336
-0.141130 -0.447135
-0.177034 -0.479307
-0.150927 0.003505
0.435220 0.273618
2.105232 -1.297285
-0.089858 -0.269107
-0.071849 -0.324741
2.149684 -1.311370
2.199422 -1.344961
2.264423 -1.772058
2.216233 -1.778835
-0.087546 -0.164350
2.494880 -1.916536
2.015111 -1.203724
2.036754 -1.247412
-0.069308 0.056802
2.984446 -2.689610
2.956136 -2.635627
0.770459 -0.061261
2.365260 -1.642730
-0.176012 -0.315149
-0.156197 -0.328191
-0.102308 -0.097928
-0.074714 -0.037367
-0.168357 -0.142807
2.767840 -2.536822
2.532729 -2.275890
2.016880 -1.181246
2.662855 -2.197308
-0.148522 -0.446501
-0.134242 -0.472356
3.480376 -3.556252
-0.190123 -0.185612
2.862463 -2.545680
-0.177768 0.116249
-0.107253 0.032038
2.169005 -1.279552
2.598374 -2.051254
2.472373 -1.866229
3.828513 -3.787140
3.677361 -3.794754
2.377565 -1.856082
2.953846 -2.703926
2.358367 -1.532691
-0.127601 0.556187
2.230881 -1.613826
-0.177296 -0.427430
2.518356 -1.850525
2.552005 -1.866981
1.986682 -1.121134
-0.106247 -0.304083
2.674583 -2.356045
0.003812 0.244175
-0.000017 0.205422
2.009391 -1.329911
1.987370 -1.273901
0.093423 -0.488387
0.026807 -0.440053
-0.249895 0.361267
-0.063697 0.060723
-0.053741 0.096162
0.760502 0.197432
2.375984 -1.907835
2.422555 -1.961447
2.129789 -1.405815
2.719628 -2.308882
2.741163 -2.350396
2.923478 -2.585932
2.092155 -1.257094
1.937243 -1.140306
2.153123 -1.573147
2.167238 -1.548113
2.379491 -1.593055
2.720051 -2.465446
2.707274 -2.453977
0.634848 0.704611
0.468905 0.434426
-0.082722 -0.271353
2.523613 -1.926365
2.589651 -1.912585
2.979391 -2.641858
2.774191 -2.350541
-0.177851 -0.196156
-0.140260 -0.254473
3.176234 -3.037312
3.162176 -3.080236
3.040826 -2.766731
3.009746 -2.788692
1.518534 -0.687958
2.147118 -1.589925
2.645338 -2.059354
2.597781 -2.090566
-0.219765 0.202399
-0.223120 -0.221896
3.689083 -3.756219
2.044783 -1.320964
3.217860 -3.264364
-0.209492 -0.115035
-0.114698 -0.321297
-0.173407 -0.315546
2.314777 -1.858112
-0.113866 -0.493952
2.646605 -2.161382
-0.259914 0.350529
1.907337 -1.123846
1.953043 -1.122001
3.771713 -4.009057
3.811664 -3.919236
-0.235382 -0.230949
2.633530 -2.023258
2.566496 -2.217805
3.038768 -2.805552
-0.191705 -0.211107
-0.171483 -0.030178
-0.097190 -0.418707
1.907738 -1.167369
-0.125187 -0.783810
2.226369 -1.552970
-0.046577 0.051647
-0.168143 0.150493
-0.204761 -0.172551
2.114735 -1.231593
2.080356 -1.253842
-0.212457 -0.151465
2.621260 -1.839483
2.941201 -2.574652
2.675812 -2.441190
0.316437 1.026335
2.717962 -2.060021
2.701381 -2.504925
2.425088 -1.368089
-0.265962 -0.736841
-0.049080 -0.125875
2.378002 -1.963764
-0.139028 -0.451806
-0.074297 -0.376125
2.732265 -2.090660
-0.061228 -0.388539
0.224508 0.966072
-0.165280 -0.046235
-0.128555 -0.453118
-0.142673 -0.480044
2.215030 -1.436552
-0.156419 -0.403411
2.782526 -2.569402
2.758754 -2.530362
2.580067 -2.091196
0.708359 0.579446
0.659176 0.701426
-0.058922 0.531283
-0.163811 0.532608
2.030668 -1.382353
3.614880 -3.695682
2.020912 -1.097450
1.976591 -1.081086
-0.318032 0.117845
-0.174181 0.057400
-0.126929 0.078906
2.788466 -2.423142
2.768388 -2.430968
3.034539 -2.727709
2.164735 -1.330119
1.315840 -0.460491
2.273773 -1.594100
2.003837 -1.247927
2.359475 -1.583377
2.670528 -2.216251
2.645473 -2.263584
2.124901 -1.413976
-0.101222 -0.293895
-0.096030 -0.284956
0.977398 -0.181096
-0.215285 -0.221365
3.539361 -3.650924
2.293357 -1.822247
-0.109899 -0.250947
-0.075444 -0.252611
-0.229797 -0.125274
-0.199770 -0.138186
-0.217853 -0.160634
-0.238685 -0.179086
2.459406 -1.844571
3.783659 -3.961071
3.695915 -3.987509
2.262294 -1.556977
2.269605 -1.535455
2.000757 -1.185263
2.521317 -1.996866
2.582250 -1.982984
-0.081648 -0.350020
3.499533 -3.433347
2.326710 -1.547986
0.067976 -0.427634
-0.033893 -0.423687
2.775176 -2.244174
-0.041694 -0.416729
2.888957 -2.416537
-0.106229 0.007776
2.054818 -1.293176
-0.092393 -0.009709
-0.080534 0.063270
-0.065519 0.041531
3.947932 -4.715983
4.055393 -4.690563
-0.171778 0.410886
-0.305673 -0.673273
2.201955 -1.170689
2.183758 -1.129133
2.277003 -1.678761
2.777366 -2.255676
2.068877 -1.437265
2.714554 -2.158169
2.726768 -2.191471
-0.169445 -0.369354
-0.168430 -0.065193
-0.181547 -0.097154
3.556181 -3.543101
-0.186747 0.097015
-0.163422 0.070942
2.234287 -1.380119
2.691592 -2.071836
2.714376 -2.357651
2.714337 -2.388500
2.377238 -1.985301
2.140206 -1.334238
2.157060 -1.307846
2.365659 -1.615633
2.284000 -1.742773
-0.127100 -0.423085
-0.118151 -0.459741
3.648831 -3.497625
2.344748 -1.595459
1.600570 -0.578521
-0.046073 0.031400
2.266011 -1.396481
2.855908 -2.401017
2.864475 -2.366213
1.986157 -1.195267
2.021487 -1.144804
1.930362 -1.170090
2.984014 -2.717734
2.055845 -1.419990
2.106641 -1.413402
2.663475 -2.017483
2.934144 -2.676780
2.932841 -2.685111
-0.055020 -0.054863
-0.081107 -0.327338
2.864859 -2.634017
2.174325 -1.600523
1.826644 -1.424754
2.448492 -1.956077
-0.019949 -0.298934
-0.031292 -0.271136
2.672804 -2.103598
2.364224 -1.974934
-0.230833 -0.281278
-0.240654 -0.310727
1.923998 -1.190955
-0.245308 -0.208471
2.710096 -2.203413
1.914315 -1.086987
-0.166601 -0.019262
-0.167352 0.040543
3.188612 -3.261842
-0.111538 -0.142790
2.798264 -2.463032
2.813894 -2.482360
2.854954 -2.634192
2.870460 -2.593313
2.113453 -1.492946
1.729370 -0.536506
1.756497 -0.543465
2.791371 -2.510636
-0.161285 -0.494168
-0.194884 -0.295515
-0.204659 -0.307490
2.188199 -1.409907
-0.239940 -0.217091
-0.072308 -0.389979
-0.191462 -0.156951
2.711516 -2.450412
2.706316 -2.472173
-0.052729 0.070079
2.574620 -1.874545
2.550070 -1.886901
2.190977 -1.464536
-0.197879 -0.148217
-0.263198 -0.153166
-0.222738 -0.278486
-0.214590 -0.098853
2.343099 -1.755626
2.306848 -1.801734
2.733200 -2.475344
-0.101477 -0.112895
1.904158 -1.048621
3.094486 -2.846664
3.207112 -2.908583
-0.078931 -0.420032
2.400572 -1.847356
2.385806 -1.875251
2.516665 -1.825418
2.220629 -1.357009
2.897740 -2.576753
2.594719 -2.261282
2.681559 -2.302780
2.532141 -2.260976
0.357272 0.495563
2.807903 -2.562970
-0.238855 -0.061399
-0.128644 -0.200638
-0.173899 -0.220204
-0.263188 -0.095391
2.650534 -2.346920
3.088301 -2.849975
0.851627 0.634584
1.205444 0.076024
2.646943 -2.621235
-0.019021 0.296809
-0.194579 -0.274790
-0.226134 -0.299573
1.954609 -1.042349
2.029864 -1.420066
3.393909 -3.602050
2.851815 -2.477366
1.986247 -0.993808
2.382288 -1.617607
2.080631 -1.245936
2.093109 -1.208869
0.042865 0.061286
0.005249 -0.017092
-0.243712 -0.620043
3.020611 -2.653123
-0.259349 -0.228145
3.512311 -3.352900
3.699941 -3.861350
2.267330 -1.401012
1.988334 -1.237996
-0.120065 0.133621
2.269956 -1.504605
-0.115998 0.120665
3.019918 -2.819730
3.053438 -2.752630
-0.213408 -0.337810
3.687559 -3.794649
3.778760 -3.858227
2.952257 -2.503925
2.486950 -1.994505
3.012350 -2.623959
-0.174740 -0.185959
2.613703 -2.279984
2.011695 -1.323118
1.999209 -1.329675
2.134876 -0.827287
2.167199 -1.494166
-0.228529 -0.056223
0.382705 1.146939
-0.188209 -0.322426
-0.192841 -0.097047
2.001427 -1.365484
-0.162617 -0.179822
0.049268 0.376320
2.752610 -2.384907
2.475139 -2.188914
3.009124 -2.828767
3.037322 -2.888021
2.934208 -2.481666
3.064949 -2.857846
2.048416 -1.381486
-0.142788 0.046224
2.905181 -2.692929
2.495775 -2.020164
-0.059157 0.084617
2.443599 -1.753699
-0.132827 0.132826
3.050345 -2.487181
-0.169219 0.129502
2.672989 -2.269720
3.034510 -2.766881
1.751667 -0.660655
1.579112 -0.864757
2.060759 -1.217773
1.883813 -0.873922
2.572217 -2.099060
1.719017 -1.008089
-0.089420 -0.324064
1.919254 -1.061327
2.757255 -2.724926
2.796834 -2.730773
2.909195 -2.781946
-0.117954 -0.491605
1.860301 -0.742999
-0.176556 -0.390656
-0.058367 -0.953703
-0.112487 -1.051971
1.971801 -1.249118
1.944662 -1.228954
-0.064195 -0.369768
2.565540 -1.976631
2.712576 -2.105169
2.458024 -2.059358
1.729120 -1.182071
3.007628 -2.874059
-0.215360 -0.268032
-0.210627 -0.318948
-0.216504 -0.224766
2.122243 -1.322964
-0.167647 -0.025246
-0.170150 0.022714
2.482668 -2.164285
2.477472 -1.793952
-0.175128 -0.279260
2.325199 -1.724484
2.746728 -2.211352
1.801966 -0.895221
-0.119774 -0.242225
2.946392 -2.617962
2.960691 -2.595377
1.988043 -1.347483
-0.059265 -0.256457
-0.202192 -0.116987
-0.098971 -0.361695
2.365036 -1.759215
2.137318 -1.280219
2.190061 -1.339124
2.376409 -1.726944
3.007046 -2.624293
2.825247 -2.345153
2.805075 -2.327320
-0.341186 0.958007
-0.068979 -0.181045
2.341905 -1.914641
2.297826 -1.904891
2.487085 -2.159888
2.198831 -1.612088
2.526484 -2.243226
2.334599 -1.559169
2.936753 -2.485281
2.971014 -2.468734
2.928049 -2.536519
0.837336 0.693448
2.091624 -1.676241
2.717532 -2.427552
2.747040 -2.377545
2.841196 -2.485019
2.300349 -2.156518
2.289644 -2.200687
3.069713 -2.846836
-0.139211 -0.484396
1.928093 -1.271178
2.730614 -2.182205
2.970562 -2.790532
3.044163 -2.887361
2.279829 -1.780416
2.037582 -1.173254
-0.190795 -0.278009
2.238163 -1.677940
2.256530 -1.660753
1.907358 -1.174453
-0.159920 0.071663
1.945671 -1.043325
1.511309 -0.909887
-0.118300 0.961729
1.906859 -1.269558
2.369953 -2.347773
-0.102374 -0.235767
-0.106987 -0.206960
-0.267234 -0.054392
2.544542 -1.909301
2.100080 -1.514868
0.364547 0.157630
-0.069414 -0.016967
2.219784 -1.398525
-0.121883 0.130004
2.722995 -2.094155
-0.045947 -0.026498
2.537513 -2.164363
3.010713 -2.716296
3.004721 -2.731830
2.905604 -2.747652
2.926872 -2.693133
-0.152067 0.795790
2.145848 -1.577337
-0.178481 0.135703
1.972047 -1.106564
2.989031 -2.590046
2.407483 -1.713084
2.437334 -1.730184
-0.181642 -0.076148
-0.110230 -0.271402
-0.061710 0.078764
2.754130 -2.579947
2.668135 -2.216643
2.067215 -1.520272
1.923317 -1.166308
-0.040935 -0.095236
4.231389 -4.730947
-0.074349 -0.075818
0.072105 0.220852
-0.116625 -0.253297
2.004966 -1.376833
0.220979 0.746786
2.188511 -1.279469
2.705264 -1.903856
3.963588 -4.499704
3.590398 -3.901071
-0.147214 0.479111
2.011166 -1.122830
2.950164 -2.570782
1.572057 -0.501914
2.918058 -2.469520
-0.304303 0.375101
0.079502 -0.223914
2.938355 -2.625574
2.840469 -2.578039
0.136702 -0.135799
-0.254428 -0.693403
2.571281 -2.200152
3.111057 -2.806026
-0.090071 0.163109
2.049433 -1.409332
2.246979 -1.770860
-0.058976 0.184825
0.091121 0.364863
2.302739 -1.908003
0.388233 0.874084
2.296693 -1.914029
2.145462 -1.359195
3.126393 -2.916162
2.059730 -1.579197
2.379469 -1.619651
2.210759 -1.395923
2.500644 -1.662800
-0.449346 0.410820
3.119362 -2.953441
1.993555 -1.263303
2.712360 -2.452590
0.378435 -0.165954
-0.256821 -0.306248
2.632324 -2.017528
2.677706 -2.434687
2.724141 -2.467220
2.284982 -1.787695
2.794044 -2.243567
2.328948 -1.676240
-0.134693 -0.391831
-0.336587 -0.297456
2.834007 -2.441149
3.006717 -2.849632
3.029744 -2.845184
2.512648 -2.180674
-0.045167 0.195223
-0.044699 0.187654
2.453631 -1.707521
2.486675 -1.704603
-0.169998 -0.088655
-0.266754 -0.199045
2.379204 -1.770855
2.347710 -1.837762
3.602232 -3.750002
2.951719 -2.238997
-0.048967 -0.382003
3.692440 -4.008395
-0.095495 0.135804
2.134701 -1.532461
1.974804 -1.207515
2.801776 -2.225939
3.103644 -2.783627
3.058351 -2.773095
2.843307 -2.336669
3.041676 -2.710988
3.085825 -2.869253
-0.094404 -0.157506
-0.116548 -0.019244
2.448938 -2.170151
-0.007953 0.891849
-0.085125 0.073146
0.090628 -0.133914
0.038218 -0.041550
2.655949 -2.370350
-0.144569 0.170981
-0.069631 -0.348563
-0.048958 -0.377009
-0.071428 0.544290
-0.206951 -0.128432
-0.231579 -0.261004
2.911386 -2.755658
-0.258031 -0.322721
-0.084534 -0.106282
1.969978 -1.064202
-0.218491 -0.069268
-0.186810 0.187877
-0.221486 -0.158847
1.953040 -1.226758
1.920513 -1.270108
2.771621 -2.290822
4.316896 -4.827954
0.134686 0.147954
2.366364 -2.028929
-0.225851 -0.085254
2.124388 -1.520646
2.591923 -2.035354
2.818882 -2.596593
2.816848 -2.567301
2.573463 -1.945589
2.218050 -1.505243
-0.214545 -0.382852
2.855547 -2.393646
0.076412 1.246619
2.128490 -1.436424
2.897949 -2.283632
2.895669 -2.707353
2.579699 -1.835306
2.609797 -2.404150
-0.223938 -0.408161
2.659941 -2.060132
3.070579 -2.951488
2.940359 -2.486082
3.000827 -2.664879
2.352159 -1.681299
2.401431 -1.925489
-0.227797 0.040975
0.000694 0.281702
3.223058 -3.586460
2.324041 -1.572453
2.223943 -1.631522
3.048542 -2.833672
2.450421 -1.897014
0.501052 0.231053
2.893595 -2.697588
0.088535 0.001578
0.096690 0.107943
3.117720 -2.905456
2.150691 -1.577897
2.666352 -2.198436
2.547780 -1.819004
3.219522 -3.292094
-0.194046 -0.363652
3.153894 -3.014888
3.824531 -4.054336
2.721859 -2.298339
1.632543 -0.950405
-0.204629 -0.002209
-0.235648 0.037737
-0.139402 -0.458031
2.906414 -2.780627
2.494706 -1.833946
-0.163980 0.090042
2.137763 -1.633589
-0.070934 0.189844
-0.192459 0.006648
2.103404 -1.383405
-0.151852 -0.483654
2.891937 -2.422598
2.894302 -2.326589
2.965274 -2.676375
2.434426 -1.988161
3.064028 -2.974365
2.126177 -1.332213
3.174281 -3.161365
3.140013 -3.282021
-0.059423 0.148213
2.395519 -1.842261
2.509822 -1.875017
2.336766 -1.831786
-0.084403 -0.300432
3.201271 -2.531126
-0.259948 -0.399210
2.685078 -2.300094
2.629467 -2.371955
2.656775 -2.054662
3.139079 -2.933711
2.851410 -2.646449
-0.120849 -0.196802
3.337925 -3.070562
2.427779 -1.647048
-0.338370 0.349621
3.082455 -2.846405
2.546613 -2.258188
2.127770 -1.273390
2.119472 -1.487427
2.630518 -1.893608
3.430370 -3.274154
2.249876 -1.518069
-0.156827 0.268395
2.061101 -1.569745
2.852273 -2.614378
2.484495 -1.666088
2.808556 -2.582444
-0.235434 -0.346169
-0.163870 -0.389025
-0.213488 -0.013465
2.600956 -2.006034
2.736526 -2.067043
1.891279 -1.321707
2.840876 -2.667290
2.400736 -1.937083
-0.260959 -0.332017
1.352432 0.422009
-0.258674 0.001959
3.054179 -2.811270
3.003578 -2.629835
2.349933 -1.911767
1.969092 -1.086263
2.347387 -1.905461
2.050040 -1.375948
-0.037278 0.005486
1.687312 -1.215662
3.035775 -3.125028
2.712372 -2.170314
2.282988 -1.357787
-0.130668 0.111267
-0.061830 0.043492
2.334652 -1.479190
2.622437 -1.963536
3.628056 -3.561764
-0.137997 -0.144239
2.249681 -1.698724
2.632979 -1.931580
2.445428 -2.104196
-0.109913 -0.229058
1.801043 -0.510925
3.076240 -2.748346
2.289736 -1.589340
2.451507 -2.474406
1.993699 -1.309336
2.320488 -1.431693
2.764843 -2.411961
2.126657 -1.425459
2.595865 -2.419437
2.970425 -2.460077
3.108844 -2.757742
-0.140308 -0.164318
-0.241615 -0.370070
2.652878 -2.145252
2.236347 -1.613678
-0.163635 -0.533476
1.924367 -1.172086
0.067518 -0.188554
2.687866 -2.431971
2.877275 -2.341371
2.122505 -1.258113
-0.164778 0.161682
2.024774 -1.401785
-0.089668 -0.178497
3.310819 -2.848583
-0.151587 0.016776
-0.110506 -0.284250
-0.251031 -0.472676
2.879481 -2.671694
2.884220 -2.426700
2.482377 -1.675213
-0.120879 -0.521872
-0.306245 -0.766314
0.019530 0.285343
1.865301 -1.029001
-0.146183 -0.314182
-0.143680 0.183161
-0.038954 -0.043827
2.001847 -1.222759
-0.047932 -0.414276
1.848413 -1.073977
2.918391 -2.724214
-0.183903 -0.517702
-0.252375 -0.263942
2.136219 -1.344131
3.049476 -2.744212
-0.109668 0.020687
-0.084453 0.019827
-0.263322 -0.057932
2.855639 -2.500125
2.640519 -2.269689
-0.041201 1.270389
-0.072460 -0.199012
2.212538 -1.533936
2.722562 -2.101449
-0.267776 -0.047867
1.480876 -0.706251
1.938338 -1.242957
2.449831 -1.862249
-0.109450 0.121372
2.200245 -1.364249
2.071079 -1.627272
-0.101983 -0.361204
1.980456 -1.177919
2.595827 -2.285485
-0.104814 0.127858
-0.036020 -0.437560
-0.265458 -0.006709
2.580480 -2.047938
2.876124 -2.063240
1.826312 -1.077357
2.479758 -2.159502
-0.182755 -0.541694
-0.076241 -0.459070
2.330023 -1.452619
1.842894 -1.014102
3.236744 -3.527731
1.959385 -1.138370
1.894963 -0.995562
-0.138142 -0.271031
2.232419 -1.787325
2.276577 -1.414727
-0.250484 -0.280574
-0.110330 0.935211
-0.261594 -0.021845
-0.235018 -0.382242
3.163812 -2.779732
3.003420 -2.834672
2.094695 -1.531026
-0.075623 0.051180
-0.190961 -0.166342
2.572294 -2.406366
2.569773 -2.024723
-0.082747 -0.447739
2.766768 -2.442690
2.882722 -2.348171
2.967282 -2.696897
1.890999 -1.076246
2.203171 -1.735965
1.938227 -1.223253
2.801020 -2.455340
2.348328 -1.643891
-0.172108 -0.549493
2.971179 -2.634748
2.021137 -1.290413
-0.249092 -0.260856
2.491086 -2.185505
2.150890 -1.467449
2.869565 -2.512169
2.202759 -1.737066
2.603852 -2.381216
2.563387 -2.242311
3.130746 -2.910629
-0.086340 -0.426600
2.342753 -1.760063
2.307802 -1.432518
3.210640 -3.028764
1.999501 -1.083487
2.926845 -2.747824
1.753268 -0.842705
2.048259 -1.167692
2.016504 -1.051366
2.154444 -1.296388
2.638103 -2.342549
2.064853 -0.889142
-0.181695 -0.050171
-0.239890 -0.398726
-0.146652 -0.242744
2.263453 -1.432016
3.402004 -3.104298
1.987771 -1.166610
2.613521 -1.944347
2.340855 -1.530858
3.205136 -2.932367
1.943943 -1.056863
2.337807 -1.858847
-0.163175 -0.481543
3.073798 -2.952009
-0.220189 -0.568480
-0.147091 -0.554278
3.041730 -2.713938
2.614090 -1.906754
-0.063776 -0.467189
2.511930 -1.787812
2.963768 -2.530457
0.055238 -0.465227
2.793356 -2.411970
3.096453 -2.833894
2.734697 -2.222652
2.698290 -2.455833
2.951107 -2.556734
2.325292 -1.804305
2.853277 -2.721297
2.303754 -1.568671
3.165795 -2.937377
3.160348 -3.008597
2.705515 -2.497226
3.167260 -3.051369
2.510979 -1.717200
2.185303 -1.665903
-0.252587 -0.273101
0.114068 -0.234666
2.219702 -1.737744
2.812248 -2.306271
-0.140280 -0.100754
2.978640 -2.440802
-0.334447 0.055957
2.787159 -2.516211
-0.060538 1.083659
3.002046 -2.821990
2.982589 -2.696523
1.834595 -1.065918
1.350441 0.220942
2.957707 -2.817711
2.416362 -1.657571
-0.038458 -0.473964
3.758152 -3.892579
2.449564 -1.897627
3.052879 -2.653888
-0.177351 0.389300
2.126414 -1.281426
-0.182841 -0.502537
-0.068658 -0.166950
-0.119130 0.015059
-0.256405 -0.004686
2.020562 -1.088469
1.830911 -0.994219
2.084519 -1.509597
1.837642 -1.010458
-0.133774 0.098099
2.496005 -1.801269
1.599627 -0.487098
2.149068 -1.690858
-0.047778 -0.097808
2.197158 -1.472320
-0.146111 -0.422690
-0.160539 -0.111871
4.272852 -5.074536
-0.248481 0.010146
-0.151900 -0.359539
-0.124658 0.125831
4.014073 -5.395715
2.386240 -1.877455
0.129904 0.510413
-0.046642 -0.314282
1.185499 -0.069030
-0.038582 0.126758
2.729525 -2.215582
3.185035 -2.971020
2.112080 -1.132833
2.664923 -2.411929
-0.079014 0.186778
1.876064 -1.085118
2.111822 -1.121286
1.930758 -1.025011
-0.180347 0.194097
2.312467 -1.439848
2.369224 -1.405509
2.595622 -2.370013
-0.111789 0.479539
-0.063038 -0.431512
1.910452 -0.972481
2.213505 -1.902215
2.577188 -1.930820
2.477319 -2.111312
2.482953 -2.409462
-0.204196 -0.422221
2.850175 -2.534301
-0.133344 0.519689
-0.176595 -0.541951
-0.262853 -0.081275
2.381457 -1.681705
2.855080 -2.296897
2.026726 -0.899169
2.789389 -2.246743
-0.254131 -0.097299
-0.302227 -0.727467
2.496318 -2.017669
2.688439 -2.412761
-0.059745 0.012300
1.656830 -0.692854
3.060179 -2.749711
2.314289 -1.926423
2.769296 -2.605827
2.329175 -1.924229
2.881388 -2.481719
-0.045951 0.074902
2.792332 -2.730458
2.501402 -1.667426
2.803819 -2.634517
-0.226633 -0.243944
2.220083 -1.681641
-0.259769 -0.392759
3.095547 -2.849337
-0.121804 -0.392455
-0.033442 0.440262
3.741248 -3.858648
-0.072566 0.155918
2.760465 -2.183259
3.149265 -2.901505
-0.340151 -0.361853
2.803881 -2.242473
0.295670 0.982404
-0.104588 -0.405644
-0.064774 -0.431647
2.522402 -1.845489
-0.079654 -0.137433
2.931079 -2.597804
2.767058 -2.194765
-0.147725 0.093655
0.110105 -0.429092
1.537975 -0.406045
3.058749 -2.545224
2.444825 -2.011343
2.334011 -1.486723
3.427962 -3.730252
1.921623 -0.973473
1.918198 -1.070214
1.034474 0.065774
2.202595 -1.577261
2.075532 -1.171828
-0.203968 -0.188849
3.171951 -2.889300
2.134669 -1.407897
3.972818 -4.089179
2.080372 -1.123106
3.647720 -3.307060
-0.037751 -0.313508
-0.039103 -0.062391
3.785880 -4.136130
2.659294 -2.035386
2.567270 -2.095197
-0.133895 -0.224626
2.844856 -2.392928
-0.087777 0.094186
2.012323 -1.389970
3.174629 -3.013155
2.536906 -1.916694
3.191788 -3.001714
2.564525 -1.838767
2.226485 -1.367403
1.953135 -0.996975
-0.010691 0.292614
2.992601 -2.811577
2.171616 -1.736192
-0.077231 -0.211098
2.673020 -2.111251
2.969431 -2.457616
2.571172 -2.184294
-0.142791 -0.565834
2.316088 -1.730738
2.584290 -2.005402
-0.197563 -0.328310
2.834414 -2.963996
1.974584 -1.258344
1.681334 -0.672922
0.096795 0.115568
2.853385 -2.304438
2.381651 -1.793030
1.550119 -0.617027
2.795471 -2.609829
2.026257 -1.052167
-0.081848 -0.497359
2.354178 -1.879545
2.687263 -1.855570
2.629883 -2.413219
2.652670 -1.953756
2.378899 -1.607591
-0.207626 -0.010398
2.110189 -1.511526
2.948861 -2.346678
-0.202839 0.097669
-0.074290 0.016641
1.834840 -0.715613
0.033051 0.241112
2.812466 -2.146102
1.970990 -1.175284
2.164139 -1.308052
3.565874 -3.542068
1.832340 -1.090199
-0.265583 0.089701
1.987902 -1.108297
1.934258 -1.203449
1.820337 -1.086291
-0.242623 -0.471429
-0.253382 -0.104111
-0.164530 -0.025267
1.529648 -0.436851
2.191509 -1.964462
-0.103652 -0.787474
2.650757 -1.905693
-0.249698 0.039577
2.596660 -2.236770
2.407473 -2.032734
2.462954 -2.170681
-0.135951 -0.548372
2.526414 -2.156303
1.922504 -1.255051
2.163901 -1.509020
1.604517 -0.761936
-0.234454 -0.269361
2.275473 -1.478734
-0.175308 -0.188250
2.163429 -1.680373
2.868027 -2.227710
4.004177 -4.117333
2.748834 -2.178857
-0.157766 -0.495960
1.865248 -1.023222
3.389494 -3.496625
-0.249816 -0.443089
2.910216 -2.706611
-0.213496 -0.471817
-0.257771 -0.201724
2.533850 -2.235273
-0.364085 0.550961
-0.230227 0.093261
0.010956 -0.100225
-0.143759 -0.172068
3.110207 -2.974953
4.129455 -3.984248
3.187229 -2.938573
-0.086205 0.123368
2.067088 -1.437399
3.027581 -2.892576
-0.202239 0.048013
2.207897 -1.416606
2.399817 -2.105716
3.652088 -3.705768
-0.044469 0.165428
2.060349 -1.302890
2.425592 -1.965408
2.811589 -2.569660
-0.073320 -0.478528
-0.183431 0.220616
2.123755 -1.222057
3.781544 -4.152447
2.490768 -2.187478
-0.215495 -0.492290
-0.027624 0.888310
0.005763 -0.054996
3.118314 -2.894560
2.834630 -2.733634
2.053078 -1.360371
2.724054 -2.071412
3.311179 -3.245545
-0.032248 1.249440
1.870826 -1.083817
-0.124174 0.153547
-0.145404 0.200076
2.868090 -2.618618
3.070609 -3.003779
2.430838 -2.061245
3.855116 -4.210392
0.039878 -0.104451
2.307801 -1.768421
1.899005 -0.991920
1.914171 -1.142930
2.356300 -1.721236
2.136750 -1.290276
3.070321 -2.953947
2.523765 -1.965810
-0.048964 0.067642
2.764099 -2.323171
2.678027 -2.325098
2.918531 -2.771555
-0.159973 0.132197
0.219132 0.413721
0.568032 0.673300
2.291161 -1.868734
-0.199216 -0.347340
2.659552 -1.948997
2.049619 -1.193565
2.475634 -2.381618
-0.027837 -0.010749
2.329238 -1.448102
-0.203065 0.100210
3.057916 -3.018978
3.095820 -2.720051
-0.476918 0.581228
2.647556 -2.005506
2.658882 -2.191840
2.621522 -2.091830
-0.011022 0.023346
2.057131 -1.123585
2.744374 -2.136009
0.699420 0.649852
2.401809 -2.093336
1.542259 -0.829246
3.422272 -3.602886
0.020310 -0.131320
-0.234854 -0.041720
-0.221197 -0.041670
3.690521 -3.724240
-0.218107 0.112521
3.075457 -2.673801
2.993790 -2.798070
2.957453 -2.822840
-0.155196 -0.023253
-0.160952 0.255933
3.938182 -4.172836
2.247310 -1.759488
1.926619 -0.965905
1.915987 -1.283779
2.427916 -1.922726
-0.191659 -0.483789
3.570580 -3.498858
-0.015064 -0.063924
3.180522 -3.101294
-0.097897 -0.414084
1.863143 -1.237612
3.692990 -3.957248
3.205312 -2.961268
2.086642 -1.572904
0.031398 -0.010745
-0.176960 0.240648
-0.032717 -0.160429
-0.060897 -0.475846
-0.115995 -0.037235
3.132639 -3.024401
3.057038 -2.523091
3.012534 -2.583457
-0.020673 -0.023787
2.487688 -2.324095
2.571638 -2.299516
2.236622 -1.633904
2.608401 -2.121912
1.856544 -1.129385
2.184722 -1.220452
-0.005383 -0.500648
-0.036840 -0.319450
2.153399 -1.277825
-0.014904 -0.060218
2.873719 -2.438991
-0.114184 -0.519243
-0.244864 -0.264872
2.646652 -2.078883
2.905693 -2.250514
3.416203 -3.038730
2.823364 -2.659765
2.652457 -2.420322
2.916393 -2.440521
-0.056634 -0.359901
-0.075884 0.014888
1.853709 -1.175920
1.883829 -0.924677
2.268323 -1.548965
-0.062598 0.197163
-0.159467 -0.314122
3.019579 -2.852592
2.919240 -2.589854
-0.109367 -0.843187
0.003903 -0.186453
-0.069159 -0.137664
2.805858 -2.186853
2.877592 -2.728915
2.453775 -1.758947
2.622484 -2.614907
2.004822 -1.387314
3.028061 -2.921601
3.123071 -2.670763
-0.262581 0.040146
3.313789 -3.049437
2.511486 -1.932355
0.120001 0.939040
-0.270665 -0.561780
-0.073843 0.263774
2.478890 -2.095882
2.433372 -2.085695
1.997655 -1.344812
3.025148 -2.527744
-0.319980 -0.219563
-0.053132 -0.082341
2.986033 -2.731149
1.675440 -1.231787
2.829243 -2.332890
2.943164 -2.516166
-0.009851 -0.159684
-0.264986 -0.172943
3.037690 -2.940012
3.757416 -3.602959
2.721803 -2.291301
-0.112740 0.272594
0.007737 -0.438844
3.801641 -4.172127
2.169097 -1.714514
2.524181 -2.213839
3.209291 -3.026829
-0.057742 -0.178826
3.239498 -3.120104
-0.104709 0.106961
-0.247470 0.004969
-0.256692 0.053227
2.383961 -1.879601
1.864140 -0.962659
1.855153 -0.961011
-0.020004 -0.049230
2.027616 -1.056098
-0.163061 0.269539
2.426630 -1.967247
2.512198 -1.695587
2.790752 -2.152951
3.226199 -3.081619
1.832068 -1.178362
2.954178 -3.078275
-0.088346 -0.473117
-0.003913 0.018214
-0.165071 -0.045862
2.731560 -2.455105
1.603317 -0.523605
3.675998 -4.054404
2.740423 -2.360588
3.884603 -4.608996
3.176192 -2.862663
2.753302 -2.454734
2.645130 -2.310903
-0.254075 -0.455841
3.144883 -3.065870
-0.243080 -0.498857
3.082811 -3.000536
3.653040 -3.854923
-0.176074 0.204264
2.195154 -1.212994
2.152270 -1.262153
3.862934 -4.264162
-0.107770 -0.101165
2.352850 -1.954330
3.403268 -3.477933
2.238647 -1.791125
3.092526 -2.721804
3.604138 -3.656513
2.544449 -2.286256
-0.183658 -0.396722
3.207058 -3.111721
2.347399 -1.968958
2.520633 -2.301540
-0.186319 0.071328
2.425554 -1.588205
-0.109218 0.181640
2.275172 -1.878542
2.025957 -1.105179
-0.320470 -0.768128
2.255876 -1.881892
1.315382 0.861958
2.247625 -1.642901
1.918099 -1.330064
2.526373 -1.790779
-0.050514 -0.328263
0.470894 0.832202
2.423549 -2.088890
-0.307977 -0.059866
1.644002 -0.355586
-0.136233 -0.259080
2.810215 -2.383782
-0.248185 0.241520
1.832567 -1.138337
-0.254432 -0.289052
1.569545 -0.883082
-0.008996 -0.080524
-0.199752 -0.289421
-0.491613 0.436725
2.536946 -1.756853
-0.199348 0.322569
2.190593 -1.392055
-0.100910 0.195228
2.371116 -1.571367
2.009133 -1.418476
-0.137543 0.462317
2.321865 -1.538025
-0.204590 -0.388281
1.996405 -1.568076
2.771576 -2.539450
1.871246 -1.026372
2.597720 -2.062734
3.282393 -3.063575
2.567365 -2.019435
2.421173 -1.536213
2.600777 -1.904553
0.013471 -0.130993
2.683384 -2.453356
2.951140 -2.542078
-0.124881 -0.437297
2.233816 -1.582286
3.159066 -2.845848
2.506164 -1.871740
2.146976 -1.492779
1.943394 -1.031819
2.480977 -1.758407
1.922437 -1.045068
-0.183775 -0.951183
2.780062 -2.495428
-0.038896 0.215200
1.861034 -1.015862
-0.063294 -0.262219
2.604751 -2.225377
-0.009227 -0.002839
3.093421 -3.019269
2.836654 -2.512281
2.781161 -2.410629
-0.171691 0.125706
2.047945 -1.364489
3.054714 -2.948477
2.249127 -1.470104
0.037370 -0.107990
2.866547 -2.314080
2.632777 -1.953315
0.104455 -0.535372
-0.013820 0.036011
2.122633 -1.150096
1.924862 -1.295847
-0.340499 -0.261692
1.875734 -0.936252
2.247007 -1.862779
1.914356 -1.229485
3.032714 -2.588006
3.282024 -3.183540
-0.111763 -0.916895
2.240094 -1.886770
-0.168874 0.228541
2.005069 -1.464375
3.049727 -2.609908
2.000165 -1.206133
-0.178063 -0.220390
3.055558 -2.556938
3.486172 -3.076585
-0.189521 0.184744
2.127101 -1.131725
3.561569 -3.955275
-0.069553 -0.322766
-0.067190 0.009058
2.121213 -1.523984
2.312856 -1.633341
-0.068450 -0.196315
3.149209 -2.961896
-0.248717 -0.467648
2.234145 -1.352356
3.120719 -2.708095
0.032306 -0.215843
2.091951 -1.301330
2.046675 -1.541634
1.925379 -1.025239
-0.169155 0.223084
2.991845 -2.753304
2.571980 -2.085233
-0.133404 -0.561712
1.933632 -1.206467
-0.215448 -0.262650
-0.206868 0.090874
0.035302 -0.226143
2.887073 -2.531431
3.287350 -3.180188
2.552662 -1.861130
3.096765 -2.901118
-0.248278 -0.055317
2.691688 -1.776611
-0.151659 -0.105960
0.027013 -0.187346
0.405816 -0.142904
2.204802 -1.208535
0.016291 0.069004
0.789964 0.068526
2.529226 -1.741826
2.375128 -2.092076
1.237287 0.091170
2.731114 -2.119498
2.489817 -2.423142
2.507461 -1.781406
2.187401 -1.197396
3.274540 -3.130381
2.891122 -2.363022
-0.130833 0.106117
2.031993 -1.470832
-0.185578 -0.500466
2.482805 -2.145324
2.934454 -2.389577
2.726319 -2.574462
-0.091465 -0.351183
1.795757 -0.958469
0.005234 0.053746
-0.201594 -0.487791
2.338517 -1.793526
-0.247248 0.011075
-0.036964 -0.439485
3.126307 -2.877396
1.787284 -0.928762
3.107020 -2.971993
2.974519 -2.405392
2.330570 -1.434739
2.793827 -2.222618
2.461577 -2.070410
2.872334 -2.675918
2.560701 -2.305291
3.139118 -3.073404
2.910951 -2.874576
-0.179294 -0.155604
0.455028 0.982645
3.263065 -3.569647
2.710352 -2.211418
0.036895 -0.054296
-0.245372 0.016575
0.017046 0.084641
3.021292 -2.475565
2.520117 -1.847864
1.927939 -1.290007
2.715663 -2.526791
0.029302 -0.256449
2.768518 -2.591605
1.823316 -1.166232
3.167564 -3.063788
2.178729 -1.437219
3.143280 -3.028526
-0.021774 -0.651232
-0.211215 -0.239696
-0.103179 -0.411774
1.801843 -0.688641
0.085243 -0.883681
-0.017787 0.092662
3.127296 -2.686703
3.250914 -3.007490
2.529545 -1.764498
2.996814 -2.871525
2.440062 -2.167665
1.768568 -1.011718
-0.105778 0.246391
2.363965 -1.702521
2.106694 -1.237374
2.388988 -2.042730
2.683053 -2.545879
-0.052947 0.015758
-0.150530 0.372027
-0.095470 0.165349
2.429508 -1.658011
2.921712 -2.860821
2.031928 -1.499995
0.024359 0.037586
3.750193 -4.145787
1.806753 -0.896691
-0.050611 -0.534878
2.720861 -2.428388
-0.045284 0.094975
3.740660 -4.448203
3.189323 -3.430728
-0.112114 -0.527734
2.759033 -2.629520
2.907557 -2.362886
2.945192 -2.588351
2.165286 -1.368813
-0.396180 0.634210
1.645292 -0.443690
3.097684 -2.784033
-0.037671 -0.329760
-0.243158 -0.152786
2.232909 -1.637630
2.884112 -2.437647
2.790948 -2.166128
0.070069 0.419622
2.252577 -1.687181
2.207541 -1.849866
3.257373 -3.039953
2.727182 -2.160590
1.965843 -1.115602
2.092533 -1.491503
-0.049453 -0.558092
-0.082446 -0.175428
2.393555 -1.580422
-0.034433 0.937361
2.905873 -2.770981
3.882833 -4.364872
1.502217 -0.404652
2.334683 -1.491402
-0.028702 -0.192296
2.069778 -1.244696
2.173417 -1.652115
3.242275 -3.050884
1.828710 -0.889624
3.226843 -3.136444
1.837669 -0.920070
-0.039901 -0.539483
-0.062309 0.111275
0.012335 0.045957
1.769172 -1.016066
2.139877 -1.676151
-0.129605 -0.117587
1.959806 -1.141192
2.391500 -1.860575
3.036190 -2.855048
0.004950 0.116811
2.733882 -2.067169
2.397500 -1.999199
2.206042 -1.580948
3.057225 -2.937178
-0.004679 -0.249453
-0.096801 -0.480165
2.950637 -2.423932
3.213493 -3.070285
-0.202133 -0.414615
2.470177 -2.032104
-0.115235 -0.598144
2.556192 -2.100477
3.202929 -2.859024
-0.020938 -0.144190
2.744084 -2.036163
-0.252266 -0.273041
-0.181904 -0.492767
3.161187 -2.988154
-0.053508 -0.046555
-0.057320 0.172369
-0.139496 -0.611321
-0.253017 0.106946
1.779477 -1.007135
1.173640 -0.304005
2.667228 -2.368290
-0.092476 -0.555532
3.221332 -3.435576
1.973872 -0.894602
-0.046299 -0.178992
2.911529 -2.711365
2.003241 -1.282621
1.996241 -1.182279
-0.237699 0.400474
3.025353 -2.580348
2.414731 -1.559299
-0.118869 -0.594313
3.263660 -3.207937
2.862787 -2.721741
3.128297 -2.989809
1.855608 -1.168057
-0.152024 0.153728
-0.052202 -0.057394
-0.064102 0.730084
2.604000 -2.219420
-0.147780 -0.593683
3.838959 -3.955843
0.048797 0.157789
3.405134 -3.032196
2.971648 -2.714824
3.212598 -2.910234
2.586338 -1.909649
3.793140 -3.690633
0.081247 -0.625039
2.925770 -2.747982
2.639047 -1.983425
3.030732 -2.515236
-0.060806 0.250671
-0.132428 0.049982
2.512861 -1.970339
2.588831 -2.141996
-0.183426 -0.360462
2.831935 -2.315061
-0.006313 -0.102534
-0.155845 -0.471380
3.705103 -3.857545
2.267812 -1.789581
3.160141 -2.934696
-0.204645 0.122662
0.040241 0.075029
0.832535 0.280916
1.949949 -1.030635
2.188222 -1.276353
0.496808 0.855979
2.950646 -2.505250
1.803189 -0.535017
-0.200461 0.165062
1.780124 -0.947809
2.729823 -2.563127
2.201353 -1.231737
-0.181460 1.198205
2.062089 -1.406971
-0.173486 -0.594470
-0.220156 -0.572161
-0.209988 -0.570467
2.932049 -2.883188
2.278234 -1.306640
2.235591 -1.336822
-0.049674 0.268016
2.517794 -1.951285
0.074146 0.127587
0.013713 -0.237434
2.146295 -1.204167
-0.056175 -0.535515
-0.079459 -0.495432
-0.259886 -0.186245
-0.074107 -0.200368
-0.265539 -0.329767
-0.240229 -0.757872
-0.126754 0.149346
3.028767 -2.819054
-0.262785 -0.436567
1.925071 -1.571327
3.153599 -2.901533
2.531445 -2.137856
0.015738 -0.193212
-0.146302 -0.633857
2.556557 -1.981289
2.335663 -1.946958
1.878676 -1.030686
1.981047 -1.474269
3.066771 -2.757106
2.413384 -1.768167
3.938683 -4.172653
1.481165 -0.381878
1.807691 -1.002773
2.960248 -2.483438
2.310082 -1.924563
1.978233 -1.199215
1.758266 -0.917162
2.836111 -2.343024
0.974749 0.500164
-0.232861 -0.054775
2.910987 -2.557140
2.926810 -2.628536
-0.229429 0.037759
2.632081 -2.080546
-0.095554 -0.504144
2.307475 -1.833653
2.368427 -2.062691
-0.135547 -0.688713
-0.183618 -0.579107
-0.214129 -0.048420
3.079429 -2.735268
-0.173383 -0.300742
3.177684 -3.465833
-0.190862 -0.576300
2.525959 -2.289665
3.135753 -2.892761
2.553828 -1.771864
-0.014473 -0.115949
-0.247483 -0.404452
2.877167 -2.437929
-0.132734 -0.568358
3.190643 -2.973697
2.585737 -2.311192
0.006182 -0.458114
-0.219429 -0.001398
1.842488 -1.042643
1.841652 -1.128005
2.669074 -2.183099
2.229480 -1.327121
3.331143 -3.226419
-0.083947 -0.385434
2.004267 -1.335850
-0.196281 -0.498686
2.282737 -1.278253
-0.058414 -0.478713
2.076764 -1.598243
3.920733 -4.286033
3.154792 -3.066339
1.748844 -0.968612
2.594489 -1.913357
2.700566 -2.459792
1.990645 -1.381503
0.021203 0.374902
0.028419 0.072121
2.065504 -1.659072
1.817607 -0.839629
-0.250914 0.085488
3.321776 -3.284020
-0.092384 0.011835
2.934111 -2.411811
2.522494 -2.268884
1.748978 -0.845593
3.896840 -3.993144
2.344283 -1.697933
-0.005960 -0.024513
2.765354 -2.062271
3.155780 -3.109195
0.147472 1.032482
-0.546922 1.110388
-0.238934 0.169149
2.706097 -2.314718
2.261188 -1.790186
2.632636 -2.389612
2.223623 -1.886490
-0.030899 -0.011900
3.275257 -3.081980
1.989931 -1.359164
-0.036708 -0.568289
-0.121835 0.261573
-0.052959 0.477519
2.031638 -1.493092
3.259651 -3.144198
2.143961 -1.602657
0.554988 0.332142
-0.104282 -0.382621
3.184171 -3.004198
0.010563 -0.282137
-0.060930 -0.466253
-0.100337 0.213326
3.221163 -3.096228
2.746614 -2.389946
2.396943 -1.634059
2.676163 -2.554041
2.238683 -1.879951
3.868273 -3.865754
-0.050315 0.054986
-0.155941 -0.614591
-0.140285 -0.000028
2.787573 -2.470224
0.030544 -0.110452
2.576184 -1.665745
0.036337 -0.111116
3.081607 -2.994451
-0.053658 0.233430
3.666439 -3.906429
-0.062154 -0.023016
1.862531 -0.890606
3.294469 -3.256979
3.354657 -3.163071
3.758773 -4.211214
-0.352500 1.311171
-0.011192 -0.198421
2.231734 -1.682413
1.791341 -0.833018
1.807421 -0.345715
2.439564 -2.101925
0.208600 0.364215
2.753663 -2.141536
2.489638 -1.954085
3.116996 -2.845100
-0.190034 -0.216927
1.802344 -0.535342
1.947544 -1.375384
0.039042 -0.278134
2.399446 -2.102137
0.040244 -0.211178
-0.171311 -0.597416
-0.070025 -0.948986
2.242334 -1.645383
0.006549 0.082327
1.755599 -0.849874
2.988998 -2.520211
2.631413 -2.312672
2.382954 -1.555524
-0.103484 -0.142274
2.737926 -2.074906
2.918062 -2.416498
2.984080 -2.965988
3.041113 -2.610759
3.087225 -3.186697
1.905594 -1.314514
-0.074708 0.205566
1.800629 -0.928315
2.288613 -1.574883
3.275050 -3.016523
-0.076349 0.021350
2.809876 -2.573904
0.029383 -0.082150
2.815456 -2.631412
-0.129852 -0.167726
2.201399 -1.403811
-0.098997 -0.287805
2.327261 -1.590420
3.521641 -3.082437
2.835024 -2.746951
-0.225369 0.168384
2.842785 -2.716630
3.323529 -3.181912
3.470041 -3.683450
2.778508 -2.323671
2.576795 -1.761088
-0.387937 0.479761
2.459247 -1.730746
3.739138 -3.795602
1.846190 -1.139859
2.282019 -1.281066
2.510260 -2.200180
2.238221 -1.302149
2.374711 -1.912007
3.179584 -3.206284
3.035447 -2.642220
2.875683 -2.208482
2.274006 -2.020653
2.454005 -1.850109
3.283963 -3.040176
-0.108032 -0.072963
1.364486 -0.526714
3.127110 -2.806012
2.690587 -2.333733
1.947544 -0.924896
2.550269 -2.168018
0.000828 -0.331310
1.921657 -1.188123
2.427789 -1.826294
2.909415 -2.538569
-0.078536 -0.507248
2.450927 -1.768836
-0.064435 -0.463631
0.616468 0.837871
2.825104 -2.412804
2.261433 -1.650991
1.969766 -0.934183
2.676562 -1.975742
2.338192 -1.577725
2.840575 -2.428648
2.500838 -1.838534
0.023251 0.139926
0.419581 1.190823
2.542326 -2.022416
2.667853 -2.321405
3.189713 -3.166942
-0.034173 0.169024
2.515311 -2.214123
2.851421 -2.255735
3.890777 -4.190438
2.167454 -1.476152
0.030523 0.151420
3.244755 -3.486413
0.034639 0.024185
2.047622 -1.440329
-0.267903 -0.443923
1.911979 -1.545473
2.217695 -1.634258
-0.179076 -0.497596
3.177856 -3.145946
2.489763 -1.555612
1.775180 -0.850834
4.040087 -3.854256
3.364368 -3.200228
1.947991 -0.909268
0.012093 -0.296448
1.934433 -1.102993
3.148914 -2.830167
2.153006 -1.255716
2.852671 -2.551589
2.797621 -2.470615
1.610518 -0.898012
-0.043363 0.201265
2.308570 -1.650096
1.753155 -0.982954
3.215732 -3.280628
2.014768 -1.060077
-0.204435 -0.819766
3.248500 -3.237935
-0.251147 0.037872
-0.117517 -0.443003
-0.246660 0.105764
3.953470 -3.915986
1.762907 -0.840775
-0.126303 0.086150
-0.029545 -0.231058
-0.077165 0.147704
-0.158907 0.265804
0.003258 -0.037594
1.911737 -0.926454
2.467729 -2.260172
-0.124177 -0.422346
0.040930 1.810388
4.358429 -4.234609
-0.247711 -0.016213
-0.086135 1.057882
1.954135 -1.027555
0.005721 -0.333170
-0.100109 -0.094469
-0.170564 0.282191
1.628791 -0.674543
2.488102 -1.905202
3.148025 -3.121186
3.348248 -3.337381
2.633941 -2.252792
1.536281 -0.614197
-0.212475 0.105785
0.028857 0.144429
2.327299 -1.899207
2.086014 -1.208952
2.719036 -2.245989
1.877027 -0.822635
-0.224589 0.155906
0.000232 0.073840
1.975141 -1.020610
3.173798 -2.962032
3.064904 -2.797662
-0.133605 0.319076
2.501904 -1.790825
2.612320 -2.367873
2.416134 -1.655370
2.830639 -2.659465
1.863453 -1.007055
3.245608 -3.064429
2.517972 -2.286815
1.760731 -1.026509
1.958115 -1.160036
0.019470 0.120577
2.355294 -1.588482
-0.157603 0.055991
3.337102 -3.332985
-0.034440 -0.138081
4.131120 -4.381719
1.387905 -0.367380
3.146712 -3.176044
1.825310 -0.829661
1.673434 -0.874664
3.157600 -2.789072
1.896982 -0.876922
0.447043 -0.069191
-0.222890 -0.308950
-0.086656 0.297322
3.388194 -3.235717
1.563753 -0.859382
-0.111381 -0.550629
2.477026 -2.091663
2.202872 -1.703264
2.851612 -2.766698
-0.198698 -0.105264
-0.152792 0.345277
-0.196016 -1.292047
3.338997 -3.328424
2.710145 -2.566590
2.358061 -1.528162
1.744785 -1.060443
1.782621 -1.098228
3.260421 -2.983352
1.879557 -1.267862
2.876210 -2.212547
2.835294 -2.316200
2.098075 -1.440233
2.291219 -1.789944
2.900661 -2.314926
2.479204 -1.658567
1.427127 -0.553621
2.551898 -2.058347
3.229045 -3.157908
-0.261850 -0.360766
2.806793 -2.542065
1.942097 -0.934158
3.164084 -2.748939
3.282589 -2.909878
-0.108636 -0.262586
-0.092255 -0.404276
3.135727 -2.756175
2.414835 -1.725211
3.128305 -2.766503
-0.166894 -0.136633
3.530715 -3.326925
2.133432 -1.330734
2.267147 -1.287280
1.991934 -1.002251
2.247879 -1.832589
-0.200458 -0.255133
-0.160761 -0.563574
3.253970 -2.946167
3.909098 -4.233238
-0.210284 -0.356155
3.098561 -3.107301
-0.032872 0.178233
3.147690 -3.058731
-0.015212 -0.209325
-0.072710 -0.546828
-0.172170 0.040838
0.057983 -0.356541
2.679070 -2.363422
1.855283 -0.894575
0.009354 -0.296264
-0.095220 0.306748
1.949124 -1.418340
2.467034 -2.220902
0.038711 0.001234
0.012603 0.007887
2.673157 -2.272977
3.390605 -3.770155
3.252946 -3.087281
-0.014729 0.156725
2.929771 -2.764076
2.272165 -1.661561
3.049866 -2.720581
-0.189911 -0.612125
3.189518 -3.128456
3.202248 -2.926506
1.820798 -0.853621
2.447910 -1.646137
1.818665 -1.081985
0.083437 0.313616
-0.146573 0.388956
-0.256335 -0.186467
-0.051297 -0.182126
2.710735 -2.180395
2.560608 -1.583143
1.839453 -1.205585
2.298385 -2.018766
2.920667 -2.835306
1.768327 -0.973885
3.318416 -3.301118
2.964438 -2.719579
3.592767 -3.714331
3.329736 -3.165233
2.085821 -1.311586
-0.060728 0.257957
2.520732 -2.084279
-0.214075 -0.439149
-0.102291 0.122011
2.508541 -1.617586
2.833875 -2.747627
-0.176567 0.260051
2.859120 -2.226677
2.712861 -2.041681
3.328991 -3.182096
-0.211928 0.187879
2.654786 -2.218081
2.698516 -2.135597
1.512527 -0.481271
2.967122 -2.576166
0.040903 -0.076997
2.914144 -2.863140
-0.185512 -0.159288
2.578819 -1.814780
3.973227 -4.277627
3.397623 -3.665054
-0.254659 -0.264235
3.015230 -2.969221
2.698591 -2.010409
2.534361 -1.931694
0.032243 -0.237774
3.376510 -3.114857
2.050987 -1.417547
2.076363 -1.424898
2.908939 -2.643451
-0.299842 -0.685092
2.865817 -2.599914
3.102607 -2.599563
2.238743 -1.979797
2.494776 -1.154774
1.033420 -0.160135
3.270721 -2.972018
-0.058167 0.321129
2.656622 -2.508721
2.738492 -2.451222
2.460781 -1.962422
2.013269 -1.369988
3.316135 -3.280204
-0.220979 0.091775
3.443615 -3.354849
3.149335 -2.819421
2.369782 -1.836953
0.451819 1.009431
3.701810 -3.628716
2.399420 -1.779223
3.321920 -3.104389
4.392775 -5.304153
0.077183 -0.420513
1.384061 -0.613716
2.802550 -2.597576
1.935170 -1.252793
-0.214189 -0.038283
-0.190645 -0.485123
2.578739 -2.176197
-0.189330 -0.049589
-0.069327 0.172551
2.830933 -2.476020
-0.105583 0.082255
1.907198 -1.069256
2.203645 -1.761592
3.310531 -3.128709
2.049264 -1.016640
0.328439 -0.044206
3.084711 -3.121954
2.057715 -1.578542
2.729040 -2.339967
2.414637 -1.611617
2.536897 -2.127817
2.787467 -2.247467
2.204381 -1.202490
-0.139768 0.290022
3.405338 -3.391297
-0.187854 -0.464202
3.200198 -2.885238
-0.191641 0.038570
2.109890 -1.044469
-0.339916 -0.517272
-0.121674 -0.605055
2.897443 -2.806371
1.805888 -1.045532
1.894665 -0.868289
0.029326 -0.269726
-0.106113 -0.192614
4.022101 -4.382131
2.744829 -2.047657
2.490198 -2.030535
1.312040 0.262523
1.389876 -0.523387
1.868552 -1.269867
2.843012 -2.206823
1.397428 -0.223294
1.798589 -0.607263
2.591791 -2.222887
3.913642 -4.517711
1.830591 -0.811867
1.897687 -1.368116
2.473532 -1.864525
2.666006 -2.146845
3.108605 -2.756733
-0.248506 0.254348
3.079738 -2.710494
3.565897 -3.296466
1.913445 -1.399604
3.159728 -3.167568
3.150058 -3.083280
2.986096 -2.630565
0.000989 -0.382455
2.997452 -2.791721
2.964982 -3.014164
-0.223112 0.218138
2.478564 -1.638387
0.034267 0.132757
2.316135 -1.721759
-0.041526 -0.575366
3.100293 -3.035705
-0.288016 0.399347
1.185843 -0.269080
0.026300 -0.034742
3.394946 -3.369882
2.501181 -2.263507
4.021411 -4.336776
3.077822 -2.872381
2.860525 -2.683488
-0.206904 0.226806
3.220360 -3.090261
1.732720 -0.864518
3.217011 -3.012815
0.040761 0.021398
2.593083 -1.803216
-0.149977 -0.360400
2.063453 -1.106560
-0.124381 -0.225173
2.768062 -2.669004
3.314215 -3.292562
2.761879 -2.728384
2.370999 -1.770275
2.281256 -1.341258
3.039585 -3.017598
-0.125222 -0.603471
2.442939 -2.174421
0.021947 -0.615069
-0.189914 -0.517752
-0.083440 -0.641817
0.033927 -0.372666
2.919298 -2.407397
3.023011 -2.671917
1.923281 -1.156051
-0.088433 -0.186873
2.339675 -2.008687
-0.048688 0.203858
-0.110525 -0.730424
2.249865 -1.334713
-0.040170 0.074654
4.323413 -5.432062
-0.146988 -0.173128
2.090681 -1.127099
-0.022895 0.073907
-0.002161 -0.418358
-0.026329 0.033047
2.287624 -1.717286
-0.070111 -0.523249
-0.071072 -0.100857
1.950446 -1.426826
2.345333 -1.509112
-0.081947 -0.279670
-0.184391 -0.478109
3.425452 -3.407483
3.350722 -3.199081
0.030619 0.515341
0.093378 -0.111230
2.390794 -1.526897
1.380907 -0.246108
3.209581 -2.903040
3.106397 -2.683875
2.891573 -2.378500
2.245143 -1.731673
0.022535 -0.108126
-0.267113 0.268318
1.979321 -1.235426
1.496664 -1.058406
1.938053 -1.317138
2.805508 -2.312473
1.868101 -0.403393
1.912474 -1.090071
2.265179 -1.516175
2.073800 -1.647348
-0.084441 -1.063483
-0.083108 -0.453637
3.731146 -4.055157
3.886904 -4.428899
1.815844 -0.934869
-0.052119 -0.576471
-0.183735 0.171531
2.238424 -1.877751
3.422925 -3.308125
2.053706 -1.506939
4.072798 -4.247538
-0.078798 0.024715
2.588119 -2.342837
0.033881 -0.170148
1.402580 -0.272240
2.791810 -2.677193
2.897599 -2.254036
-0.033280 -0.247704
-0.226847 -0.561592
1.931004 -1.506571
-0.164745 0.236669
3.102975 -2.605534
1.866262 -0.920116
4.073010 -4.438855
2.665268 -2.478674
2.831883 -2.785007
2.130183 -1.797410
0.018481 -0.418968
3.233964 -3.187316
0.873612 0.014604
3.425563 -3.209758
-0.261491 -0.323296
1.806111 -0.814396
3.352672 -3.103786
2.504864 -2.217963
-0.260750 -0.097098
1.714033 -0.811005
2.895470 -2.698719
2.155735 -1.379136
1.804918 -1.016000
2.248727 -1.891603
3.003620 -2.838221
3.545254 -3.658038
2.349778 -1.639744
2.215069 -1.638531
2.167693 -1.768641
1.677139 -0.961622
1.801275 -1.096731
1.745813 -1.088091
1.735379 -0.769803
-0.181814 -0.079481
-0.061405 -0.580278
3.378935 -3.237938
2.974644 -2.583070
3.414275 -3.409535
2.393025 -1.553418
1.887570 -0.895268
-0.044838 0.328175
2.758395 -2.859361
2.888007 -2.339902
-0.072044 0.157719
-0.262114 -0.281561
2.525307 -1.991638
3.998275 -4.582006
2.644116 -2.051835
2.372536 -1.972429
1.878902 -1.272789
2.610203 -2.401890
2.871761 -2.103589
2.715596 -1.991956
2.631036 -2.194906
-0.053765 -0.406418
0.278117 1.341012
0.877630 0.659789
3.436358 -3.221297
1.870373 -1.061746
2.432376 -1.897813
2.187421 -1.453891
3.532638 -3.742199
-0.072298 -0.643300
2.089587 -1.249856
-0.134896 -0.670895
-0.126229 -0.403343
3.029337 -2.884871
3.659118 -3.986426
1.864380 -0.849459
2.898128 -2.664935
2.628377 -1.946218
2.090473 -1.609298
1.816212 -0.792452
-0.039208 -0.039048
4.131419 -4.570528
3.150505 -3.141852
3.283976 -3.100570
3.679302 -3.835400
-0.041699 -0.239714
3.211099 -3.033788
2.692466 -2.018529
-0.248123 -0.591868
1.773197 -0.753697
2.492111 -1.620527
2.558376 -1.832979
2.648972 -1.861077
1.947969 -1.285070
2.111296 -1.342464
2.696687 -2.310516
-0.296192 -0.265377
2.491161 -1.844898
-0.132516 -0.688860
2.767071 -2.116597
3.279462 -3.010774
0.004624 -0.293726
2.480098 -1.676930
3.424589 -3.355352
2.365208 -1.650000
2.844258 -2.035942
2.710868 -2.215359
1.831585 -1.183066
3.332925 -3.374650
3.172108 -2.787999
-0.018663 0.069341
0.014370 0.205505
-0.204563 -0.516461
2.586189 -2.035843
2.757365 -2.688095
3.415461 -3.239156
-0.152274 0.691590
2.901795 -1.786041
-0.049833 -0.555116
2.677678 -2.057190
3.825123 -4.105746
2.981405 -3.043916
-0.123509 -0.430285
2.957503 -2.769041
-0.034390 0.315763
2.409849 -1.989790
-0.172070 -0.717303
2.800549 -2.076776
3.077705 -2.971894
3.457770 -3.550897
2.048009 -1.145424
-0.121032 -0.333121
2.007587 -1.306975
0.022424 0.155889
-0.026699 -0.223114
2.188279 -1.338940
2.649751 -1.986771
-0.256004 -0.224132
3.336378 -3.349507
1.742963 -0.955906
3.350658 -3.320964
2.256137 -1.339798
3.227786 -3.346802
-0.015010 -0.065960
1.695547 -0.827350
-0.061182 -0.546891
1.881191 -1.122383
3.190431 -2.860787
2.148596 -1.600092
0.048229 -0.628846
-0.011993 0.223245
0.028506 -0.138472
0.160560 0.442582
2.321929 -2.028565
2.293959 -1.350885
3.083686 -3.097743
-0.169374 -0.587443
0.027936 -0.274082
2.500282 -2.064157
2.384735 -2.015657
-0.060990 -0.578752
-0.116913 -0.720975
2.316370 -1.641431
2.277910 -1.275713
-0.405499 0.631586
2.146197 -1.178842
3.170629 -3.113057
3.281465 -3.017809
2.173801 -1.138771
3.242748 -3.325104
-0.204677 -0.711927
2.809300 -2.618889
2.905442 -2.295892
-0.184134 0.229044
2.300249 -1.756733
2.086652 -1.074801
-0.066727 0.670143
2.253535 -1.443477
-0.169319 0.123868
-0.237390 0.379412
1.674832 -0.891134
2.699154 -2.132791
3.375678 -3.434176
-0.084217 -0.431779
1.718323 -0.480423
1.980192 -1.541466
0.150924 1.416862
3.220402 -3.276210
0.821990 0.373022
1.461936 -0.299194
-0.133950 0.268455
2.815953 -2.600219
2.619755 -1.851637
-0.120041 0.096741
1.748823 -1.109150
2.950352 -2.658056
3.766813 -4.215756
2.978324 -2.918040
3.429683 -3.272605
2.195816 -1.170396
1.789904 -1.108437
2.033191 -1.436963
2.966547 -2.702480
2.463330 -1.987603
2.239604 -1.723330
-0.367907 -0.322649
2.833278 -2.386921
3.064324 -2.878328
2.591690 -2.070713
-0.061767 -0.327616
3.114451 -2.756192
2.527963 -2.071520
1.728554 -0.835074
2.707799 -2.461810
3.076087 -2.588791
3.277552 -2.934422
2.190823 -1.173935
2.362606 -2.147333
2.071715 -1.496783
3.463809 -3.426569
3.444847 -3.506677
-0.166403 -0.663387
2.903143 -2.949733
1.986286 -1.572876
2.168507 -1.561404
2.345223 -1.569549
-0.139625 -0.003241
2.076369 -1.367824
-0.007895 0.497003
2.971244 -2.353442
2.854023 -2.509071
1.784380 -0.819819
2.724880 -2.583024
2.023061 -1.582966
3.495363 -3.388978
0.035854 0.108330
3.361021 -3.289479
0.158322 -0.307674
2.768211 -2.086299
1.939125 -1.355991
4.070934 -4.449385
2.930303 -2.746484
2.625415 -1.826442
0.007960 0.271819
2.046986 -1.339447
-0.026729 -0.116117
2.604984 -2.060994
2.985398 -2.631435
3.475008 -3.532274
3.284477 -3.298607
2.464993 -1.919576
3.322259 -3.418595
2.716538 -2.343483
2.816433 -2.718914
-0.228600 -0.274764
2.724638 -2.501589
-0.265496 0.183438
3.008988 -2.986195
2.449250 -1.930335
2.419832 -1.825646
3.506032 -3.561561
1.903512 -0.889499
2.987784 -2.457455
2.259437 -1.940870
2.746824 -2.004293
2.981039 -2.845911
0.413598 -0.210286
2.011029 -0.872217
3.043613 -2.587750
2.506137 -1.999259
2.378792 -1.787003
2.371097 -1.809587
-0.298115 0.276707
0.035215 -0.363800
3.340177 -3.112770
3.284638 -3.620522
2.272524 -1.403291
2.400107 -2.133876
2.510321 -1.946966
2.136403 -1.594921
2.444868 -1.870485
2.406004 -1.862715
2.064502 -1.071099
-0.039360 0.196289
2.445078 -1.895075
2.394408 -1.779625
2.386250 -1.788500
3.869230 -3.972984
-0.180042 0.411663
2.936194 -2.942721
0.210614 0.403037
-0.153635 0.357202
-0.035086 -0.038537
2.626128 -2.169159
-0.221250 0.205686
2.445485 -1.946377
-0.009459 -0.137976
1.685909 -0.675517
3.869919 -4.356376
2.018353 -1.542931
2.464687 -1.918445
3.507087 -3.725537
2.449621 -1.968406
2.187971 -1.122723
2.554163 -1.663381
2.541911 -1.990136
2.554377 -2.160256
2.403346 -1.843921
1.999671 -0.976999
2.588295 -1.908498
-0.030834 -0.511108
-0.135569 -0.221391
2.447977 -1.964316
2.533977 -1.979698
2.592830 -2.057784
3.026113 -2.665504
3.633330 -4.217231
2.502407 -1.952518
2.359156 -1.395475
2.326816 -1.416020
2.377863 -2.622414
-0.164837 0.383281
-0.269104 -0.248809
2.390864 -1.798507
2.340801 -1.766201
2.082153 -1.531849
-0.037609 0.000745
3.337597 -3.278826
2.980344 -2.855534
-0.288154 -0.113993
2.450957 -1.876216
2.516846 -2.057190
-0.128402 -0.223684
2.573248 -2.060683
0.021959 -0.482237
2.514109 -1.901494
1.892701 -0.662705
2.381341 -1.794995
-0.184030 -0.678622
2.418103 -1.785532
2.419935 -1.491311
0.086161 0.298025
2.285891 -1.526764
2.432071 -1.431055
1.569964 -0.792285
2.836481 -2.233474
2.531203 -2.015461
2.699522 -2.021924
2.575988 -2.078765
2.553705 -2.024683
3.252243 -3.224504
2.478430 -1.952392
1.301786 -0.688096
0.044258 -0.652157
2.498249 -2.227203
2.775992 -2.312031
2.493105 -1.923288
1.681955 -0.999756
-0.135155 -0.538066
-0.309895 -0.225198
-0.080256 0.374909
2.288689 -1.673218
-0.252652 -0.451366
2.199689 -1.742711
-0.320177 -0.748262
-0.337121 -0.175824
2.467816 -2.139146
3.254809 -2.858752
2.201679 -1.682728
2.397442 -1.766222
2.997169 -3.255754
3.294499 -2.986903
3.207434 -3.221630
3.280609 -3.286384
2.393967 -1.825665
-0.253918 0.532317
2.449273 -2.090767
2.691370 -2.653677
2.359724 -1.722054
0.897533 0.239168
2.569038 -2.104618
-0.181028 0.414350
2.574178 -2.050997
2.484484 -2.025430
2.524297 -2.071665
0.170891 1.387193
3.335000 -3.298213
2.596008 -2.097365
2.782964 -2.088900
0.779384 0.950531
2.533483 -1.714520
2.661909 -1.875726
2.593707 -1.812826
2.082361 -1.398829
2.647126 -2.333684
2.433273 -1.932307
2.390945 -1.816391
3.424407 -3.160309
3.164618 -2.827865
3.391524 -3.372375
2.470180 -1.942594
2.302443 -1.670496
-0.054139 0.064378
2.573414 -2.018168
2.500939 -1.978846
2.423999 -1.896774
2.568211 -2.033688
3.515641 -3.474844
2.591408 -2.056699
2.437145 -1.794575
-0.058106 0.389862
2.243250 -1.732671
2.341758 -1.687012
2.389676 -1.757724
2.296118 -1.667104
-0.133695 0.032500
2.985208 -2.838768
2.635490 -2.178675
-0.282658 -0.334300
2.440685 -1.843241
2.516446 -2.030135
2.464232 -1.838780
1.012101 0.144684
-0.406416 -0.960573
-0.086466 -0.499453
2.286169 -1.634736
2.648537 -2.182317
2.034838 -1.155041
2.768202 -2.418671
0.982561 0.418437
-0.274336 -0.652784
2.292722 -1.682085
2.582341 -2.029732
2.501982 -1.987852
-0.137374 0.638506
0.006049 -0.720380
2.650638 -2.381700
2.369241 -1.842177
2.389662 -1.740728
2.336220 -1.794218
1.944677 -0.884138
2.446992 -1.949252
1.805039 -0.868977
2.320083 -1.975795
3.226897 -3.302757
2.345474 -1.743620
2.539050 -1.992656
1.771941 -1.076402
2.361374 -1.794954
2.664317 -2.215095
2.531979 -2.054273
0.788854 0.132571
2.446731 -1.838912
2.357396 -1.690351
3.269670 -2.981780
2.245992 -1.324383
2.591123 -2.150775
-0.310218 -0.106884
2.412715 -1.919261
2.393359 -1.839186
1.725608 -0.888686
3.779289 -3.129118
2.622958 -2.145508
0.014488 0.214396
2.662589 -2.189884
2.169493 -2.029309
2.280829 -1.658887
2.506984 -1.897729
2.601297 -2.181307
2.458033 -1.982856
2.363621 -1.711182
3.291003 -3.433245
2.366177 -2.067679
3.260579 -2.945813
2.524380 -2.065031
3.739168 -3.310184
2.050130 -0.985402
2.290427 -1.666711
2.974485 -2.945087
2.460986 -1.854999
2.538563 -1.955262
0.464866 0.491696
2.551668 -1.947354
2.429128 -1.804018
0.046454 -0.867728
-0.134677 0.411013
2.411011 -1.916160
3.115310 -3.109773
2.378704 -1.594251
3.046844 -2.916417
3.339641 -3.403122
3.058069 -2.396092
2.560890 -2.013885
2.005254 -1.545252
2.287199 -1.719110
2.280110 -1.634140
2.577137 -2.083673
-0.325734 -0.085181
2.581611 -1.716562
3.624482 -3.950997
2.493115 -2.007643
2.312452 -1.635822
2.713750 -2.241105
2.340535 -1.665570
0.108383 -0.792106
2.483276 -1.672760
-0.234795 -0.261667
3.196707 -2.722954
0.003050 -0.499960
2.153826 -1.120476
1.898714 -0.590173
2.591030 -2.026756
4.022723 -4.237053
2.153967 -1.001283
-0.169085 0.385290
2.379092 -1.726311
1.673324 -0.655141
-0.266508 0.142855
2.772501 -2.553410
2.458708 -1.998096
3.428902 -3.216035
3.179926 -3.230562
2.542474 -2.111027
2.607705 -2.163605
2.097055 -1.247010
2.519086 -2.090687
2.658192 -2.212227
2.893886 -2.316819
2.682011 -2.276022
2.904577 -2.958521
2.397162 -1.746721
2.177955 -1.476977
-0.317354 -0.201675
2.254993 -1.621527
1.920800 -0.834318
3.513166 -3.578712
2.504006 -1.951143
2.611668 -2.057791
-0.057808 -0.571959
2.588449 -2.141296
-0.327420 -0.140872
2.383000 -1.845951
2.217219 -1.580628
2.405416 -1.431846
3.379737 -3.152180
3.197084 -2.938106
1.839958 -0.871080
3.023501 -2.680286
2.441453 -2.223346
0.160586 0.031164
2.421890 -1.875614
2.582042 -1.828418
2.592086 -2.053738
3.099941 -3.402723
2.434643 -1.824128
2.310184 -1.687215
2.682121 -2.654789
2.307755 -1.735570
0.020076 -0.160547
-0.270683 -0.281263
2.417583 -1.776122
2.721455 -2.217344
2.511420 -2.045699
2.573810 -2.157556
2.450811 -1.995905
1.741695 -0.709291
3.864115 -4.381389
2.708266 -2.222049
0.012677 -0.286047
1.833010 -0.872595
3.173085 -3.270421
2.663825 -2.128131
1.817753 -0.826535
2.359587 -1.781505
0.546277 0.316490
2.531252 -2.113154
2.512895 -1.863567
2.438945 -1.957603
2.246963 -1.579754
2.276781 -1.676686
2.337927 -1.929873
2.424476 -1.858359
1.975741 -1.320196
-0.081446 -0.211249
1.812264 -0.684831
1.438021 -0.446474
2.676881 -2.066747
2.317487 -1.595516
3.496579 -3.371067
2.579626 -2.077613
2.230621 -1.554397
2.600467 -2.088409
3.325847 -3.040849
2.657790 -2.194671
2.685485 -1.907860
2.594063 -2.132565
2.701974 -2.298398
2.249194 -1.651348
2.337984 -1.710973
2.735170 -2.311657
2.820761 -2.228903
-0.036528 -0.432757
2.527980 -1.995483
2.221870 -1.620003
1.077077 0.140436
2.314363 -1.749279
2.503630 -1.861671
2.509309 -1.982813
-0.069719 0.122553
2.268523 -1.551541
-0.236856 -0.132252
2.599772 -2.166085
2.635800 -2.243230
2.424063 -1.926792
2.592731 -2.000027
2.439137 -1.853018
2.235417 -1.610530
2.298929 -1.601044
2.298948 -1.593377
2.407743 -1.957075
2.297232 -1.772993
2.739104 -2.355851
2.129873 -1.410498
2.741477 -2.312922
2.221352 -1.570623
2.300221 -1.739510
2.312163 -1.714664
-0.331233 -0.293739
-0.320668 -0.385717
2.104498 -1.682613
2.737161 -2.356027
2.221177 -1.583399
2.673731 -2.301567
2.398920 -1.747570
2.915726 -2.582572
2.607629 -2.072967
2.731953 -2.337050
2.415875 -1.771718
2.536405 -1.786143
2.340676 -1.790368
1.839314 -1.285884
2.595553 -2.063932
2.685328 -2.228240
2.634792 -2.252249
2.465524 -1.944141
2.274513 -1.696613
2.442204 -1.928491
2.607769 -2.212256
2.539111 -2.039606
-0.058477 -0.594633
1.420044 -0.201247
2.336511 -1.644584
3.588796 -3.732099
2.263259 -1.652582
2.142649 -1.606700
2.483694 -2.059242
2.599224 -2.208736
2.314083 -1.695625
2.463969 -1.592329
0.639517 0.403173
-0.331096 -0.235786
2.209539 -1.584006
2.016946 -1.039185
2.404833 -1.898956
2.272715 -1.566186
3.501117 -3.359251
2.640327 -2.240995
2.891524 -2.853796
3.594338 -3.431660
2.441144 -2.155602
2.488613 -1.949995
2.583194 -2.062694
3.258017 -3.358138
1.642728 -0.753785
-0.132954 0.697546
-0.189753 0.386554
3.228302 -3.404170
2.286360 -1.603344
0.055067 -0.732307
2.290900 -1.588385
2.075606 -1.819158
2.307672 -1.765749
2.744070 -1.952115
2.374720 -1.511853
1.928164 -0.847855
0.698187 0.354722
2.516937 -1.935281
2.290126 -1.452400
2.574211 -1.996901
2.206275 -1.479575
-0.128614 -0.076363
2.763706 -2.421371
-0.143759 -0.217072
3.231364 -2.844347
-0.234086 -0.472954
2.171001 -1.120466
1.672792 -0.773845
2.651752 -2.176196
2.687652 -2.293070
-0.061228 -0.665136
2.773938 -2.238955
2.299349 -1.685326
2.192593 -1.483660
-0.200040 -0.363490
2.574311 -1.669642
3.422024 -3.821697
1.686454 -0.969837
-0.302858 -0.007512
-0.280514 -0.760119
2.429903 -2.138551
2.607855 -2.121235
2.750254 -2.386026
3.503516 -3.324310
2.453355 -1.861664
2.352065 -1.826437
3.538046 -3.761041
2.408837 -1.874356
2.409089 -2.150485
3.520504 -3.523554
2.621389 -2.186287
2.680797 -2.182830
2.563803 -2.076627
2.594966 -2.047375
2.555158 -2.198152
2.694223 -2.242778
2.656862 -2.121901
2.528490 -1.929368
-0.077526 0.732756
1.806259 -0.797522
1.965971 -1.007736
-0.070729 -0.672144
2.270811 -1.272456
4.134523 -4.164075
2.535887 -1.899320
2.644701 -2.101039
-0.176308 0.055350
-0.133485 -0.187537
2.160533 -1.755540
-0.300979 -0.351196
2.323183 -1.623814
3.234657 -3.275507
2.747353 -2.318501
2.258442 -1.560661
-0.294379 -0.022060
2.412479 -1.759196
-0.176101 -0.418639
2.374709 -1.660491
2.924248 -2.817311
0.002291 0.325656
2.395146 -1.874536
2.749180 -2.336787
2.301862 -1.593503
0.633776 -0.041033
2.719595 -2.248411
2.463976 -2.001074
3.439988 -3.198691
2.500221 -1.875931
-0.146738 -0.203116
2.939125 -2.951664
0.825387 0.523472
-0.135475 -0.216763
2.517477 -2.098953
2.663731 -2.112860
-0.139540 -0.206680
1.907095 -1.014695
2.574368 -2.167275
0.304687 0.453924
-0.132413 -0.189033
2.544214 -2.078239
2.290213 -1.369653
2.382532 -1.464184
2.442275 -1.826866
-0.068550 0.334731
2.705766 -2.494023
-0.132171 -0.226821
2.304102 -1.623243
-0.083092 0.008123
2.581628 -2.013085
2.237989 -1.530840
2.568813 -2.091409
-0.123969 -0.128288
-0.140771 -0.121427
-0.100102 0.211296
2.730477 -2.357162
1.333803 -0.100511
2.613463 -2.139964
2.478242 -2.032394
-0.151331 -0.171477
1.688268 -0.930762
2.454898 -1.807220
-0.314010 -0.338059
2.660394 -2.094309
2.187462 -1.472439
2.540046 -1.968114
2.494915 -1.856160
2.400025 -1.824956
2.222632 -1.639164
2.390488 -1.666641
2.158435 -1.170868
1.816400 -0.691465
2.482428 -1.900974
3.693116 -3.731283
0.099209 -0.347588
1.891153 -0.888103
2.773680 -2.385210
1.929440 -1.392820
3.239066 -3.173727
2.584265 -2.194775
2.390925 -1.858852
2.641281 -2.262623
2.260405 -1.637455
2.751964 -2.420883
2.889948 -2.231023
-0.122807 -0.088710
3.409095 -3.361473
2.680986 -2.336396
2.261855 -1.523729
1.331103 -0.266717
-0.306715 0.006103
3.356759 -2.980705
2.346475 -1.650862
-0.322743 -0.177353
2.380574 -1.898319
2.262455 -1.228720
2.300245 -1.747361
2.276573 -1.515465
-0.305040 -0.334949
-0.053992 0.427042
2.710703 -2.244461
2.727803 -2.335111
0.638021 0.333050
2.270189 -1.376451
1.228153 -0.318125
2.257087 -1.727043
2.590953 -2.164928
2.402215 -1.885591
-0.237752 0.190611
1.452051 -0.785751
1.359536 -0.666492
2.417829 -1.824942
-0.144986 -0.102187
2.660732 -2.263985
2.583485 -2.165230
2.751955 -2.389140
2.545898 -2.087070
2.404094 -1.561252
3.420601 -3.271221
2.261097 -1.539496
3.296650 -3.462372
2.200035 -1.532986
-0.132003 -0.139237
2.433192 -1.769044
2.207894 -1.197011
2.622601 -2.096871
2.302812 -1.981596
0.101202 -0.084854
2.556435 -1.977678
-0.101406 0.185993
2.567532 -1.754501
-0.281593 0.339772
1.967824 -1.052540
3.266482 -3.581663
2.516617 -1.898413
2.206454 -1.469741
0.613530 0.453242
0.106062 -0.086467
2.383938 -1.797816
0.084963 0.015092
-0.152187 0.386445
2.237833 -1.652780
-0.215311 -0.676627
2.252916 -1.528273
2.714791 -2.300288
2.680607 -2.353466
2.202875 -1.483134
-0.131143 -0.243994
-0.120247 -0.248306
2.813320 -2.423941
2.863683 -2.635185
2.491829 -2.053864
2.646723 -2.305583
2.197365 -1.533642
-0.126025 -0.218693
2.396844 -1.870852
3.098262 -3.112744
-0.113451 -0.188713
2.303939 -1.699219
2.362442 -1.765017
3.571545 -4.130622
2.767007 -2.411667
-0.060319 -0.355574
2.587538 -2.195834
2.312233 -1.555367
-0.116959 -0.227563
2.152114 -1.471042
2.517021 -2.076269
2.816194 -2.434244
3.519219 -3.596997
2.464689 -1.804423
2.255621 -1.533931
1.966453 -0.813076
3.501646 -3.356214
-0.138269 -0.305741
2.717293 -2.232393
2.660346 -2.288312
-0.279949 -0.174896
2.218965 -1.610568
0.980885 0.466109
2.015924 -1.015492
2.503042 -1.844050
1.855927 -1.111190
2.479652 -2.019551
2.612299 -1.747193
2.603017 -2.031358
1.824066 -1.050815
2.360328 -1.770644
2.145569 -1.478324
-0.026986 -0.758819
2.722818 -2.387399
2.696076 -2.582361
2.425454 -1.710098
2.213758 -1.630545
2.310616 -1.557802
-0.143240 -0.196069
-0.281305 -0.260316
2.379884 -1.915986
2.174568 -1.580885
2.268100 -1.533797
3.138608 -2.820324
2.297847 -1.776632
2.682330 -2.234520
2.546772 -2.084259
2.787659 -2.383449
2.799161 -2.472597
2.535990 -2.216441
3.521740 -3.407635
2.318512 -1.757343
2.782511 -2.320566
2.214659 -1.644325
-0.116063 -0.045907
2.386636 -1.864540
-0.161072 0.307717
2.804018 -2.381379
-0.168347 -0.160653
-0.178379 -0.152480
0.011448 -0.286381
2.747859 -2.223595
1.605830 -0.708767
-0.121710 -0.250256
-0.169337 -0.226296
2.644310 -2.099766
2.248054 -1.646854
2.181761 -1.541229
2.336855 -2.044290
2.130266 -1.179944
-0.116402 -0.082256
3.542902 -3.486571
-0.330596 -0.327714
2.320470 -1.741489
-0.163435 -0.158804
-0.147531 -0.134089
-0.130702 -0.765808
3.226579 -3.204971
2.615260 -2.257849
2.214503 -1.609123
2.617704 -2.069153
2.759966 -2.427582
3.286208 -3.294829
1.844930 -0.854103
3.166872 -2.989779
3.020825 -2.605091
2.019106 -1.252553
-0.179462 -0.150397
2.574719 -1.981050
-0.173081 -0.125137
0.382155 1.240244
3.898772 -4.897693
2.696166 -2.326251
1.858412 -0.460618
-0.144956 -0.195532
1.671751 -1.027819
3.505486 -3.578009
-0.135606 -0.288168
2.776856 -2.209308
-0.187007 -0.260012
2.775384 -2.326875
-0.158983 -0.192916
3.238685 -3.125434
2.414281 -1.986631
2.616894 -2.011912
2.504253 -1.846733
2.572381 -2.062843
-0.026547 -0.194061
3.571784 -3.462438
2.808233 -2.405183
2.138151 -1.465811
-0.132463 -0.236132
1.797176 -0.684068
2.496968 -1.971845
2.555879 -2.145458
2.244970 -1.913656
2.287488 -1.802399
2.144843 -1.431208
2.719641 -2.232852
3.173823 -2.741295
2.331889 -1.608366
-0.134901 -1.278628
2.418224 -1.874126
-0.250894 0.198484
2.445864 -1.595541
2.747368 -2.203010
2.507166 -2.134436
-0.278664 -0.436116
2.492721 -2.109535
1.887843 -0.840460
-0.177914 -0.210221
2.486248 -2.096746
0.453652 1.151780
-0.148034 -0.670334
2.815324 -2.394258
2.371543 -1.809281
-0.041317 0.324168
3.575145 -3.470538
2.679087 -2.306946
-0.166604 -0.152717
-0.044276 0.375316
3.212429 -3.077866
2.544915 -2.146380
-0.147767 -0.767131
0.909595 0.434131
2.345459 -1.779437
4.008797 -4.714638
0.081144 -0.837623
2.294665 -1.777375
-0.115872 -0.045757
-0.183608 -0.082419
2.584992 -1.937219
1.791006 -0.756337
-0.131334 -0.194557
2.819189 -2.387126
2.491259 -1.871541
2.326929 -1.819430
2.801561 -2.449752
2.741380 -2.427697
-0.205202 0.249566
2.522345 -1.921046
2.131598 -1.487699
2.710336 -2.433049
2.384001 -1.433537
2.773554 -2.395780
2.503294 -2.297774
3.040206 -2.675622
3.671306 -3.742697
-0.164553 -0.217215
0.031958 -0.095451
3.303651 -3.423557
2.150568 -1.519251
0.091592 -0.140206
2.449075 -1.826622
2.302238 -1.805035
2.173750 -1.390428
3.101364 -2.922671
2.169271 -1.618333
-0.189930 -0.295364
0.288371 0.608519
2.228116 -1.500681
2.192137 -1.488428
2.601117 -2.265378
2.742121 -2.397776
2.130162 -1.396418
2.861622 -2.152472
2.435279 -2.001396
-0.289210 0.049955
0.082559 -0.122640
-0.141530 -0.181855
2.495798 -1.833465
4.430655 -5.374641
-0.153530 -0.104334
-0.107610 -0.435969
-0.136374 -0.342437
2.741644 -2.217382
1.846835 -1.290882
3.611467 -3.728755
2.224347 -1.662543
2.046992 -0.901851
2.549533 -2.073631
-0.156003 -0.047929
2.683013 -2.142904
2.002044 -1.531688
-0.009577 0.003353
2.019853 -1.480535
-0.298360 0.095278
2.664530 -2.116695
3.054499 -2.347459
-0.136065 0.133093
-0.038906 -0.701728
-0.227464 -0.642196
-0.305828 -0.038220
0.314519 0.531554
2.365922 -1.848752
3.481169 -3.312459
1.666780 -0.667838
2.649012 -2.069004
2.811207 -2.343310
2.179812 -2.020338
0.536435 0.675153
3.087248 -3.152839
-0.207420 0.180698
1.932084 -0.948417
-0.030686 -0.516568
-0.071373 -0.056346
-0.154628 -0.054231
0.043033 0.108094
-0.064036 0.330097
1.927559 -1.499396
2.609739 -2.617039
2.363174 -1.683232
-0.102201 -0.677366
2.097542 -1.444339
1.997076 -0.905589
0.113255 -0.141281
2.714372 -2.388968
3.216296 -3.364465
-0.154739 -0.244442
2.105819 -1.455148
2.106572 -1.675217
2.242406 -1.668110
-0.172213 -0.064844
2.699265 -2.265288
2.840657 -2.604312
-0.318305 -0.179382
2.473835 -2.039633
2.124190 -1.076479
0.015377 0.583136
2.228820 -1.464995
-0.128724 -0.176923
2.442199 -1.837509
2.252877 -1.477374
0.972435 0.035847
2.959780 -2.669557
-0.165601 -0.040905
2.598749 -2.140050
2.333980 -1.583743
-0.129168 -0.428526
2.650011 -2.077067
0.812424 0.691849
2.156210 -1.465905
2.705068 -2.388386
2.712184 -1.967896
2.694098 -2.341610
2.623675 -2.577047
2.503324 -1.953654
2.402066 -1.878564
3.199458 -2.675057
-0.083682 -0.077038
2.458536 -1.754588
2.483747 -1.889578
1.459914 -0.172476
-0.175503 -0.132614
2.140923 -1.458575
2.854195 -2.425976
2.754680 -2.243112
-0.145762 -0.032064
2.192810 -1.502947
3.415924 -3.206895
0.068290 -0.137000
2.759100 -2.222875
3.157990 -3.232028
3.002767 -2.392967
0.315576 0.150147
2.389517 -1.944887
2.733234 -2.173281
2.616146 -1.976596
-0.152195 -0.313952
2.804785 -2.388406
2.934886 -2.971202
-0.088736 -0.210356
2.148735 -1.483017
3.022022 -2.522195
2.457034 -2.055583
2.491173 -1.718830
1.808402 -0.660622
2.655572 -2.353282
2.700190 -2.076217
2.560976 -1.997653
-0.185876 -0.780806
-0.072668 0.351819
2.683967 -2.626329
2.598027 -2.238629
2.540130 -1.960527
2.716727 -2.180570
-0.116993 -0.147169
2.641764 -2.080921
2.806714 -2.626697
1.661806 -0.727271
2.092200 -1.008898
2.373372 -1.679732
-0.322853 0.099531
2.633957 -2.342535
-0.088596 -0.256692
2.391633 -1.962416
2.966660 -2.882460
-0.041507 -0.772692
2.378686 -1.959614
2.122287 -0.998934
2.124384 -1.330339
0.422894 0.701611
1.499523 -0.095738
2.597344 -2.002848
2.720780 -2.176731
2.368883 -1.563825
2.401674 -1.722198
2.451027 -1.572026
0.051432 -0.062960
0.094178 0.080155
2.464476 -1.563059
2.465778 -2.024343
0.411081 0.179199
3.372114 -3.492171
2.712106 -2.489787
0.026072 0.608972
2.215250 -1.475183
2.373210 -1.840411
-0.060663 0.059048
-0.049592 -0.038037
0.100678 -0.159838
1.658645 -0.838048
-0.166946 -0.017851
2.318255 -1.514357
2.753688 -2.338623
2.890202 -2.907878
-0.180520 -0.225146
2.484242 -2.098702
3.483128 -3.205258
2.618611 -2.265152
0.105727 0.036757
2.799108 -2.318944
2.346321 -2.016500
2.837240 -2.151845
2.318646 -1.840586
2.543808 -2.198569
2.771817 -2.262033
3.565419 -3.743425
2.161913 -1.549459
2.351063 -1.885083
-0.290059 -0.348242
2.293265 -1.804677
2.108245 -1.472390
1.744640 -1.353575
2.598612 -1.979061
-0.139984 0.447443
2.741535 -2.200446
-0.329684 0.032559
2.686985 -2.384916
0.102857 0.597243
3.666538 -3.594095
2.778610 -2.306336
2.182999 -1.391596
-0.198321 -0.060724
0.493950 1.353426
-0.143694 -0.738326
3.500485 -3.247584
2.756370 -2.780708
1.867323 -1.299026
2.727086 -2.424748
-0.138159 0.465396
3.042965 -2.359934
2.718294 -2.169407
2.534014 -2.141696
-0.283722 -0.397857
2.241016 -1.431520
2.166173 -1.483010
-0.197591 0.355426
4.664866 -5.302213
2.609481 -2.312151
3.471565 -3.261331
2.996635 -2.393291
1.905823 -1.078243
2.153139 -1.548369
2.826751 -2.383929
1.459218 -0.330656
3.504017 -3.299831
-0.015047 -0.569407
0.443447 0.617717
2.841300 -2.558571
2.179606 -1.650348
1.844535 -0.866560
0.266601 0.782470
2.369410 -1.876579
0.306667 0.601230
1.697730 -1.085391
2.808908 -2.294200
0.056825 -0.061127
2.556346 -1.921200
2.515404 -1.785283
2.848280 -2.385963
-0.342863 -0.193928
3.140405 -3.155026
1.376161 -0.768107
0.626561 0.269682
3.140081 -2.889608
0.627922 0.270015
3.094337 -2.719241
2.504716 -2.063462
2.319881 -2.074966
2.328212 -1.552804
2.819304 -2.296267
3.106347 -3.131025
2.779197 -2.688984
2.606760 -2.275981
0.098663 0.164671
2.434561 -1.681321
2.522470 -2.073664
2.809902 -2.430555
2.489624 -2.329679
2.427902 -2.026065
-0.082816 -0.064414
3.448299 -3.726976
0.112499 -0.263315
-0.124986 0.014438
1.873615 -1.117332
2.467263 -1.646227
0.576963 1.262444
3.312050 -2.924879
1.944671 -0.840258
-0.285082 -0.449162
-0.144601 0.372215
2.662196 -2.570396
-0.180201 -0.800974
3.418472 -3.263133
-0.067707 -0.555286
3.299507 -3.255973
2.075001 -1.561155
2.769700 -2.504866
-0.334975 -0.545175
0.064135 0.174375
-0.301777 -0.078011
3.070347 -3.337738
3.496900 -3.743199
-0.270199 0.170138
0.098501 -0.200941
3.362661 -3.643833
1.726964 -1.074026
3.073345 -3.301941
2.251102 -1.729225
2.931894 -2.923827
1.824223 -1.082931
3.267271 -3.017659
-0.129541 0.012438
-0.104737 -0.198587
3.297564 -3.315706
3.386320 -3.136091
3.003198 -2.373428
2.774933 -2.207001
3.363983 -2.936465
0.049641 -0.235482
2.994473 -2.405300
-0.304790 0.165201
-0.119238 -1.064467
2.304985 -1.746661
-0.079254 -0.229175
-0.285509 -0.407792
-0.195771 -0.250634
3.582067 -3.800956
-0.312255 0.096722
-0.086040 -0.464054
-0.233654 -0.414252
1.151116 0.243305
0.658088 0.393573
1.671661 -0.829288
1.909788 -1.523470
2.800670 -2.798738
3.236539 -2.871397
3.473749 -2.837461
-0.223100 -0.244898
2.074429 -1.024364
-0.203515 -0.219251
2.299003 -1.830934
2.484895 -2.127618
-0.220512 0.262572
2.756176 -2.299640
-0.307874 -0.346666
2.459073 -1.753295
1.796765 -0.546952
0.553203 0.302532
3.158170 -2.999329
-0.123633 0.643938
-0.142222 0.250889
3.335321 -2.903145
2.263422 -1.785452
1.277678 0.077065
2.282515 -1.793181
-0.344233 -0.536952
2.735004 -2.158092
2.706810 -2.404867
2.216378 -1.685498
0.300759 0.449448
2.724509 -2.161906
1.772868 -1.216510
2.892615 -2.397114
1.851088 -0.665758
3.262971 -3.264131
2.988886 -2.950241
2.585395 -1.548379
-0.241724 -0.780388
2.881156 -2.401777
-0.260363 -0.750002
2.791714 -2.353241
0.118362 0.055813
1.081182 0.381287
0.032012 0.283488
2.158660 -1.600263
-0.006641 0.352783
2.734460 -2.145155
2.609191 -1.796562
2.078691 -1.440662
2.282944 -1.454719
2.553550 -1.908068
2.382305 -1.946042
2.460578 -2.100057
2.542616 -2.107886
1.750323 -1.386269
-0.317935 0.050461
1.210868 -0.377872
-0.225364 -0.106584
0.401071 1.353131
2.172202 -1.299622
2.531620 -2.178061
0.077331 0.120447
-0.109948 -0.793755
2.379263 -1.996176
2.680527 -2.425025
-0.107602 0.352273
-0.357243 -0.290102
-0.231698 0.095257
2.410265 -1.490336
-0.086587 -1.083008
-0.298280 -0.292620
0.029846 0.407980
-0.154046 0.282095
3.134351 -3.058331
2.738066 -2.168511
1.740062 -0.982938
2.487834 -2.095136
2.584411 -2.271287
2.007322 -1.604640
3.035742 -3.110823
-0.168542 0.172784
-0.151897 -0.418753
-0.284935 -0.084893
-0.331227 0.054631
1.968789 -0.801183
2.286932 -2.121027
3.573112 -3.659311
0.039538 0.390923
-0.218085 -0.117832
-0.131666 -0.596444
2.842606 -2.286911
3.150444 -2.675419
2.302167 -1.788754
2.503881 -1.773442
1.955128 -0.792794
2.774671 -2.638686
2.297209 -2.016123
2.597526 -2.324176
-0.037307 -0.760065
3.144498 -2.634867
2.752770 -2.734305
1.882938 -0.570538
-0.304775 0.087605
0.684981 1.209090
-0.264511 0.347156
2.611058 -2.337707
0.084702 -0.283569
1.819238 -0.728846
2.540815 -2.289374
2.500536 -1.643977
-0.426117 -0.371355
2.152145 -1.696094
2.571327 -1.931087
1.864103 -0.737119
-0.247996 -0.624132
1.832393 -0.760744
2.308313 -1.422527
-0.210168 -0.154511
0.659386 1.322598
3.743910 -3.731467
1.717925 -0.533711
2.233225 -1.764687
-0.306962 -0.603782
1.816707 -1.235080
3.697853 -3.699909
-0.051021 -0.171409
2.450571 -2.611146
2.560119 -1.858849
0.129694 0.994656
2.212997 -1.601470
-0.126372 -0.299616
-0.259613 0.014384
-0.309525 -0.595414
-0.090768 -0.749459
2.281338 -1.431831
0.483235 0.799726
2.021659 -1.107858
-0.405391 -0.315016
2.674371 -1.938645
2.999001 -2.428956
2.501377 -1.762544
2.789267 -2.315078
2.340984 -1.277238
0.183451 0.932513
-0.291493 -0.278673
1.891366 -1.316924
0.075347 -0.325758
0.033602 -0.611828
2.640703 -1.835109
-0.199545 0.426087
3.408577 -3.535095
-0.034096 -1.280801
0.889227 0.564770
1.783051 -0.746813
2.710884 -2.139894
2.002002 -1.058568
2.485990 -1.775880
0.116847 0.202792
0.238823 0.540100
2.674561 -1.988059
2.588548 -1.945419
0.482251 -0.233040
0.428271 0.858354
2.491713 -1.780200
-0.191212 0.707565
2.421784 -1.500279
2.112396 -1.812049
2.506340 -1.552113
1.861431 -1.368574
0.611012 0.450153
0.939387 -0.183014
-0.281235 0.226522
3.079550 -2.600220
3.460233 -3.007032
2.945536 -2.256732
3.561284 -3.880903
2.733521 -2.703471
1.309875 0.180586
0.564026 -0.340072
1.537922 -0.753983
3.260131 -2.819491
1.819999 -1.100833
1.497460 -0.337952
3.705992 -3.471512
0.868309 0.162690
2.074399 -0.991655
3.084384 -3.270604
2.301208 -1.870698
3.253347 -3.678076
0.031833 -0.422659
1.872759 -1.409431
2.157146 -1.627684
0.171036 0.125375
0.078382 0.247910
2.542845 -1.836648
0.067301 -0.765422
1.250830 -0.564112
2.771725 -2.091988
3.220757 -3.620441
3.433728 -3.156294
-0.058267 -0.688801
2.378844 -2.017189
1.478873 -0.998618
2.081976 -1.494034
0.860962 1.138904
2.383433 -2.030833
3.152804 -2.622597
-0.083092 0.403921
2.575364 -1.765024
3.132569 -2.492158
2.685621 -2.199656
3.112920 -3.592809
2.245456 -1.333951
3.484411 -3.190516
3.573587 -3.357396
1.848587 -1.331450
2.091711 -1.758943
2.350606 -1.527866
0.622524 0.850972
0.269132 -0.041240
1.918452 -0.775197
2.506148 -1.772060
3.485261 -2.875695
0.051085 -0.382395
1.021140 0.132051
3.359941 -3.579181
2.221941 -1.881299
1.600598 -0.412690
-0.282292 -0.067190
3.080106 -2.440611
3.701448 -3.641647
-0.121684 0.368499
2.069778 -1.376128
3.467586 -3.201118
2.101862 -1.265065
0.235484 0.408206
2.459176 -2.115848
2.561374 -1.732316
3.423544 -3.683851
0.056275 0.206138
0.069937 0.095392
2.267033 -1.199835
0.065813 0.947863
-0.087976 0.511498
1.931141 -1.534662
-0.485928 0.011236
1.677791 -1.174272
3.117825 -3.245471
-0.203145 0.020209
1.202723 0.144093
-0.376536 0.561110
1.366933 -0.157574
1.241776 -0.760828
1.326634 0.173845
2.618327 -2.510449
2.424874 -2.163713
1.740076 -1.124072
-0.094365 -0.816218
3.052640 -2.343105
0.389124 -0.162224
2.921009 -3.268386
0.143089 0.569319
1.081177 -0.376728
0.446874 -0.332857
-0.255650 -0.235265
2.303788 -2.174202
2.637497 -1.787634
0.171867 0.688712
-0.377426 0.907799
2.724772 -3.229880
-0.013436 -0.559135
-0.299509 0.243665
0.043608 -0.117072
2.484120 -1.494786
1.440912 -0.005001
2.886374 -2.805748
1.631132 -0.051127
2.195179 -1.677496
2.343442 -2.165334
-0.248086 -0.152827
2.501096 -1.478987
2.359319 -2.144896
0.037214 0.659603
3.175084 -2.614874
1.609001 -0.875202
-0.181024 -0.406547
3.625872 -4.318773
2.320889 -1.486487
2.060160 -0.950571
3.822596 -3.729776
1.699744 -1.277598
2.062860 -1.743441
2.770511 -2.609102
-0.109069 0.733364
1.170643 -0.177590
2.259781 -0.877549
3.914956 -4.804642
1.082921 -0.424885
1.915260 -1.422757
4.132040 -4.371572
2.958893 -2.187453
2.520803 -1.339015
0.610413 1.004780
0.079526 -0.434960
-0.224305 -0.390015
3.521103 -4.011238
2.867003 -2.218274
2.642427 -2.567424
-0.403680 -0.070476
2.900300 -2.118868
-0.126557 -1.049199
2.461930 -1.457990
4.019964 -4.756917
2.119231 -1.702119
1.798614 -0.505918
0.068868 -0.555786
3.361202 -2.776225
-0.354880 -0.371728
-0.416535 -0.220757
-0.465466 0.391272
4.257903 -4.232834
-0.368126 -0.451684
2.392072 -1.290455
0.021932 0.217588
2.818245 -1.598690
-0.372059 -0.452973
2.265767 -1.195171
1.527548 -0.048327
-0.334061 -0.542261
2.126660 -1.846251
0.244584 0.038215
1.985489 -1.577863
0.020801 -0.545412
3.258299 -3.577234
0.048069 0.245678
2.395167 -2.161208
3.137379 -2.303214
-0.373395 0.185303
-0.270186 -0.557408
0.101015 -0.609381
2.752250 -2.907063
1.786211 -1.406651
3.042885 -2.235811
-0.396101 0.163562
2.802866 -2.925468
3.367314 -2.777981
3.168141 -2.495560
-0.224221 1.332049
4.205308 -4.131951
-0.376409 -0.262995
1.737187 -0.235568
1.491573 -0.834823
-0.361064 -0.653453
-0.346797 0.245712
2.715543 -2.936668
2.650977 -1.560593
-0.413335 -0.434044
2.836182 -1.950256
0.042541 -0.217613
0.083769 -0.497139
1.732524 -1.227972
1.482463 -1.042794
2.482610 -1.314376
2.534011 -1.638507
0.382445 0.348090
