30.845385 11.975342
30.495701 12.059613
31.457588 11.993850
30.900566 12.980580
14.996423 19.529247
14.449354 20.288427
15.584053 19.693554
15.809916 21.008701
15.843646 20.869928
16.072353 20.930021
15.502450 20.419708
14.788579 19.977945
14.725359 20.088285
26.314857 19.084135
25.560900 19.179979
25.606274 19.284002
33.430302 3.663984
33.394718 3.306787
33.255688 3.640814
17.970758 20.586258
18.009928 20.615068
18.048723 20.682673
13.213680 18.489326
13.873132 18.151676
13.205069 19.010277
27.540327 10.256289
27.284161 9.811021
27.804716 10.532634
26.917854 -16.812048
27.106611 -16.979607
27.619354 -16.887877
14.355049 20.378912
14.506108 20.235537
14.601730 20.397736
14.887557 19.987169
14.795234 19.975389
14.954218 20.014751
17.342201 20.149319
17.004972 20.497385
17.280500 19.951756
14.810484 19.641405
14.817909 19.866550
14.874385 19.633701
13.935076 17.109724
13.293408 16.837275
14.161959 17.643488
18.321165 20.663427
18.552267 21.020006
23.125849 -19.386570
23.906721 -20.210917
23.313046 -19.954435
13.097465 18.791006
11.906844 18.750217
12.834951 18.376511
13.405981 19.363577
13.196711 19.546064
13.162714 19.367443
15.734799 20.104191
15.864393 20.309788
16.024574 20.215424
16.947399 19.973658
17.016687 20.342321
17.366983 20.421339
17.998806 19.807787
17.871803 20.276636
17.243259 19.866802
15.037615 19.658842
15.269006 19.612289
24.060461 17.436979
24.118086 17.062164
23.852543 17.208866
17.638910 20.468719
17.729897 20.257660
17.504513 20.147697
26.633629 6.840669
25.878643 6.229209
26.330070 6.128917
13.745884 16.708590
13.946717 16.617149
13.947193 16.636162
13.514999 19.524826
13.443842 19.449677
13.549831 19.608660
22.275862 -19.253036
22.107941 -19.999592
22.359730 -19.181673
13.630343 19.459600
13.552129 19.506546
13.478992 19.381338
19.800673 25.181950
19.439754 25.392847
32.002613 9.848032
32.635597 9.536353
31.686646 10.401888
28.618589 -17.269064
28.647734 -17.186367
28.113613 -17.049711
-34.276413 16.314030
-34.779972 18.067142
-32.708755 16.395597
13.240351 19.496307
13.151489 19.476414
18.979801 20.743443
18.110378 21.404264
19.220020 21.408724
17.740976 20.756021
17.489525 20.797335
18.028137 20.633175
19.054306 19.622107
18.129850 19.320158
19.202002 19.861792
14.747114 20.527166
14.805528 20.520414
14.713887 20.389482
15.445094 19.813089
15.452840 19.915720
15.415452 19.622313
15.527187 19.958788
15.381588 20.075319
15.341235 19.919754
23.595551 17.433270
24.235846 16.943485
23.489546 17.322224
13.744717 19.322731
13.753612 19.415113
13.735919 19.362366
21.755800 20.615557
21.639235 21.401703
19.835365 18.641256
19.329062 19.178398
32.753334 37.078850
32.434128 38.945843
29.850447 38.812378
18.101717 21.291519
18.482302 21.160976
32.434166 10.965996
32.473438 11.389665
32.599155 11.387283
15.434686 19.771269
15.384928 19.912025
15.440853 19.746510
24.863426 -19.827875
25.404930 -19.156084
13.302170 18.090727
13.192544 18.626169
13.958221 18.905170
13.977929 19.394110
13.856155 19.405842
13.096824 19.339470
12.911820 19.580046
34.003227 6.529028
32.976837 6.297680
33.532005 6.493926
15.455853 20.073645
15.383354 20.139715
15.434326 20.161963
18.424913 21.118389
18.236950 20.689983
18.131681 21.012426
18.085079 21.559427
18.561314 21.325981
18.676580 21.727791
15.163762 19.682962
15.189704 19.635294
28.775772 -1.457658
28.677261 -0.593307
29.158758 -1.552083
34.082127 5.517673
34.030525 5.125724
28.771320 -16.511435
28.380568 -16.214151
28.743376 -16.246798
33.171406 8.010654
33.116280 7.209564
33.002472 7.831161
33.365658 9.820137
33.816784 9.894897
32.225739 6.548453
32.798756 6.348158
32.903111 6.716394
16.165375 19.512640
16.194405 19.883997
17.171232 21.028431
17.313297 21.098886
16.938669 20.579802
18.123032 21.394732
18.504128 21.256512
28.907942 16.661757
28.183502 15.975648
30.746881 12.504088
31.470228 11.884180
14.682293 20.353308
14.893804 20.476645
14.728182 20.290339
14.338773 19.560062
14.280347 19.591021
14.274172 19.390455
14.703662 20.317823
14.746734 20.362873
33.154636 36.765720
29.369835 38.590977
33.525955 42.545944
30.290684 40.959000
-33.705830 0.540114
-33.534180 0.686506
-33.570667 0.613755
15.152984 19.974974
15.041841 20.143393
15.101718 20.208925
13.764966 19.448542
14.289277 19.676760
22.308662 17.286165
22.354515 17.102730
26.573694 17.787439
26.366385 17.003666
26.221607 17.912598
18.316515 21.147715
18.146572 20.596481
16.807487 20.751265
16.823725 20.576717
26.663818 8.031261
26.070547 7.549201
15.138267 18.415247
14.912029 18.132488
14.471144 19.094643
14.242799 19.321316
14.342733 19.392467
15.542984 20.158840
15.378976 19.961159
18.570995 21.239100
18.582558 21.715588
18.149233 21.411819
-35.929470 1.792006
-35.796341 1.943810
-36.298687 1.945319
26.667269 12.963994
26.582071 12.357543
26.638531 12.559899
22.605705 19.372181
22.314121 19.713686
21.860472 20.066734
31.957695 12.193378
31.730974 12.794593
28.579821 -14.481812
29.121691 -14.878292
29.188690 10.493861
27.562153 9.541731
28.172285 9.745387
13.742565 19.879702
13.891199 19.672258
-36.112476 3.351167
-36.276894 3.233085
17.211840 20.571041
17.120209 20.599033
14.076790 19.299599
13.794936 19.053143
31.777609 10.595827
32.873917 10.024430
32.403362 9.816462
15.125336 19.625660
15.118223 19.667225
15.270301 19.825211
12.503599 19.562418
12.713136 19.586271
-35.856247 1.131483
-35.819290 1.276710
27.273657 -0.283864
27.339188 0.373814
15.302408 19.740564
15.389431 19.791424
-36.053726 2.054087
-36.078838 2.117401
-36.185799 2.336530
25.619074 6.590354
26.361513 5.819828
-33.955582 0.223887
-34.075291 0.120459
-34.160553 0.184452
13.705885 19.419643
13.565494 19.442411
13.570256 19.409245
17.691429 19.834024
17.542486 19.785519
14.347688 19.787342
14.216035 19.777206
14.098883 19.710951
18.465658 18.110659
18.068804 19.037289
24.546434 16.422205
25.201820 16.657804
24.607790 16.246059
13.687504 19.845652
13.595210 19.740911
13.469600 19.633892
11.802990 17.441774
11.345729 17.556301
13.886509 19.392208
13.859928 19.511871
28.029388 1.778857
28.254734 1.770341
28.555576 1.611316
-35.776531 4.246480
-35.867771 4.011355
19.006744 21.395977
18.929184 21.372387
14.488220 19.529251
14.576139 19.307091
13.367539 19.352909
13.317146 19.465958
13.374542 19.459316
30.017412 14.038005
29.953865 13.462807
17.771580 19.714567
17.783741 19.409588
17.506561 19.899981
30.015995 1.929872
29.271118 1.139189
27.735403 -17.307014
26.959385 -16.760435
19.043201 21.484482
18.933249 21.662832
30.362850 14.258162
29.708775 14.326578
18.582495 21.569347
18.418032 21.753590
18.319201 21.229145
12.254599 13.433763
12.667380 13.221935
24.315786 11.689108
25.008303 11.800668
24.348597 11.390635
5.798883 4.490001
6.687418 5.077999
34.390781 5.464327
34.545563 4.633141
34.671894 5.593217
15.501406 19.823513
15.422754 19.737495
15.431684 19.793480
17.788414 21.404411
17.759314 21.171816
14.990743 20.422682
15.001083 20.412773
15.045082 20.397869
4.747999 7.176067
6.364279 8.874898
14.384079 19.407965
14.414245 19.457005
14.502914 19.401430
7.096378 6.729592
7.244802 6.325325
14.483307 19.719801
14.542499 19.687387
15.332632 18.942986
15.439883 19.081224
18.620903 21.155720
18.631134 20.710432
4.715944 3.997496
5.620654 4.369062
18.994791 21.307886
18.982441 21.746367
-34.249409 15.238398
-34.675892 17.600538
-31.320539 16.632236
24.058519 -19.921768
24.010170 -19.625681
-34.949383 0.248532
-34.656696 0.222121
28.735331 14.739009
27.985617 15.104717
14.066496 19.575483
14.246865 19.527369
15.350021 20.497128
15.073216 20.269051
13.228872 19.819870
13.350173 19.738142
17.548801 21.689514
17.901066 21.342037
19.096058 21.399433
18.894403 21.412403
16.390911 21.098749
16.324369 20.979654
17.454857 21.115494
17.935980 20.966352
23.195763 18.104815
23.527256 18.930601
15.699743 19.778381
15.852233 19.719725
31.632456 10.547295
30.413189 10.645923
16.706512 20.220530
16.739754 20.345736
15.693292 20.073488
15.747143 20.013597
14.389569 19.123623
14.685095 18.823139
29.698446 14.752837
30.374800 14.951041
13.082611 19.357859
12.944884 19.576939
29.935528 14.197767
29.330450 13.206687
17.210470 19.370155
16.838875 19.660631
15.532362 19.976377
15.425693 20.178741
18.549286 20.100731
18.443630 20.248476
15.834855 19.934143
15.829792 20.054182
15.745611 19.889463
15.743379 19.609797
17.832468 20.283611
17.680019 20.306129
27.315960 3.529508
27.045118 3.894850
15.791826 19.788795
15.873572 19.793344
13.418997 19.489754
13.748311 20.466656
26.522600 13.776963
26.172249 13.329943
18.730776 21.174110
18.694273 21.562769
15.813896 20.602795
15.992032 20.731297
14.747678 19.710861
14.902997 19.785780
24.878914 17.371626
25.195324 17.250423
28.772345 -15.631736
28.971380 -15.768110
16.326599 22.213898
16.751106 22.925636
14.025734 20.489098
13.756072 20.360331
12.174335 18.723427
12.951990 18.187414
15.215745 20.342154
14.993967 20.298204
32.663338 10.412526
32.070839 10.085135
14.958696 18.387510
14.727247 18.182886
15.690484 20.058561
15.682617 20.158949
17.441313 19.619457
17.230385 19.656836
29.735294 14.080887
30.371862 13.655959
33.363995 2.051106
32.956585 2.591665
33.320122 35.224205
30.886198 36.874962
17.992199 21.197889
17.829834 21.751640
11.979651 17.327353
11.977138 17.758059
18.372629 21.271006
18.187407 21.490374
15.516909 18.628456
14.677701 19.092791
29.624138 -0.472336
29.488186 -0.083472
33.628654 8.207666
33.232334 8.623097
27.018387 -0.608521
27.940086 -0.961550
15.122757 20.457026
15.074183 20.398102
13.654745 19.716642
13.279572 19.853863
13.717559 19.461514
-36.375599 2.979040
-35.851467 3.004563
10.917474 19.192965
11.405543 18.694498
15.440598 19.635794
15.562435 19.713734
14.834311 19.319309
14.859428 19.547628
15.008894 20.076382
15.063614 19.965815
14.562589 19.517227
14.480329 19.355276
14.717958 19.528082
14.799755 19.585005
15.741250 19.172770
16.156855 18.697849
21.489262 24.419285
21.691944 25.815527
18.412844 21.605194
18.250250 21.212500
-33.952190 0.484739
-34.036831 0.613114
21.730261 19.930878
21.745508 20.140385
13.686501 20.367195
13.463795 20.391062
33.248394 9.744505
33.555912 10.134294
31.325191 12.101477
30.674416 11.921540
-36.001884 0.962841
-35.813889 1.077114
34.302536 4.822770
35.132877 4.710993
15.770313 19.976187
15.799788 19.962496
14.094488 20.231483
14.253088 20.425673
15.272690 20.040203
15.185946 20.007744
-34.549034 0.286316
-34.779575 0.194437
12.630105 18.618380
13.002322 18.220724
16.827549 20.879663
16.878363 20.817728
13.196648 16.677422
13.906541 16.657661
16.369312 19.771791
16.593063 19.888783
19.348005 20.886028
19.650900 20.539558
18.915936 21.491041
19.284863 21.558559
17.477053 19.871361
17.643761 19.340607
21.307249 18.730885
21.360512 18.803062
12.903013 19.832451
13.085130 19.792236
18.037037 20.893204
17.889791 21.451258
25.508316 18.704926
26.079842 18.293375
-35.995914 2.942963
-35.856827 3.001139
34.024361 4.940114
33.509750 5.273989
15.595034 19.897118
15.691572 19.769831
-35.384277 4.391736
-35.686012 4.214967
33.164993 8.175364
33.231644 8.469189
26.153690 14.294707
26.079208 13.554788
35.228420 4.631645
35.086864 5.401083
28.082674 -3.325315
28.871580 -3.875996
-36.592766 2.341674
-36.869564 2.215570
15.834991 19.692379
19.063457 21.502693
18.987204 21.531343
27.698471 -17.035227
27.299694 -17.184950
18.395418 21.020561
18.330908 20.997868
27.121778 -15.591272
27.415617 -15.488101
13.358555 17.148539
13.143597 17.399199
34.208656 6.924401
34.812256 5.891466
12.662501 19.498405
12.551589 19.518007
18.874197 21.106792
19.066942 20.830988
18.836945 20.832159
19.031618 20.977114
-25.552179 12.607489
-35.565880 0.324638
-35.414093 0.420075
32.420498 12.120048
32.151455 12.189923
-36.715363 1.742666
-36.885937 1.716902
11.336125 19.091146
11.873682 19.278534
15.112946 19.634876
15.106560 19.683050
28.189301 15.131838
28.776556 15.229331
22.340731 18.803984
29.085640 3.481726
17.787922 20.081854
17.905075 20.449617
23.985605 19.958368
24.047472 19.422121
34.342136 4.763427
34.493324 5.076137
28.898514 6.437365
29.045467 5.849641
12.229248 18.453791
12.473094 19.057434
-35.424137 4.573941
-35.387272 4.889570
13.528415 19.419670
13.428857 19.415827
-34.463253 0.764024
-34.601318 0.940235
13.798178 19.369715
13.811891 19.515100
25.904516 15.607736
26.672335 15.930511
18.948944 20.724859
19.066643 20.550116
-35.910870 1.842901
-36.144478 1.802142
15.949372 18.792185
29.577559 -15.935631
30.262363 -15.649720
13.831914 19.958279
13.759905 20.074663
23.571243 19.844469
24.106728 20.199211
15.420053 19.809381
15.567154 19.850536
15.184793 19.449329
15.158781 19.394587
15.838984 19.986443
15.774395 20.153086
17.641624 21.306864
17.988096 21.397949
24.599676 18.062765
25.248446 18.793619
12.046962 14.179268
15.284670 20.414036
15.571259 20.255026
14.461353 20.464205
14.589227 20.355392
10.325200 15.957335
14.963421 19.431488
33.159206 7.320630
32.948692 7.813147
15.383031 20.358501
15.842140 20.009703
-36.732815 3.200351
-37.003376 3.071203
13.369305 19.439400
13.389902 19.561617
-15.645401 -0.783214
-15.442146 -4.659549
5.488219 4.907064
15.021526 19.488398
15.571836 19.653376
14.161947 19.301186
14.347464 19.330450
26.461637 14.996024
25.335512 15.909806
18.418194 21.142380
15.476126 20.206028
15.474202 20.146780
15.273292 19.415239
15.256766 19.446321
16.690527 20.187460
16.365894 20.490635
16.748051 20.816488
16.396349 20.869711
14.296649 20.220976
13.647405 20.114082
13.620334 20.184973
6.139194 6.047828
6.102499 5.893710
26.453352 19.295515
26.074968 19.078499
15.407712 20.069418
15.292150 20.211704
25.726727 -19.261768
26.066164 -19.305626
15.195119 19.346512
15.257687 19.330954
20.643501 18.501204
21.465693 18.607384
17.948334 20.827957
17.804365 20.912930
16.383278 19.670389
16.560610 19.737585
18.703514 21.224894
26.181227 36.603893
27.913898 36.103619
18.075209 21.337946
18.505638 21.509233
29.326998 -14.363627
15.931888 19.616899
29.419281 13.440498
12.097717 15.155667
12.330533 14.986910
18.171421 20.364708
18.640116 20.282330
19.074352 21.246389
18.873919 21.169409
21.594734 21.654404
21.325356 20.846727
30.550821 -7.895267
17.996239 19.695890
17.861897 19.449230
26.012186 7.109091
25.937103 7.130325
31.464117 -6.579496
19.207331 20.736704
18.790651 20.619904
-30.712179 6.215939
-33.851185 7.111998
20.172787 22.263294
19.770750 21.839863
17.706615 21.679502
13.973390 19.494968
11.171614 16.926626
11.271998 17.957104
15.723706 19.792519
-34.586193 9.981388
-31.122154 13.997778
7.329931 8.095947
7.539035 8.114962
-36.310417 2.411025
16.004894 19.798695
16.124981 19.674301
16.015278 19.719734
30.040459 13.432692
29.420010 13.831046
14.439005 20.026112
14.418318 20.145699
28.190878 15.970101
16.037100 20.093189
15.918769 20.193922
19.453669 21.709375
16.016560 20.096769
16.121662 19.972618
20.184557 20.382803
6.749452 6.334541
6.546020 6.682568
19.626514 21.254648
19.653847 21.388819
30.659899 10.886228
15.436576 20.473478
18.081867 20.638636
18.228111 20.877424
15.649140 19.315557
31.346386 -9.149398
31.052963 -8.803311
14.693715 20.105509
14.395427 19.447868
14.498819 19.506063
19.567167 21.414400
18.458857 22.625746
16.327749 20.892691
16.504889 20.880783
12.873890 19.490936
12.863322 19.532974
14.206652 19.742308
33.794502 1.824494
33.679108 1.306263
4.706864 4.233742
4.685097 4.165969
34.493530 5.990431
35.304497 6.622291
15.482407 19.641211
15.302196 19.782082
20.367491 22.283571
29.928062 -16.766180
29.354458 -16.795839
13.420527 20.006824
15.391076 20.246994
4.642360 3.586026
4.653649 3.503812
28.683998 15.558445
28.296780 15.479506
29.407188 0.865594
29.374405 1.650178
21.811550 20.064150
22.847311 20.279398
9.720334 16.320412
10.461848 16.030485
30.320610 42.165157
31.339769 40.696762
26.166233 18.515108
25.698429 18.983603
15.736004 19.564684
13.928212 19.691561
13.738865 19.697428
14.577768 19.915791
6.520073 6.975120
18.538633 20.324257
19.645586 21.236347
16.176962 19.999765
16.118143 20.061159
16.000299 20.143873
30.805527 -10.153545
31.255581 -9.400066
26.719542 18.061510
25.824890 17.309601
15.797344 19.730137
15.699368 19.750196
11.623151 19.022709
12.468594 19.304930
15.813576 20.405375
15.730650 20.215187
8.377973 6.034906
7.000148 5.954353
29.754833 2.719312
19.696918 21.594254
19.749390 21.495829
12.545663 19.724543
14.230613 19.570156
-18.458603 6.055129
-17.109171 8.630497
27.596245 16.532423
14.850039 20.299406
9.281449 14.338139
8.908389 13.272645
-17.066195 13.104275
-16.975534 12.183036
15.646175 19.071175
16.166794 19.909111
16.162998 19.878635
7.773412 8.816835
32.516460 11.351515
32.117889 10.713170
16.185312 19.790449
22.362587 20.061134
22.948729 20.226023
15.257888 19.602774
15.275037 20.166761
14.985373 19.958082
13.695103 20.216578
13.131001 19.888319
14.828513 19.797213
26.677357 6.014110
26.605259 4.883981
18.875841 21.056871
9.688924 11.374238
10.213835 10.656188
24.110126 18.107372
15.433765 19.587572
15.485818 19.600174
10.657186 19.124479
27.400421 -19.644096
27.817919 -20.274370
23.450603 4.047355
8.081787 8.696978
-36.756477 3.303819
28.483746 7.976830
28.903814 7.921364
18.535608 22.779413
29.211056 -16.963161
29.422806 -17.296566
14.839106 19.618607
18.889769 20.666691
19.260452 21.108541
-35.555264 0.190639
-35.264374 0.241460
17.236225 20.961493
17.319925 20.850702
10.661958 19.226999
21.084211 24.850578
34.235420 39.467991
36.354858 42.264557
15.828836 19.989271
15.369894 19.479141
13.710400 19.899553
13.667709 19.769388
7.820429 11.053967
19.911343 21.352501
19.816050 21.412573
9.292696 13.866816
28.871155 15.464452
28.437204 15.246716
13.628997 19.224266
13.585706 18.843395
5.256781 5.170807
5.117868 5.204325
-33.296444 0.187773
17.932877 21.541414
16.904730 20.443317
17.173805 20.118052
6.496629 6.789074
28.169823 -18.763636
31.468615 -11.455428
14.467694 19.606430
30.114340 -2.144439
30.135963 -1.835968
14.715545 19.580374
31.140678 14.221776
30.734102 13.978661
15.343638 19.526434
15.370347 19.347227
17.369753 21.170462
17.421629 20.186798
18.904396 21.620815
15.628797 20.017416
15.676413 20.120090
22.836290 26.793247
32.088085 10.453619
25.496061 18.137573
28.185534 14.841975
4.682721 4.081294
23.399561 13.609947
15.987964 20.181835
8.995408 11.110592
29.419683 -5.851505
18.546078 19.638315
18.156763 19.339121
-35.694256 1.477241
-35.597485 1.850143
36.491024 47.182056
35.115417 47.963795
28.638502 15.268703
36.203266 43.076950
15.104049 19.641569
12.864468 20.144356
12.946811 20.082701
14.205696 18.886988
16.064545 19.922592
19.319744 21.345766
18.810362 20.567541
19.188566 20.630520
10.546076 14.314641
8.280431 9.778096
-19.239731 -4.449670
-19.546724 -3.588745
10.325897 16.086946
14.660782 19.658005
18.081806 21.250195
18.410408 21.351429
27.536001 -18.815449
26.923214 -18.578648
13.301767 19.903122
7.100034 7.267912
7.507158 7.078702
17.352871 20.333794
17.528479 20.337431
17.016863 21.881769
18.678930 20.865068
7.076508 7.140471
7.035804 7.006480
12.519583 19.442270
12.670055 19.386740
30.257145 16.291231
30.096514 15.681854
-35.865265 3.233203
-35.861713 3.599543
14.969453 19.882832
15.025128 19.726328
8.179502 9.759410
6.414760 6.045269
19.879353 21.399706
19.753706 21.601624
15.579852 19.508213
15.457712 20.370619
17.468464 20.737532
31.099119 13.632927
20.090792 22.508436
30.011740 13.763180
29.923000 13.965470
15.748994 20.266720
15.813124 20.512310
27.074057 6.636170
16.375893 21.005596
15.527925 20.215073
15.576115 19.989893
-34.598370 4.398822
15.251918 20.319094
15.559357 20.410572
15.881340 19.613232
33.167625 10.530788
21.223082 19.217583
25.976011 16.041275
8.813764 10.593772
-35.707211 3.784519
-36.735065 1.437314
-36.652569 1.761404
23.716084 13.808725
23.977716 13.673888
15.491996 17.505009
16.056419 19.838209
16.135107 19.719170
12.904750 18.761440
12.831985 18.762625
19.526665 19.361486
19.648438 20.128609
17.949759 21.143314
17.768068 21.032434
18.102968 19.657957
18.462109 19.796658
-35.831802 3.873722
32.180161 11.661884
32.403137 11.827843
33.338299 0.498865
33.801044 -0.374981
13.983726 19.520975
15.744855 20.391397
22.535908 15.975909
17.254742 20.407299
8.424824 9.327827
14.776790 19.589663
8.535077 10.124475
9.433564 11.360151
12.658518 18.667042
18.772017 21.354776
19.198830 21.656857
13.083455 19.809280
12.605516 19.520987
18.521923 19.668579
18.153252 19.789865
29.292118 16.382830
15.782559 20.004107
7.157359 8.337185
6.941347 8.523996
16.798502 20.671101
26.150017 14.694553
16.068743 19.817629
17.273321 21.658792
17.126692 21.322468
24.065073 18.590677
23.065805 19.415262
23.143265 19.357956
15.341853 19.884468
22.551573 20.988873
14.277931 14.507821
15.398679 20.255335
15.317872 20.489441
13.572742 19.526325
16.461624 19.711645
10.140087 13.029730
14.333834 19.579725
24.607874 9.656230
23.653683 19.715261
4.886401 3.610048
4.489220 3.498290
22.921816 27.248186
11.183532 11.268779
9.915485 12.421035
26.716057 4.007529
26.060696 3.896022
17.438408 21.318361
-32.854809 1.311708
-33.936428 16.353748
15.534986 19.405308
15.577724 19.607866
28.995380 6.106650
11.114703 18.179722
11.135743 18.288975
16.317707 19.696884
10.575008 8.708704
9.559072 4.821842
14.803599 20.345778
-35.936039 1.630585
15.886330 20.972801
13.398555 18.496220
13.534995 18.759653
5.106048 4.956105
18.871740 20.560696
19.104364 20.645082
16.283735 19.795282
30.159647 -17.098608
19.294041 19.522560
15.234411 20.289579
15.095294 20.413618
15.866156 20.525072
30.418081 2.771205
29.348629 2.027506
28.501030 14.363195
20.207680 19.733156
15.017457 19.533012
7.870232 8.771762
7.979408 8.392988
9.962637 12.422041
11.999026 18.192093
15.724894 18.689487
15.726990 18.706833
14.906162 20.681791
14.950583 20.824774
-35.433357 2.665701
9.245372 11.856359
5.778321 5.102118
-36.448166 0.984895
16.749567 20.565084
18.135941 19.842575
8.194659 10.047446
15.868157 19.444820
16.271996 20.224461
13.392373 19.502495
15.971980 20.089334
13.902427 18.990067
23.729992 30.267960
14.378694 20.584408
14.360051 20.826405
9.810471 15.160136
15.542972 20.090363
15.448269 20.193085
25.155323 17.135120
15.623195 19.488689
16.377928 20.134119
16.485792 19.101337
14.958079 -4.877820
19.169691 21.437523
15.140182 19.482584
15.164062 19.488377
-35.203979 3.797553
12.907405 19.912525
11.469969 11.463858
11.271678 11.317217
32.835861 5.247844
32.323254 4.754601
14.497421 19.373676
14.612471 19.469856
19.369930 18.638887
-30.958012 8.466117
-34.435490 8.871024
19.701401 21.515965
-35.231335 2.283712
16.270149 21.101633
12.581048 19.274462
5.696765 6.578808
10.902987 15.114432
16.773464 20.178392
16.363573 20.456808
19.496424 22.572920
8.102494 7.560052
15.557664 19.892805
28.505297 -7.966989
9.729247 12.648170
16.215343 19.694330
-35.329556 1.176876
10.961839 13.897365
16.312796 20.000914
15.881744 20.371853
7.929741 9.512631
27.906662 -16.516134
10.362131 13.423985
15.832049 19.653292
15.626355 20.214449
12.908658 19.068293
13.062549 19.279785
7.465212 9.603984
19.342386 21.255362
19.447781 21.251570
20.850157 20.157679
25.152489 19.024374
12.482962 19.843227
17.112013 21.385508
10.223609 13.192461
10.552691 13.276968
16.324841 19.747520
23.123653 -18.888472
23.576733 -18.332592
10.086629 13.275080
10.452111 13.219464
13.121908 19.227371
13.234657 19.278505
27.478621 2.302006
14.350672 18.883814
9.807422 11.783328
9.705876 11.287235
15.766249 19.556408
14.994133 20.099831
15.284796 20.442223
18.117229 20.293703
18.140455 20.216467
30.311913 -0.138340
13.342483 19.159531
9.249453 10.826707
6.979412 8.226123
17.880974 21.545959
15.952464 19.902035
24.378056 -19.449358
17.052752 20.805441
9.756783 10.804217
16.065338 20.038197
16.446442 20.033276
16.446856 19.950924
19.021029 20.054529
30.096594 -16.438711
16.401430 20.916473
36.114246 43.452946
8.823429 11.602142
15.375436 17.280416
26.963833 12.133545
15.037372 19.372156
19.045294 21.008579
12.993962 19.261251
11.642428 18.458307
10.934660 18.573587
18.158354 20.561857
-17.031437 15.573046
5.463271 6.227453
-35.591778 0.139246
13.696030 19.083729
21.902134 21.632137
9.161967 10.387660
22.894415 -19.999866
15.654584 19.568590
-15.421080 1.340595
10.059844 14.207686
10.562081 13.955618
6.011791 5.804050
23.286932 28.759083
18.893507 21.655706
13.670066 19.080589
15.489262 19.591009
15.848709 20.447844
10.037824 12.036297
10.278373 12.359878
18.188370 20.643276
29.837727 -5.983561
31.057138 11.986972
10.704958 14.544310
-28.545229 6.006330
19.018417 21.098030
14.677130 19.950443
31.850256 6.644703
32.347801 6.767742
10.687379 14.899590
12.570661 19.116743
18.597609 21.273533
18.483194 21.418316
21.576126 27.394194
31.117310 -4.353147
31.077585 -4.565202
-36.994179 3.887337
30.961763 -3.943085
17.428778 20.807592
13.544394 18.161800
13.046764 19.509211
5.870757 5.850783
14.568328 20.057762
7.357902 7.881104
6.102343 6.764830
13.111648 19.273174
16.298615 20.099411
16.386887 19.983200
18.296539 19.545374
19.281673 21.043888
15.702759 19.855869
16.843048 16.354765
14.858554 19.420017
27.298508 11.842139
29.819603 36.045437
29.990068 13.416558
12.263996 19.484175
15.780936 -5.215890
18.632051 21.633251
18.522923 19.533567
6.672290 7.362768
6.650976 7.148473
10.264842 13.248836
20.057926 21.711613
18.929440 20.139315
19.275976 20.486397
20.430479 19.849407
15.100039 20.734808
15.165717 19.920044
10.082102 11.977254
15.093052 18.704494
16.431459 19.623844
10.638462 13.614745
11.140303 13.131550
13.383405 19.244125
13.125455 19.049511
32.438637 0.764709
14.217948 19.966345
24.620676 -20.210714
25.172915 -19.130268
18.046846 19.561693
17.999855 19.406033
15.782168 20.442600
13.156068 14.895984
13.629192 15.230806
12.484806 17.295149
-34.592789 0.670690
34.106262 6.247237
27.970596 14.848580
16.463509 19.672382
10.864557 13.658412
18.945917 20.880615
5.287070 5.001177
8.603664 8.809715
-36.443111 1.583254
14.859725 20.731956
20.433044 21.362499
20.163347 21.751829
13.921256 19.261423
11.702853 16.522055
12.528731 20.097090
10.289907 14.047030
10.026810 14.214495
24.227278 -19.855890
8.142891 8.787755
13.985357 16.378952
15.326559 19.322863
15.531386 19.305683
11.035354 14.493567
-34.046032 0.408268
19.075771 20.288124
19.116850 20.410185
24.952229 9.503274
17.928009 20.750679
7.422183 8.068825
7.376400 8.022173
7.423112 6.721299
11.736609 15.237489
13.766381 19.929653
13.831549 20.126833
6.645999 5.784835
6.774812 6.114933
15.709084 20.018673
15.843124 20.210062
13.297638 19.187986
16.446827 19.967232
26.752886 15.939151
19.096321 19.847073
13.429454 19.269157
14.574092 19.223577
15.991310 19.702349
11.833696 14.773291
11.411073 15.893773
11.373218 16.108181
15.610314 19.584887
25.298601 15.525334
13.942911 19.297075
11.232184 13.919824
22.941544 16.354088
18.924257 22.114359
17.935204 24.116877
17.719238 20.439373
16.174648 19.791077
10.960065 15.572563
17.364647 20.026802
14.288463 19.781301
25.749857 33.983173
30.851652 -11.848130
31.468100 -12.384622
8.295107 10.994384
8.614594 10.832347
7.776173 8.055069
14.852704 20.355680
33.457188 7.264024
14.418576 19.828981
15.467710 20.393095
15.330265 20.230787
36.612823 3.816318
31.310362 -6.192118
12.445019 19.146896
15.651632 20.468609
-35.199463 1.356302
15.114412 20.545122
10.040962 12.828386
-35.218796 3.167953
23.611624 16.066191
16.675352 20.816233
17.335543 21.703333
16.024109 20.990942
14.953691 4.666684
18.655832 22.640059
12.955352 19.094503
13.540096 19.054043
5.322573 5.069407
29.263866 -17.008987
9.171820 9.937872
6.820692 7.788382
15.981924 20.057016
19.573212 24.321648
23.121153 18.637613
13.486143 19.908981
30.658941 12.213159
6.626515 4.656744
33.468121 -1.057462
17.751856 20.252302
14.115567 20.929344
20.029814 21.263603
20.244516 21.518894
17.506193 19.330818
16.234535 19.792852
34.581551 5.826268
13.431864 20.015850
14.894825 19.909575
14.244414 19.973465
11.501104 16.028351
12.098962 17.569363
11.561902 17.250204
15.633819 19.363766
19.556561 20.794365
16.078461 20.270239
33.003910 4.985208
11.971822 17.216421
9.271220 12.324615
20.523775 19.996414
13.754128 19.676445
19.434393 21.475531
13.746436 19.193535
15.387105 20.227718
14.639515 19.538630
19.308325 20.692902
7.048754 -0.504596
6.734118 -0.628895
14.338950 19.209538
15.912031 19.581009
8.067339 9.155382
24.443296 9.083044
11.485744 15.920995
8.386343 11.173323
4.765144 4.747429
10.020692 14.176276
17.119354 19.447269
19.235949 20.893942
19.751812 21.345116
15.994386 19.444401
15.986400 19.529219
-36.564217 2.557493
10.773746 14.802488
18.141056 21.093473
33.384636 8.912538
8.946435 9.471908
15.476257 20.202690
16.321108 20.037088
-23.557146 -10.672493
24.252213 16.882326
5.606074 5.333658
16.159969 20.943268
28.192951 17.024483
10.899650 13.109710
16.602039 19.873991
38.422829 48.484497
11.832988 15.558702
25.596529 -19.057539
13.352550 19.376541
15.728552 19.887093
25.900089 18.942295
19.692724 20.931322
-35.882954 2.182245
16.035719 20.456291
14.983867 19.537504
12.516832 19.187735
8.541639 8.252879
14.209447 19.261730
16.176643 19.957487
9.683621 10.987130
19.834204 19.022766
10.500407 12.906541
-27.950535 8.082545
16.625452 19.875235
25.516701 5.343373
25.664766 -18.554214
15.320340 19.265478
19.082392 19.652487
19.871664 20.703051
23.529327 19.322065
16.706724 19.644354
5.719071 8.271388
19.154238 18.868214
14.610886 20.711832
11.291204 16.379601
30.099510 3.433320
24.187328 29.157598
12.906776 -11.885265
-8.600674 -1.917062
7.667718 -20.702621
-4.237187 15.053491
30.300095 14.595632
21.110498 -9.345398
9.989451 13.048846
29.842981 12.528865
31.926003 8.173032
16.776608 19.076969
22.529530 17.200493
16.068787 19.545006
16.097586 20.310347
12.508790 19.654970
10.964980 14.975489
18.703281 20.516939
27.939795 6.750175
31.569967 14.424166
15.131490 19.662544
6.736623 7.570265
14.919763 19.466433
12.057225 16.315317
13.567295 18.799395
9.825629 12.962347
11.976427 15.816422
19.996439 21.723331
19.791498 22.291124
-6.020226 7.753862
16.149078 19.606352
16.081680 19.559597
25.016457 17.827883
20.463909 20.691824
16.205278 18.855465
-7.889482 3.775892
11.569986 15.652510
16.294102 20.915236
11.982857 18.913864
13.291119 20.171999
26.564617 8.288908
20.152828 18.787500
-4.276955 3.585404
21.828838 20.630304
10.512364 -22.720774
23.273642 16.504440
9.530028 13.613183
16.098539 19.820965
20.661013 18.874712
29.754766 4.358692
19.489431 20.765520
16.282793 19.731339
13.967604 19.072266
15.880423 20.658566
11.052253 14.564309
10.954139 15.078669
14.322379 18.991083
25.052977 -19.068029
15.504993 19.736315
-32.908531 0.536357
17.093523 21.767767
16.939100 18.920635
20.441452 21.048946
11.830927 14.370010
15.166222 20.460335
3.433491 18.920170
30.671080 -6.665019
23.241892 19.126535
12.384585 16.348269
9.718784 12.922404
15.080396 19.852608
26.508257 15.005320
29.063877 4.698735
20.502472 20.655884
16.331894 19.612362
20.978334 20.551718
16.649431 19.768389
41.742695 47.213699
16.229616 20.224878
13.781567 19.495396
16.540176 19.817814
31.588608 10.690328
10.665041 16.165070
24.136868 20.087145
29.271498 15.140880
16.244051 20.166565
25.394651 18.378849
28.588324 15.851287
16.087202 20.305632
20.862032 21.153042
21.029190 20.802448
22.839680 18.798012
20.945778 21.035938
26.543158 17.574263
19.068243 21.026058
32.997959 9.254359
31.473473 -13.099311
15.831619 20.369181
16.229847 19.835728
32.928967 4.082232
30.475889 15.249571
16.338854 19.997097
26.226471 17.646086
21.042507 18.689880
11.716413 15.108010
4.973859 2.969808
17.766418 21.300034
35.116989 5.451878
33.209389 4.618444
31.823948 8.437718
29.179968 11.212922
23.080570 18.699972
12.389567 15.921711
15.893366 20.011404
22.162781 19.270452
14.237059 19.429771
28.961214 15.962819
16.482901 20.185961
33.239391 9.392465
31.186291 13.020677
18.908707 19.353117
33.328739 3.631965
26.123791 3.237099
19.623009 21.142197
13.298928 19.033268
19.128723 19.320333
18.255247 19.071064
16.629929 19.982666
30.320196 1.245499
13.917060 19.011530
31.164186 12.701266
29.511913 14.976170
4.784185 4.871390
16.534195 20.218157
9.280437 11.975646
18.663954 -21.478258
33.327419 3.152811
33.444481 2.179672
29.285255 15.438141
10.864975 14.895763
13.687346 19.899609
33.172520 5.287813
19.685192 20.962626
-36.853725 2.795603
28.275965 16.649117
32.748180 10.670821
15.470958 19.702335
10.127521 11.685159
15.599133 19.414753
13.550303 19.089718
16.511282 20.326223
10.831573 13.950270
19.672785 20.901197
30.529591 -11.566607
16.729841 21.455549
15.010607 19.606977
16.181229 19.952284
28.808270 16.016281
15.117678 20.799492
13.418545 19.285467
19.772665 20.977798
28.099108 16.600224
-8.852030 -10.217980
11.214019 13.786353
33.154938 2.680549
11.048413 13.060626
5.827929 4.636984
28.450111 15.463185
12.116788 16.944868
22.576372 31.631430
7.425519 9.375111
33.280182 9.087530
13.652503 19.516729
26.475773 17.843418
31.656244 12.749475
14.382358 19.290720
16.423948 19.133711
-36.938156 3.460355
16.109898 20.178438
22.494907 19.353012
16.716381 19.613155
33.427464 8.501357
21.201788 19.092466
23.221455 17.700504
8.797992 11.013364
33.355942 -1.882214
26.322252 17.834534
33.387074 8.540446
16.651855 20.206448
26.816525 14.420326
21.078152 18.894493
24.035025 19.037992
28.897146 15.669556
22.576612 11.277393
22.811012 18.928917
25.486824 18.497923
33.349983 6.134486
31.348989 12.954221
11.556599 15.226290
32.517426 10.644879
16.951345 19.355330
31.988104 7.191341
20.384718 20.606403
32.097256 12.255461
-2.220523 15.201215
15.987136 19.985708
20.323746 20.824966
24.591568 18.341963
33.453480 4.137383
24.503284 18.165802
33.635651 5.922596
34.142620 6.553355
20.044788 21.619635
32.600273 10.077101
24.480196 18.600843
26.973083 -16.454216
30.462831 13.912354
11.383775 14.142173
19.388220 20.736528
12.434939 19.022999
20.882814 20.756495
11.763725 16.729565
16.627573 19.982498
25.041225 18.502956
29.463146 15.104565
12.297885 15.154116
12.738972 17.445755
27.230225 -3.620405
32.446255 10.129198
34.544918 7.749220
15.580713 20.818993
21.019451 20.778404
23.466022 18.717119
23.277847 19.033365
18.646351 19.614485
19.979170 18.859039
19.364029 20.708883
33.248020 1.693779
29.285265 -8.157122
22.110373 19.163858
14.436459 19.431931
9.812870 13.416909
-35.588348 1.646741
21.000053 8.848276
15.536864 21.756264
28.312639 16.761618
29.521133 -7.814908
-36.385693 0.442888
33.943192 6.591036
13.774759 19.201632
31.904099 12.378487
15.958963 20.529560
29.525118 -10.149262
32.761879 10.315493
-43.461395 8.259788
15.606002 20.448931
26.074780 32.218090
29.761370 -8.998302
14.142545 19.106775
29.393957 -9.457034
27.362310 17.307590
33.569969 7.419408
29.099388 -18.551092
33.165550 6.584223
17.006830 18.937992
29.408285 -10.858209
27.175055 -16.647100
27.502439 4.479253
12.123820 17.101814
16.786497 19.970592
28.647530 -15.710887
25.927483 11.316480
19.464506 21.140024
29.186226 -1.740497
10.580133 11.817721
32.912529 9.389647
29.268196 -5.866546
14.681704 21.104650
23.890825 18.961460
24.611689 -19.181349
27.617014 -7.688697
16.478979 19.937746
-35.615765 2.320591
30.160803 14.804220
30.882267 14.246384
28.555813 -17.669880
16.585443 18.199839
33.223305 9.726631
28.901186 -15.166248
24.934437 13.650025
12.999264 16.841736
33.179676 7.762233
23.934954 19.205925
28.454958 -17.220312
-36.030003 0.907951
19.030428 20.543570
17.555502 18.752937
26.962795 16.968651
32.566452 10.178720
33.109138 7.261908
17.114708 20.942118
16.204571 19.536243
15.803003 18.893433
31.005014 14.063123
28.252707 1.995150
12.975228 19.172852
17.578003 21.704071
27.001648 7.549188
16.071209 20.825573
33.839687 5.529613
32.000107 11.436668
31.351604 12.704118
32.148472 11.527138
29.256899 15.140785
15.577304 20.526653
11.929651 19.607056
27.622276 5.402460
19.443693 21.018171
29.617216 -6.766057
27.635588 17.122242
33.015724 7.620169
24.261194 31.026529
24.865877 14.791920
17.156252 21.537088
26.428034 8.952252
19.386906 20.802883
32.480080 10.879483
28.106701 16.584978
10.868795 13.878546
10.502451 13.959937
29.145666 -1.591017
23.829586 16.762890
11.711015 10.185771
33.441536 9.566530
27.062958 7.344912
29.404795 -5.316038
33.300922 5.050545
15.723301 19.790462
32.167358 11.862810
14.551992 19.158068
25.708002 10.830604
15.598851 19.646818
26.751820 -14.636779
26.883707 17.387932
10.216774 14.508988
12.713123 17.492264
-16.663723 13.720662
14.753620 20.646059
33.673229 7.369268
11.689959 17.074617
29.201534 -11.587422
13.927616 20.431084
27.188068 -19.168201
15.517145 20.710087
12.822821 17.333105
13.670568 18.993908
27.460611 -19.011553
16.799734 20.049238
28.935188 -14.242368
16.059130 20.214155
27.657104 -18.949961
23.633501 15.997062
33.028015 8.801908
24.907730 12.963747
16.198120 20.500172
11.494507 15.106351
15.823404 21.009018
18.037853 20.853279
40.682476 46.766510
29.980490 14.413859
28.747877 -16.145061
29.792473 -3.647965
31.057562 -2.490785
32.350262 10.274121
26.862116 6.538590
15.649294 19.935596
29.001350 16.198120
29.562819 -11.646123
26.206888 17.729906
27.078537 16.997948
33.647186 6.051010
33.012486 8.275508
31.813965 11.778815
28.930450 15.788551
32.419319 11.233060
27.351549 -14.767705
33.444984 9.951800
23.613213 17.294432
28.284878 0.437022
29.795593 -6.249142
24.488590 15.254498
26.621410 9.674683
21.221279 20.273281
33.750305 7.480508
25.619844 12.487378
11.870409 15.791394
18.664591 20.239143
-23.697350 9.579252
23.952902 18.259253
22.821291 18.520304
24.806232 18.274851
10.395804 14.609621
16.689287 19.795042
29.609886 -4.273878
12.456611 15.364957
21.521370 20.393417
27.810057 17.020622
33.302036 1.260191
33.066395 5.601922
26.488255 10.206089
28.855345 -14.017219
28.269085 -17.150816
33.265175 -1.650095
9.873844 10.418012
11.523160 16.424955
16.341890 19.973215
28.751995 -3.352587
13.363380 19.495979
27.284359 17.063761
24.408216 14.163626
23.241163 17.926178
27.011763 -19.334486
32.275520 12.017464
29.086317 -14.920395
30.544380 13.834229
30.848545 13.544275
11.836250 14.528152
24.788269 29.510197
25.512224 17.765184
31.967934 11.627890
15.233706 20.180645
22.435606 19.267666
28.830133 -2.408228
32.934242 3.907322
32.493282 10.148243
32.139206 12.221797
31.554886 12.966454
22.038898 19.858728
29.478361 -13.063078
33.171207 9.727788
17.299900 22.440876
33.571365 6.214805
27.141579 -19.341249
27.422455 4.055231
30.943964 13.498868
28.081785 -17.024981
19.464008 21.235437
28.805613 -15.587694
12.324012 17.102762
15.805953 19.499594
17.386366 -18.336304
13.149111 19.849688
29.472136 -6.105954
30.880432 13.189884
28.841269 -0.064828
29.205688 15.080906
33.437080 6.520907
15.547034 20.684666
15.980622 19.906723
8.112415 10.425982
-37.352791 3.775590
-0.595966 14.673800
12.636300 19.265862
33.665340 8.137440
28.901239 -14.646192
9.411126 11.310033
25.511898 -19.246902
27.717573 -18.369781
24.555420 -19.080828
27.383995 6.047161
16.282604 19.413433
14.094901 19.289457
5.564267 4.198368
22.007711 19.584927
33.390900 6.959994
33.094753 5.239514
27.849718 3.278958
34.081913 4.594715
26.144917 8.226741
27.687073 -18.018291
25.342566 18.567389
7.063246 8.977222
17.068373 20.611893
33.654148 7.907851
19.503550 20.630821
12.000102 17.124380
22.723337 19.190779
33.127075 0.704207
28.300257 0.009942
28.973688 -13.330027
24.230286 16.076984
29.630968 -11.891597
20.643106 18.817602
27.184240 17.124411
34.059090 5.445734
18.649059 19.386091
29.765440 -11.095921
30.144833 14.770263
27.227421 17.376200
23.059347 18.449064
25.801613 17.549910
22.827248 18.337585
25.789103 18.241457
28.382708 16.804466
14.469947 19.308214
25.470148 18.160542
18.013931 2.011669
23.279644 16.924492
16.422178 19.538816
14.864641 19.415413
25.490021 17.614590
12.115136 17.872461
27.510513 3.985007
24.381933 14.500486
12.954481 16.240028
31.318237 12.927058
17.162066 20.837980
30.243864 14.677859
27.332146 34.420059
-35.349998 4.163390
22.096615 18.707924
33.581604 6.852386
14.998880 -22.703917
23.871422 18.949577
12.791092 16.315371
7.312180 21.574165
30.533901 13.402349
25.581343 10.240509
31.748032 11.655502
12.772062 18.236832
27.467630 -18.578678
27.850163 6.513034
28.769821 -16.325760
10.297235 14.118521
28.349516 -17.440859
18.337973 23.574982
14.197790 18.077518
14.026098 19.597721
20.731779 20.861904
28.847273 -15.787088
27.742239 -18.802706
24.072897 20.496552
24.037325 11.244311
27.585745 -1.780609
32.608219 11.154129
15.371555 17.016100
16.115446 20.057373
30.511841 13.653706
22.631149 18.859365
14.739257 19.123531
12.660717 18.533991
33.526768 2.181610
27.175016 6.115439
28.125563 -17.811789
29.233482 -4.806139
25.282240 12.264195
12.016852 17.924309
20.208263 21.737234
15.973458 21.333813
7.849269 7.269499
29.225401 -7.026645
26.926178 8.250716
26.246244 11.096534
12.534886 19.203928
12.421630 16.758095
23.877647 15.424079
16.788759 20.079987
30.803637 -6.703266
14.201241 15.556867
20.387083 20.728018
28.010132 -18.229399
27.797306 2.804512
23.608379 18.296167
28.093889 2.822813
26.889294 -3.216400
29.478155 -2.731791
22.835339 19.063999
12.458206 16.747320
17.154613 20.702948
15.905611 19.775482
20.016054 21.094837
24.958780 12.979447
16.183027 20.475592
32.912735 -0.529307
23.058067 19.074791
27.633663 5.929506
31.892269 11.560729
30.829168 13.923893
32.318321 10.060383
11.007332 15.601870
29.739796 -13.579961
33.321526 9.803500
29.112673 -3.881637
33.393661 8.115519
13.761416 20.548725
11.840685 17.868303
10.222925 13.574107
23.726370 16.594763
23.189861 -12.040007
29.334688 -3.200662
-0.843960 -2.268216
19.564100 19.591623
29.282248 -13.250999
29.018293 -1.661793
32.972237 9.273360
28.615866 -17.027176
24.245565 17.410894
29.761438 -13.853107
14.778747 19.106243
33.328014 2.805794
10.853090 12.799505
12.657803 18.922281
19.175533 20.653669
27.323416 8.887075
28.541010 -18.189905
25.569073 18.142525
33.510387 8.079052
26.954895 8.520021
8.951552 10.390382
24.596308 19.217430
27.965828 -15.980178
20.743988 20.704729
23.196104 19.992033
16.849367 20.197224
16.497728 19.539406
21.346424 20.235973
29.190292 16.063513
25.309416 13.142585
26.613153 18.000460
12.355132 17.260723
26.287561 -18.232998
15.796711 20.452965
19.280733 18.998690
21.325802 20.485531
28.183250 -1.023712
28.664301 0.098296
28.983627 -13.665447
28.745901 16.543644
17.033287 19.941599
26.359282 10.148655
31.262650 -10.237804
6.632545 6.541754
33.601040 7.819998
32.908024 10.806407
-39.059456 5.647385
12.534648 17.462626
30.592022 13.642742
33.238579 -0.175024
33.914841 4.501702
25.620461 12.861985
29.282343 -5.165589
29.488724 -12.645296
29.388247 -9.252549
10.453667 13.091204
33.281364 6.660890
28.004414 3.760097
22.137592 18.693190
20.591795 -9.656445
12.655722 17.873236
33.186092 5.913311
-33.990902 0.420795
33.743828 7.452871
29.556683 15.267726
32.953266 1.047174
33.094208 8.505051
29.010160 -12.776802
25.785515 11.770003
16.718796 20.833523
29.744078 -8.583293
29.105253 -11.986126
8.461183 11.802164
11.812737 16.514050
28.108900 16.736803
27.909517 16.978325
24.721813 15.717872
28.269598 2.170481
25.735619 12.410348
12.045232 15.688093
22.466309 18.299959
24.644184 -19.292185
14.661499 20.054197
21.660938 19.963486
27.016121 -19.329834
9.154240 11.544439
25.673918 17.607037
10.510581 13.714244
13.777038 19.256813
28.721014 -16.792858
27.629383 5.120439
27.382380 -17.856510
19.756908 20.686752
18.029184 19.088596
29.155146 0.851689
25.437544 -19.503668
11.425140 13.119524
28.969467 -12.462342
33.973465 8.071008
16.332748 20.050745
26.905428 5.108763
15.754395 20.833258
29.810976 -10.354163
27.252916 8.008586
23.252325 16.436195
22.829941 18.007303
14.346052 20.648661
34.024429 7.088700
15.123821 20.099361
15.526945 19.369745
19.565477 19.839888
23.886610 18.912310
13.464836 18.874132
9.509754 10.163824
18.020311 20.633606
12.453477 16.055313
18.962542 19.339773
33.513012 3.233710
24.587883 18.553698
31.576391 13.541869
26.266951 -19.593128
17.566496 20.515535
28.181995 -16.497765
22.104494 19.514444
13.687682 19.286348
29.552744 -14.444520
27.313705 -19.628469
28.819284 -4.271262
34.846352 7.277105
12.475976 16.417372
29.404734 -7.701427
12.959285 17.128353
29.896894 14.860272
14.787799 19.222021
25.363386 -19.131874
27.945017 3.715224
15.729750 19.927315
29.303785 15.328223
14.016588 18.622763
-36.229694 1.327777
16.405075 19.378063
27.623083 4.540863
23.193022 18.538071
28.709843 0.146060
32.034111 11.339119
33.605373 6.722380
24.054817 -20.163055
6.878565 6.036698
15.619669 19.929478
26.683247 9.237440
23.652531 18.508961
29.188690 -11.495432
29.274775 -8.300296
14.450816 20.394005
16.295944 19.985468
18.932516 19.870056
21.985874 18.804495
17.098799 19.629433
19.396406 20.484205
13.219714 20.230190
28.477631 -18.178070
13.025752 19.481707
21.199022 19.156553
27.635706 -18.006733
16.944408 19.924414
22.636381 13.222390
27.782032 2.270893
32.777943 9.694034
22.274242 20.531790
26.769594 6.112623
26.270699 7.981846
22.284620 19.846485
28.795290 -2.288780
33.269608 3.069033
32.489502 9.601069
12.302112 17.796400
21.081244 19.577408
13.450524 18.539236
12.821472 17.216761
25.368389 18.434856
12.071813 19.294100
8.492008 13.530174
26.474104 -19.411022
21.699045 19.693089
24.013937 16.436977
3.312032 -2.570826
31.567308 13.368128
27.312260 -18.637499
21.768021 18.857386
16.245691 19.522297
20.156929 19.667789
26.817644 17.546988
31.656752 -8.312122
29.091757 -4.034282
24.471582 -18.333828
13.067794 18.590322
13.682295 17.891209
5.951217 7.637512
11.052373 16.201813
33.652344 6.070076
33.222687 0.591458
30.078640 -13.172641
27.981449 1.376547
-8.326670 -11.718967
13.539404 18.347948
8.496724 10.407073
27.831865 16.791050
26.096735 17.904667
29.191105 -13.384195
17.054659 19.816109
30.090385 -16.990070
33.372318 -1.802653
16.605940 20.089743
26.157740 -19.247297
29.041727 8.662466
31.352587 12.721481
16.013874 19.402950
22.746109 18.865854
20.214838 19.223412
23.637621 -20.248926
29.848087 -7.077831
16.911701 19.716450
31.253490 12.932987
12.269344 14.472279
18.421682 21.241940
33.556019 4.181765
22.732016 18.235062
26.454470 8.490130
25.517687 17.737421
23.941116 15.150733
29.905605 41.702221
33.670029 6.208220
31.650824 13.666338
28.184772 16.291708
28.428768 4.654049
31.876738 12.133551
16.100086 20.216095
27.441683 16.562897
29.794872 -10.939274
13.082205 19.704313
7.969797 -2.858624
29.137852 -16.879543
32.248657 11.490690
19.235352 18.414101
29.239893 -12.644234
10.443831 12.902498
25.840780 18.590462
21.862724 19.593184
23.672436 18.334681
29.204405 -10.271225
19.727768 20.672478
15.739381 21.117565
8.455521 8.238604
29.819780 14.373720
26.815413 -18.459471
5.870227 7.247379
16.413462 19.887297
9.622102 11.955154
23.863136 18.728262
21.050093 19.787392
15.892703 20.031944
16.229769 19.672642
20.290785 20.297192
16.925072 19.858402
25.785860 11.154298
13.469529 19.194424
16.378145 20.379253
27.771124 16.810444
7.564707 9.564496
21.850513 28.915960
10.981757 12.085057
13.852411 19.939068
23.253824 16.635801
24.390665 16.024132
20.988052 20.404488
33.646881 11.865852
27.714144 12.056992
13.348562 17.905426
13.056003 15.815278
19.873127 20.517817
29.802252 -8.459570
12.917424 18.080675
15.305172 19.553001
16.434196 20.351919
25.117956 11.845135
28.830029 -14.011934
22.686848 17.971872
33.242764 9.427847
15.259171 20.529421
20.062351 19.433290
24.608776 18.883976
13.619288 18.688660
28.891212 -10.673748
28.060413 -16.040762
33.076309 9.331801
28.981239 4.956560
13.344943 19.129259
32.921364 4.032967
22.231829 18.153450
27.405231 16.450975
26.143883 -19.076216
27.376343 16.484211
28.842747 -6.926601
29.648191 -2.018451
32.545296 9.791972
21.815413 18.244120
27.816015 16.806469
19.798788 18.834656
14.984092 20.562510
27.214905 17.282595
13.677404 20.033733
27.906343 6.984515
32.330044 4.667149
20.684259 19.192289
28.628510 -5.992811
17.938166 19.213406
18.153597 20.406216
12.032078 17.226997
12.842145 17.050436
20.905394 20.478464
26.054506 12.909407
17.014374 20.208422
29.362123 -2.181719
12.705045 19.096367
21.467173 20.890963
29.985327 13.824807
28.773756 -3.022414
27.614618 -18.647617
25.762987 9.757291
32.778858 9.775518
28.770603 -18.733582
26.441116 11.735314
7.040828 8.646177
33.368164 8.697416
28.437023 -1.603149
33.741562 4.463701
12.159191 19.414351
16.865637 20.399773
16.531361 20.739864
28.002295 -15.769590
15.495037 20.839872
11.832564 15.740601
21.796371 18.932528
33.047825 -1.235776
20.807936 20.752832
10.786485 15.583403
15.202153 19.689268
21.458366 19.473570
29.027241 34.353424
27.525484 -18.505764
12.093511 14.779981
33.024487 8.015640
33.981064 6.722083
14.312024 20.177296
22.298187 20.407402
24.784771 13.759612
27.536966 7.384345
20.530994 20.203285
14.162696 19.009052
13.818094 19.176830
16.355021 20.336500
8.774189 11.388486
29.187836 -13.230469
16.714046 20.018734
11.851087 17.250961
18.593582 19.861015
26.192259 16.090508
28.678001 15.944091
9.586671 13.503904
27.548428 17.386629
16.959610 20.480446
27.312454 -2.452211
16.153315 19.622244
23.461050 18.355209
25.163322 14.106200
33.195679 1.920950
32.865574 9.796552
30.322275 13.837992
20.127163 21.428982
32.414864 10.827164
26.121241 17.516003
17.012526 19.991098
23.542912 18.249508
25.936310 10.807048
14.012262 20.065350
22.504425 19.015581
13.543060 19.798725
28.983000 -4.687429
22.631832 18.592409
13.715928 19.796257
32.458557 10.544622
32.973881 7.526715
27.424389 16.470135
23.074333 18.394011
16.005623 20.287485
30.040154 14.257653
23.951626 17.356775
14.546721 20.715982
15.430612 20.177277
28.529203 0.772732
28.854988 1.360935
17.947006 21.414368
8.737342 9.822821
13.109712 18.961140
28.499331 7.730729
16.208971 20.311350
26.257189 7.517322
21.496119 -19.666712
15.013330 19.165646
28.671164 -8.909472
29.155338 -10.375067
16.994999 19.955706
12.863883 18.709049
16.316515 20.007477
24.887350 17.681711
14.096448 20.043818
10.840093 13.681183
11.096423 15.732059
25.999769 -19.732134
22.715271 19.854118
34.143433 8.439365
27.458717 1.707730
33.579578 7.021697
13.828390 19.853983
29.376673 -14.877801
29.003874 -12.069036
28.309059 0.242537
28.352074 3.965052
16.174093 20.268003
30.723969 13.794165
25.408329 13.543410
29.336405 -3.601812
26.198412 11.107424
9.884777 11.930161
29.575993 -5.734231
16.341452 19.895721
25.842855 9.819788
9.428308 14.135721
32.389523 7.930187
14.068583 19.952736
25.020844 14.876411
33.274567 1.061219
30.849398 14.325198
22.524504 18.165321
33.759544 7.883132
21.363649 19.551100
11.361773 13.580143
33.960361 8.544693
15.254359 19.001419
25.673777 13.439759
30.358501 -8.564255
20.145947 23.352150
28.088348 -1.690972
28.042841 1.509655
32.785545 9.167103
23.048561 17.716259
27.165695 17.825808
13.607984 19.989637
18.070789 20.465540
22.226692 19.052006
28.816504 -8.161751
15.628597 20.650499
13.581770 19.771145
23.188951 18.761936
4.551996 4.029744
29.011688 -2.239271
13.822675 19.966312
17.909395 20.960917
29.823364 3.882162
13.437510 19.818699
23.676386 14.514441
30.103657 -8.534862
20.895733 20.524416
14.587414 19.605909
22.637896 19.592110
9.138935 7.102581
32.340359 11.848943
13.422672 17.123600
27.672550 6.459737
13.169168 19.941740
24.317795 14.490029
27.003595 -18.877691
13.931691 19.807653
14.593097 19.770140
-34.436878 2.361188
16.714113 20.261547
29.135590 -16.567535
28.859875 -9.146404
13.742039 19.877480
30.211935 -9.506986
15.318228 20.886301
28.244379 -1.858275
16.943293 20.344465
29.697451 5.291214
28.023087 -0.166050
13.905823 19.923624
14.669329 19.763180
26.410074 9.199950
27.603922 8.017756
11.317543 13.760900
13.290680 19.891365
25.380112 18.460915
17.356047 20.309538
13.932104 19.893385
27.584171 2.621922
24.983072 18.571363
32.731941 10.713869
26.299942 -19.195147
27.593128 16.800196
24.259554 18.142166
20.604235 21.726767
20.014357 21.081406
13.765984 19.828186
22.950418 17.991472
31.533113 13.360981
28.957594 -5.297261
14.079822 19.697485
12.343465 18.432877
33.203339 -1.724704
14.878184 19.005417
11.863400 16.318008
28.632557 -14.744548
22.319439 20.260590
33.350445 10.289194
8.380777 9.462879
28.388908 -18.143326
16.396219 19.481293
12.018433 17.286001
16.300505 19.533890
32.472675 9.570595
30.242470 -7.632793
22.645700 19.911631
29.637821 15.359179
12.858688 20.303846
28.230570 -0.519762
30.006678 -8.150561
13.939121 19.813740
23.958206 19.285896
27.240173 17.502480
12.293775 15.187496
33.748047 6.454180
16.975348 19.655151
27.552500 16.894016
33.480560 5.066502
20.761608 20.635750
16.159447 20.214417
28.695723 -3.445655
13.183912 17.531635
16.828907 21.113733
27.032698 7.877954
22.664688 21.238600
10.241329 14.879148
13.348181 19.880089
29.465101 -2.572045
14.057125 19.970238
14.220297 19.922686
11.928444 16.195580
28.532799 16.739649
23.116489 -18.398987
14.026406 20.151546
28.522802 0.095456
16.173168 20.138304
33.260799 -1.091581
33.998871 3.569052
20.269087 21.666716
33.756439 6.268035
31.497561 13.704042
25.422888 11.789557
13.149216 17.761229
29.093050 -17.519703
16.213177 20.443682
29.248260 -5.419759
24.645035 18.920853
25.005581 8.097208
14.979084 19.229813
28.510323 -16.074829
14.528070 19.206310
27.031408 16.897646
16.687254 19.325815
17.117119 20.160107
33.988319 4.625451
-37.101643 1.831872
17.267912 20.052799
29.443323 -2.665550
22.463554 19.058212
14.190650 19.938351
21.610641 20.422394
29.368196 -7.258359
13.330854 19.315491
13.202877 19.234285
25.945015 -20.025137
11.256020 14.402819
33.319286 9.753354
14.176098 19.790503
27.848843 5.366097
19.221699 21.769173
31.029413 -4.624546
28.740332 2.028947
30.229788 -9.931391
29.970465 -9.507168
29.741249 -13.914241
13.426792 18.120687
27.121012 17.275202
21.569073 20.985500
13.976273 19.903891
22.198200 19.153425
25.982712 11.883222
13.673740 19.645916
18.703413 20.487989
32.526787 9.236528
10.271349 15.310437
21.051327 20.214750
20.629707 32.079895
31.568415 12.096984
26.516302 10.782266
32.010319 11.143454
33.087013 -0.964218
29.849421 -2.935344
-35.207584 4.189721
12.773783 20.197853
31.083364 12.917108
17.285069 19.980478
31.352709 12.398778
29.259624 -15.552331
9.409489 17.502916
33.147526 10.374526
14.132225 20.163965
14.699365 19.380896
5.321245 22.910040
13.797163 20.039612
24.092257 15.037563
33.900780 8.193574
13.670200 19.878920
31.659235 12.130485
27.317509 9.854114
27.740562 -17.566555
15.923814 20.404325
12.886389 18.844761
17.103222 20.388281
17.198084 20.215199
30.095581 14.721327
14.328258 18.890993
13.506310 19.194700
28.256630 5.103449
24.614737 17.788965
32.594288 9.342087
28.399780 5.371195
13.964278 19.000443
23.952879 17.746395
14.416419 19.412941
21.999640 19.199587
30.338551 -5.259927
33.345654 1.733774
28.517551 4.867795
18.349747 20.022011
20.045645 27.855196
31.451534 12.181157
30.348888 14.107762
13.877786 19.912550
26.352680 -19.110903
28.462036 -17.737362
21.332563 -19.395365
29.501905 -13.947797
11.283163 14.714616
33.481770 8.788219
28.987423 -6.501562
30.314493 -11.202900
26.386852 -18.249903
26.056717 -20.090349
27.609421 16.454578
33.063335 6.600877
17.380760 20.494036
27.268934 6.738353
10.740757 13.842108
14.105852 20.192976
33.379185 9.130518
33.185856 8.596603
33.122456 10.263718
11.650145 19.073938
11.413048 18.192289
24.372114 15.997303
17.082962 20.062721
-35.789085 17.820339
16.680635 19.833813
29.172461 -17.712595
12.811559 16.430677
25.975965 9.128516
15.786871 19.348564
20.918259 21.364084
27.088484 7.211769
15.689270 20.634489
12.786796 18.857088
14.347440 19.968328
14.389133 20.048223
23.142036 16.706951
32.439880 9.822360
29.308228 14.711297
29.513582 15.620518
15.719557 20.456957
14.254799 19.831478
11.918324 17.512585
13.942094 20.213881
24.804180 12.786814
-36.103115 4.489911
25.797422 10.569157
13.702827 19.587402
13.734256 20.051138
22.072044 19.675512
14.013764 19.762030
-41.003124 6.240881
29.060513 -17.624748
13.388824 19.830690
32.397106 9.545529
20.512291 19.693197
-35.815632 3.712441
15.740265 19.939289
14.501273 18.062305
14.402332 19.993038
15.446266 19.332418
23.514738 15.623720
33.813866 8.286910
28.755871 -7.217808
14.334503 19.935539
30.299725 -4.338421
21.367035 20.932589
27.646446 2.478409
29.489952 14.880643
23.172678 12.400946
10.651361 12.193629
25.759035 17.631393
23.206036 15.781636
28.199671 16.477390
32.925426 2.483237
33.704376 6.070747
15.181803 19.018480
19.704918 21.322971
15.228260 19.556934
13.620057 19.535385
27.404337 2.627675
16.711514 19.500959
15.909127 19.386454
25.867567 -19.362024
27.328215 4.355708
16.304100 19.896671
9.254586 8.815062
24.265184 -19.083727
13.914020 18.756403
20.852743 19.720928
14.403194 19.939213
30.352306 -8.006610
8.432103 8.418356
17.433643 18.937004
12.262311 18.393902
17.234270 19.993536
25.071741 10.689548
13.909401 19.509819
16.443382 19.953091
9.870564 17.066111
20.966177 19.787182
7.313498 7.113885
14.231362 19.886179
32.867336 7.431044
20.920746 18.974030
21.866501 18.254452
16.705122 19.548412
11.691469 17.329596
16.716780 20.813885
31.100876 12.025779
14.197617 20.145958
7.387687 7.494395
28.223610 -15.128185
25.462242 17.940790
28.174978 15.949000
14.447318 19.051041
20.899981 20.649128
27.427183 -0.019821
15.711749 19.418282
27.913561 16.712894
28.053345 15.746612
13.184213 19.879633
19.412081 20.595028
-3.192246 -23.331951
17.191851 20.505463
15.705122 19.719862
14.016492 19.696558
15.757815 19.811378
31.975536 10.710687
28.408491 -2.757130
12.713614 19.047039
28.232353 -0.720463
14.265293 20.179169
12.505197 19.598228
14.901780 20.398283
22.925180 19.210171
13.925060 19.860060
29.268347 -15.929407
30.245787 -11.781100
27.191174 -19.481915
28.434919 15.858280
32.352028 11.377192
14.057572 19.964790
14.220365 19.903887
21.090195 21.188919
33.930511 3.393997
11.733912 16.089260
27.605705 1.546766
30.255358 3.014920
28.517801 16.080601
33.457291 7.957889
6.846109 6.513952
21.976929 19.836723
33.544128 7.296748
16.199686 21.669672
14.490148 19.974567
-37.264412 2.588411
12.828655 17.614498
14.166960 19.238565
33.469116 5.534133
27.966740 -15.386037
20.511827 19.737385
26.420740 12.196092
13.326288 17.379961
33.652382 4.403828
28.782217 -12.775548
12.036464 18.655088
11.073476 13.287541
32.729935 10.486370
27.475639 1.567614
9.649998 17.263020
17.144857 20.243612
27.978909 16.149626
20.233931 21.006794
21.642889 22.197191
10.348148 17.558357
-20.710024 20.172277
16.788525 19.656567
20.821362 20.176716
14.383413 19.773745
28.542532 15.712106
11.154035 16.687651
26.526571 -19.330954
31.774323 12.636776
24.830450 18.421062
34.031219 6.586462
32.924965 10.364764
14.585883 20.023964
33.319977 2.497319
25.088091 -20.062445
28.150829 6.029051
28.528919 8.837114
10.123706 11.019967
28.368832 -2.090131
29.476788 -14.335921
15.531219 19.038521
17.614208 20.634481
29.590240 -13.098774
29.542900 -6.114412
13.406857 19.731945
25.898632 -19.512682
24.423567 13.250729
29.281822 -15.344653
14.486528 20.020195
16.990709 20.328150
16.878382 19.730513
33.289852 10.258602
13.807958 20.147768
17.487221 20.668385
14.269997 19.956482
23.736551 19.006317
14.535837 19.422836
16.955797 19.310555
13.402599 18.481604
14.752946 19.462936
28.141043 -18.372759
27.350691 -18.448374
23.098854 19.063242
16.777884 20.199396
15.963130 19.397526
13.595512 19.892496
31.847775 11.037310
27.283762 17.731304
13.954379 20.183710
13.471647 19.704447
26.810659 -0.559752
13.639625 19.648756
25.178888 -19.305687
14.477696 19.850811
16.598539 20.076618
33.683426 5.514941
14.898516 19.049545
33.136375 2.884401
14.304619 19.816397
17.574856 20.635332
25.720955 -19.526831
9.979795 17.554274
13.538102 18.977451
26.187914 11.460917
24.338303 17.646709
27.624311 2.075355
31.099247 12.451015
7.479191 10.519537
27.678434 3.743631
30.126850 15.008638
30.783136 13.873439
26.991215 10.593090
26.703512 6.976716
13.353580 19.681301
12.339082 15.490856
27.506491 16.909800
18.417295 20.973959
25.064034 14.706291
11.699892 14.764342
14.541575 19.955696
28.053165 2.967779
28.812893 16.578537
26.519564 9.638319
13.535846 19.810116
14.434196 20.181156
32.561619 9.426792
26.429564 17.355953
29.181206 -0.094471
28.052889 15.618594
26.191372 -19.921986
13.990352 19.798267
29.549685 -11.287943
29.716812 14.879441
26.053564 8.786284
28.627626 -4.391138
10.630198 15.369657
20.363947 19.894426
25.929556 17.953302
17.349030 20.144043
28.619001 -5.007496
14.207803 20.009233
27.400013 -19.862196
19.611198 26.223822
32.945053 -0.448927
17.101500 20.175529
18.012238 19.791719
17.232327 20.656271
15.361080 19.719847
31.122810 13.282422
14.480481 19.876350
28.634398 -12.291913
33.547131 3.755271
13.798241 19.674009
17.724867 20.408680
17.037878 20.737650
30.393782 -12.492600
13.800813 19.663033
29.613117 14.718134
30.220453 -1.402948
13.606054 19.620083
13.616994 20.170794
28.791010 15.383331
14.433118 20.113773
10.124671 15.419153
30.300350 15.121326
16.392897 20.481489
15.013917 19.138987
28.531813 -16.441717
27.729986 16.723116
26.675894 -20.043255
16.222561 20.355392
28.595528 -2.869924
22.917418 19.880665
16.932343 20.839752
29.834574 -11.848278
17.649170 20.273577
32.877331 10.936365
13.330901 19.871962
13.048424 15.276003
31.692324 12.899787
22.067608 20.106075
14.070150 20.103962
17.184256 20.131533
30.397207 15.429899
11.630180 16.693674
29.008923 2.953688
14.565314 20.024973
16.412508 19.360910
12.065875 19.167986
12.677670 18.934866
28.873247 -6.148104
28.064648 4.919702
27.748409 0.162991
32.014870 11.028760
27.537786 5.871406
33.871696 8.194688
25.610968 -20.147142
31.804296 11.208109
16.788166 20.430561
16.298618 20.520033
13.642338 19.677942
24.867270 18.956160
29.330423 14.781837
30.760302 -14.360744
17.224615 20.799023
13.846720 20.071209
29.096491 16.332726
12.644479 19.803204
11.980300 19.394737
29.430662 15.093284
26.917040 32.012230
16.283981 20.390921
16.264339 19.931528
27.709641 7.798284
-36.032536 4.150051
28.822582 16.802982
10.631440 17.178402
10.912891 13.575101
13.895846 20.048462
13.594098 19.975323
16.520699 20.435608
32.895645 10.267672
24.640121 18.836452
13.783824 19.656252
13.305747 19.657114
11.960089 17.781763
26.997952 -18.917351
29.857485 -4.187924
13.143051 18.991104
-25.431849 0.294021
32.841610 11.779148
16.442188 20.436541
14.430573 19.901493
13.754680 19.633884
16.294117 21.442142
13.913141 19.703112
28.889355 32.611656
14.546119 20.006613
9.533573 12.049915
27.665791 -19.068182
25.571125 14.322494
29.039173 -16.704939
20.486916 20.932055
23.653362 14.280989
33.474815 7.528956
32.749905 7.261741
20.357433 20.913170
14.617102 19.893927
29.222597 -16.171513
16.654673 19.596197
25.761936 -19.186747
17.233200 20.311481
13.509087 19.985888
24.769222 14.452290
14.393134 20.081541
30.520363 13.226435
27.284252 16.964285
11.280348 17.890162
18.565710 20.490561
26.179646 9.782269
23.403484 18.911961
17.395128 19.689243
14.441519 19.922501
14.378085 20.163279
29.036224 -17.420658
14.709651 20.007910
27.299397 -18.282740
15.417498 -13.873817
28.500673 -3.231135
13.171118 19.616222
28.028126 -2.959466
28.112320 -14.194251
34.123302 7.431529
15.308948 19.253395
17.483078 20.449175
33.331383 8.914335
13.183233 17.503805
27.774048 -17.959099
32.314499 8.346766
28.337749 -18.092211
29.333675 -1.326948
14.523006 19.773781
14.193438 19.943733
20.524696 19.971378
24.068016 17.737123
10.720985 15.699412
23.907965 17.051611
12.116604 19.868113
-35.318478 0.763878
20.319920 20.968925
32.265045 12.683360
9.629028 13.478115
24.932253 18.004778
17.731895 19.596806
14.293410 19.819782
32.760483 6.772740
25.944607 8.563690
30.131008 -11.511674
25.425852 11.289436
21.317673 19.046497
16.437523 21.176332
33.356739 3.399811
27.914310 -7.812244
23.534931 19.411453
13.914501 19.636404
22.602875 19.216442
28.837151 32.310383
31.993015 10.790725
14.545554 20.103045
16.625174 20.458941
19.720934 21.238203
29.348829 14.745872
21.584200 19.679369
20.872633 19.554729
31.104126 -7.940736
11.091380 16.368471
11.585100 14.333602
9.390389 10.702284
27.463936 7.913424
13.881842 19.358694
25.740730 -19.075062
32.310566 6.926456
6.741562 7.628562
30.045454 -12.420005
28.790003 -10.645022
14.168610 19.838980
16.703075 20.456331
29.196674 15.380940
11.336077 13.290201
32.264603 11.477154
23.224270 18.409683
13.901779 19.289757
17.351646 19.650179
33.093105 10.432054
17.118040 20.450750
13.006954 19.141403
32.001137 4.348616
27.324207 -19.280409
26.129385 -20.177380
32.396057 9.986355
17.708181 20.842539
27.514807 8.762251
33.592560 2.770586
16.258459 20.273878
14.588692 20.051664
30.984800 -9.255881
14.440825 18.358053
21.471014 20.157488
28.579489 -18.871290
27.580015 16.941362
25.327936 18.939602
13.699953 19.749733
16.346210 20.463337
10.370090 14.720326
12.548868 19.007620
29.419468 15.438698
28.083130 -14.109008
22.612169 18.250763
38.517895 46.052471
14.187247 19.712118
14.789333 19.826496
26.475109 16.837406
29.225178 -1.302415
25.261068 18.692026
-33.528282 0.279783
30.344568 -4.508801
26.536135 -19.696178
30.147823 -13.097269
32.711277 9.137513
13.363169 19.936703
17.142208 20.811186
29.449860 -0.115737
28.680637 -13.142906
25.104380 31.909143
19.808119 20.147030
13.826690 19.741497
28.554596 16.819147
11.329553 12.688973
14.168962 19.385523
22.826490 19.672985
16.191906 20.228811
12.736927 18.059032
11.560575 18.658865
14.086728 19.754665
16.923662 19.859615
30.214397 14.565917
12.320549 18.252104
25.543808 17.729992
11.134403 14.855752
8.531179 11.640438
13.096970 18.856329
14.318656 20.040483
17.270294 20.846361
26.808920 0.609020
31.436253 -12.616026
14.329885 19.647184
13.278865 19.742731
17.843002 19.038771
17.542282 20.433472
27.860678 4.110445
9.351858 9.972449
10.297216 12.666786
16.270771 18.642504
11.268795 15.442756
6.315965 5.456715
20.308075 18.796942
19.072409 19.431725
9.558007 14.248825
20.657566 20.745834
31.026039 11.142551
11.912326 14.838010
-37.438286 2.769054
14.721458 19.791517
13.453286 19.889431
30.401915 -9.819592
17.144894 19.829245
14.576095 19.983110
6.308437 8.254373
13.891781 -2.929162
16.425484 19.651999
25.292379 18.989815
30.252323 -9.148209
14.405659 20.149481
17.261797 20.182787
29.507683 -4.512806
7.496131 9.217817
12.812954 17.591194
14.628316 19.831884
27.264009 -19.559595
16.998919 19.768232
31.898638 11.140285
7.642560 11.058714
30.066532 -9.492612
14.835334 20.024742
14.735498 19.830530
14.294979 19.749170
12.308103 18.434803
18.003309 20.846163
11.662295 18.044075
29.193037 -10.174917
20.771454 18.292278
13.903768 19.621056
27.833965 -0.070316
15.839957 19.566160
30.136774 14.628931
10.484774 11.389663
21.047110 16.988655
30.269478 -10.929559
33.086655 11.604528
27.695827 16.729736
26.997147 -19.061499
16.683695 20.497501
12.730572 15.380973
16.951893 20.653854
18.356564 23.775173
14.240548 19.734457
15.050507 20.745247
29.262810 -7.266864
16.746735 19.916889
13.702087 18.145494
25.898605 -19.465235
27.778074 -12.135733
14.003283 20.774076
14.163910 20.288845
13.309637 19.918356
26.121847 17.301584
17.631119 20.237972
24.350594 12.403912
29.049938 -15.491537
12.375670 18.178457
4.743354 -18.734959
28.466890 -17.394264
17.450129 20.140240
33.952427 5.046523
9.984307 9.403410
19.980545 21.617929
15.400985 20.395985
12.318864 19.020876
12.048170 18.964750
17.514139 21.140425
24.015402 15.172397
33.659275 9.173937
14.407945 19.637785
28.178612 6.663014
15.900374 20.569822
25.395048 13.406569
32.077789 10.173941
14.326543 20.353872
21.835552 18.508610
17.924994 21.131075
33.221382 9.764276
23.974583 18.234541
31.565634 11.503547
20.246550 20.446644
22.781647 18.662296
32.906425 9.186540
10.724718 16.784454
20.111238 21.276958
14.709058 20.018099
5.943309 -23.135883
17.110306 20.055624
14.987488 19.735596
15.272512 19.657900
32.984985 0.989967
34.039013 7.171596
25.492783 9.478724
17.413500 20.365032
14.499773 19.886723
31.564812 -3.465603
33.634029 6.758342
21.239258 -19.159487
31.547585 6.607415
32.381798 11.381856
15.861767 19.792110
13.275601 18.816444
33.398521 0.215844
8.285789 12.278418
23.230276 15.519210
14.122088 19.722769
30.388002 15.131098
28.896624 9.985817
14.259716 20.141176
17.523918 20.214951
11.665622 17.722282
28.551174 -1.835357
13.476829 17.990358
28.222448 2.917165
27.906073 -19.339914
28.526852 16.385813
29.566593 -9.179676
13.973573 19.927330
21.193213 18.130228
30.125380 -9.806821
17.430355 20.984606
32.203606 12.562576
25.693775 -19.969402
14.750446 19.461695
28.243849 -3.344447
-38.210373 5.592590
23.217001 20.344772
20.032539 19.983475
14.835674 20.030359
16.798876 20.477177
12.968328 19.650370
22.652752 19.591583
17.691124 21.079020
28.595989 -16.490332
30.712584 14.804385
28.314577 -7.368776
14.918048 19.849482
27.803728 16.816494
24.063139 17.046753
26.662275 -19.227404
13.707017 19.950644
28.597317 -5.976064
32.012714 11.157059
17.155170 19.722572
14.535847 19.817827
21.287920 19.671581
25.211086 17.683516
11.826872 12.683183
17.949469 22.238001
16.928848 19.504847
22.947933 18.325815
14.439386 20.236895
28.264542 -3.843212
31.707542 2.103034
32.735634 9.825880
27.824760 13.481821
14.610064 19.985909
14.389193 19.643261
26.900442 16.510944
16.289640 20.509281
10.171037 17.804403
25.546782 16.833572
27.367477 7.068168
33.570663 -0.774166
27.276049 -10.543501
14.659286 20.206652
26.779230 2.654994
28.724844 4.425734
24.109377 17.716547
12.271664 18.178774
33.701725 3.744052
25.297131 18.300997
32.813530 11.764402
14.648226 20.198311
12.961786 18.870197
29.228113 -9.120094
28.955273 -0.104618
21.498058 22.874897
13.439680 19.758371
28.533497 -13.326603
29.487593 0.423405
14.680250 20.213966
25.933790 17.315868
-34.587166 3.973977
30.400347 -14.046833
9.430734 9.539039
33.959671 2.986836
7.256377 6.171504
26.374353 18.248817
14.936551 19.779816
12.762123 18.960047
29.792133 -12.280397
23.535166 17.259882
29.237164 -2.000087
8.108116 7.265255
14.004512 19.615126
9.837822 12.551747
25.615465 14.306920
24.705683 19.255102
26.287786 -20.016897
24.586449 12.915909
30.772099 14.604821
15.534001 19.923386
25.115568 15.507476
28.575352 -16.909208
14.640272 19.682714
28.817617 -8.413951
14.511576 19.711992
23.559254 15.895389
27.169798 7.185428
32.291592 11.196814
31.796989 10.150854
28.690601 3.529195
28.873755 -13.073854
-37.081570 3.008913
27.478834 8.961824
32.571529 -14.524036
14.641775 19.889256
28.625347 16.778704
17.723276 21.007126
16.666193 19.669615
22.126116 19.147005
27.851173 7.254822
23.452291 16.008421
33.442539 4.442186
16.950539 20.457758
29.688610 -13.087570
27.559164 4.613043
13.891125 20.221495
15.370441 19.916389
27.683237 -7.816119
11.813664 17.151049
30.061302 -5.294561
28.235813 6.523628
10.795416 12.364582
27.694653 -17.388136
15.040371 19.946154
24.539314 12.461858
14.391790 20.146259
12.710858 18.916315
13.939495 19.713129
25.756285 -20.182657
29.845789 15.096226
29.931690 -2.403842
30.846493 -14.359465
23.003620 17.556467
20.499044 21.049477
14.519261 20.010225
17.891047 20.953186
23.338408 19.212137
13.106906 19.873116
29.031212 -5.574302
30.753466 13.977950
13.067951 20.021868
29.179770 -3.907450
14.596957 19.062342
16.824776 20.584881
10.309461 12.702604
12.492536 19.480247
25.957270 17.992964
25.894920 -18.705160
20.762253 19.158339
29.821159 -8.411768
16.660322 21.651285
14.466846 19.647833
14.814610 19.966352
17.023817 20.649925
23.573997 19.031931
14.822192 20.137655
25.365324 19.239307
9.424649 14.559633
16.430748 21.056868
14.318919 19.913818
27.781801 -18.841513
14.443501 19.970369
28.651175 -11.780285
29.755268 14.310989
14.733607 19.750858
17.759119 20.455837
25.113567 18.040577
10.813208 14.128677
9.822693 10.634571
30.394039 -9.356181
23.552345 19.119848
30.528212 8.178990
12.279362 14.493896
20.629112 20.532848
-36.968407 1.440617
12.986440 18.881582
13.820648 19.793074
10.732335 17.249651
17.159420 21.053179
16.659361 20.129063
23.806307 14.067801
17.233252 21.033384
22.792355 -9.922074
29.801937 -16.411434
13.908619 19.822231
20.534960 19.748335
30.576855 12.520699
14.886495 19.852489
12.376189 18.453045
17.519291 20.419422
14.061249 19.676336
25.019419 -19.679354
29.099991 -11.167255
28.273930 -4.749517
4.838094 4.985723
33.957359 9.377301
20.055666 20.290031
13.432931 20.175524
-30.667112 26.019587
14.194900 19.736387
12.687396 19.709631
17.556812 20.400396
14.288853 20.264673
21.351112 20.552595
14.229865 19.705086
30.245886 -2.813037
27.190172 7.816128
18.249372 20.975609
12.777103 18.526398
16.064804 20.243324
15.002461 19.936039
16.113899 20.360495
29.747812 -7.420879
20.375647 19.055405
14.801476 20.195187
9.407104 13.878096
30.208740 14.026410
14.732690 20.178984
12.782129 15.318663
14.818316 19.901556
17.406588 21.115429
11.717521 14.129561
11.703857 14.372710
25.770601 34.709831
13.953191 20.380993
27.121740 17.116579
10.036751 11.819987
13.219500 20.015234
14.259050 19.818350
16.287329 20.535301
19.125486 20.032906
22.674860 19.679569
26.400681 17.584890
24.731474 -19.301815
13.069675 18.770412
13.709695 18.519821
14.112739 17.728699
42.693684 48.777599
28.237734 32.993835
14.891037 20.160837
16.804424 21.378731
22.426989 21.689726
14.883963 20.175264
34.067390 9.272513
27.005745 6.775436
13.382400 19.481398
18.107338 21.148912
26.687162 18.627642
29.531952 -9.836217
14.397057 19.867598
17.803141 20.949675
28.502214 -2.443471
16.198256 20.259634
30.797401 13.891675
17.507545 20.850552
17.068472 19.538158
24.721519 18.334339
24.895906 18.504375
28.014648 -14.058846
18.054085 20.231388
15.121126 19.855694
17.815811 20.920692
10.742967 16.371763
25.174898 14.312587
14.586629 19.900721
14.551743 20.093325
22.270124 19.127748
21.001793 20.670654
27.376667 -15.853632
24.012230 17.455360
28.487665 16.060846
29.691139 -14.707330
14.618590 19.623030
16.130232 20.150457
21.856853 20.467018
17.329872 19.802067
30.859419 -2.213984
30.858969 12.644996
14.573851 20.327719
13.589004 19.502405
10.522997 16.161913
17.214434 20.482159
25.660793 -19.372334
14.467449 19.938446
19.361050 21.697323
14.645818 19.641384
-33.188911 0.896672
16.311302 19.515327
32.930862 7.824268
30.000065 -12.995981
24.470198 17.981733
30.575775 12.663842
25.451689 16.063000
13.831549 19.634232
14.646791 19.932726
29.482100 14.891741
27.178707 -18.164528
30.282187 -3.332672
13.587184 19.595098
25.084576 13.864511
28.553410 5.586192
30.557781 -7.483009
13.022407 19.469723
7.917718 7.651510
11.819896 16.884056
14.232788 19.774939
13.516833 19.702168
20.738922 20.143982
-6.706142 -34.588928
16.667049 20.376373
27.961750 -16.401915
29.064234 -14.949430
15.985790 20.248171
17.948780 20.346958
14.473332 20.310713
24.589233 14.088091
17.261789 20.652292
29.836702 -12.068699
15.511465 20.038313
18.329973 21.010113
28.630230 -18.064293
28.652790 2.296162
24.287706 13.957441
33.006195 8.372352
14.948635 19.834520
29.853136 16.328650
34.046478 -0.410228
26.349308 13.030681
13.733748 19.514345
29.125904 -7.749650
24.981201 14.295831
19.794365 19.436491
14.427733 19.698835
28.248354 -16.781891
10.745959 16.930870
17.030985 19.820408
20.980844 20.174316
30.347784 -14.030843
14.506699 19.777245
28.323425 -17.981936
22.924383 19.871828
25.334122 30.395094
28.048183 -12.184050
28.183588 17.001488
18.144785 20.647816
16.026823 20.531084
25.316704 15.520352
15.036733 19.900213
-27.747700 11.713368
13.502319 19.591024
13.241612 19.821915
16.631151 19.708958
11.417112 13.463974
31.956461 10.034490
16.797558 19.600227
13.343814 19.744230
18.193027 20.785736
32.254280 -14.038953
23.243422 15.276697
14.932384 19.989931
14.917330 20.162075
30.243330 -14.704260
23.559845 27.216526
11.250652 17.273329
22.007423 19.598164
24.282902 -20.014620
12.344161 18.477295
16.167501 19.585701
29.560459 -8.143362
12.897326 19.713402
15.681713 19.351908
28.906334 -1.836309
33.513462 2.479934
14.934861 20.134140
18.142061 20.595827
14.408257 20.209661
15.170351 19.989796
14.983711 21.042212
13.574544 18.873873
14.853484 19.632895
10.100736 13.741684
17.363577 20.972063
33.856709 5.282917
6.025045 -22.580299
22.370487 18.757763
27.118616 10.577271
34.041019 7.292666
15.227166 19.851912
33.681175 6.274168
26.861191 -9.423284
30.783146 -11.430078
14.710108 20.130945
14.673012 19.612616
14.785996 19.660719
14.909036 20.473192
27.197052 2.124531
30.297594 -7.141581
25.204941 10.457128
26.064890 17.535538
33.231861 6.039942
26.979467 4.689595
14.099664 19.943722
-35.315838 0.969100
30.941290 12.635740
16.955286 20.354126
13.106793 14.541603
-37.159355 0.545277
28.155834 -12.456191
13.122024 19.472765
17.001207 20.394375
12.990821 19.188589
11.355193 18.605690
12.847466 19.598309
15.077500 19.819752
17.040134 20.370213
24.726542 18.698339
14.372861 19.462845
30.130844 15.148377
11.450125 17.994957
15.307173 19.350800
20.364080 18.086308
35.562660 -0.305618
16.938669 21.554733
14.579688 19.655035
13.525137 19.939737
32.810581 7.828460
15.163274 19.786085
30.997431 12.709523
28.516224 -14.681246
26.315752 11.022045
24.355507 16.560978
14.513402 20.360083
28.328981 -4.881794
17.151100 20.194052
14.821250 20.135309
29.037275 15.194182
27.853054 -1.040227
28.173023 16.433556
22.293762 17.855690
18.047733 19.146191
17.093460 22.642632
12.203628 17.892208
22.665752 20.610956
14.202353 19.674093
14.616874 20.261606
20.984352 19.799946
13.872656 20.094995
16.654949 20.684235
29.309334 -9.144569
12.967429 15.800092
11.856884 16.629883
10.709141 13.481365
13.272036 19.512192
23.367970 18.295593
12.987393 19.778997
22.746319 19.025000
12.776633 17.808277
18.269728 20.631538
17.174034 19.819527
-9.675036 -13.853124
17.546949 20.641911
25.486595 -19.411898
24.465261 8.163007
28.263727 -15.997170
11.864858 18.433271
13.877748 19.517893
25.135044 18.589972
12.741657 18.848038
25.167171 9.546244
24.656237 -20.028126
16.304398 19.345577
26.705509 18.634783
30.007067 -5.378972
11.999518 18.366911
17.541149 20.193811
15.090704 19.909809
30.427626 -11.356007
26.377064 17.333487
15.270836 20.054836
15.955265 20.490734
17.781874 21.055410
24.263449 16.097843
14.216561 20.072197
15.214140 19.975218
14.090544 20.124662
14.488061 20.343184
13.537989 19.468954
14.556572 19.787252
24.986156 -20.021317
14.901093 18.357748
17.834862 20.648373
34.486507 6.646267
13.896064 19.828131
15.251999 19.608635
31.509012 -4.437628
14.626668 19.798853
25.979391 14.484821
15.359683 18.912766
14.417564 19.760145
21.236044 -20.092731
28.714355 15.784835
16.477859 21.622688
24.338383 18.769255
22.886990 20.113657
33.138035 5.422993
17.658325 19.640978
11.999469 18.361977
15.038380 20.093311
15.681652 20.754030
24.090302 15.225244
21.528393 19.147333
20.722948 19.812880
17.343439 19.529825
14.905357 19.728788
13.285429 19.286921
26.891289 2.185019
15.569629 19.039364
13.743669 20.078161
29.816566 -15.936916
16.916180 21.069248
17.234987 19.470530
14.996908 19.761032
8.517220 12.345297
13.772362 18.804018
21.018530 -19.448315
14.081094 19.893764
14.937591 19.962198
32.179413 11.248527
26.242622 14.094268
27.317619 16.209354
12.493039 13.523193
24.482822 14.669108
15.040292 19.383995
13.551136 19.821541
13.138888 19.936245
-36.851650 1.491489
29.081909 -18.150373
17.419107 20.324625
26.953444 -18.541721
16.449327 20.095972
15.486608 20.447392
10.273684 12.296892
21.413921 20.472082
28.874819 -6.419959
31.327042 13.139404
13.318831 20.215651
24.756842 17.735773
6.688579 5.761597
31.505753 11.331947
14.674964 19.909109
12.225769 18.889637
19.104650 -24.748510
28.797495 -7.231003
10.672256 12.843179
33.176247 3.188122
12.879245 20.309561
-30.669683 1.657826
15.367289 19.784977
17.440414 20.983679
14.433768 19.541864
22.934237 -19.938538
25.336046 9.668896
27.365589 -0.106059
17.859341 20.028772
16.777433 20.392681
27.137783 -19.965729
14.653608 19.892946
-35.464123 0.648962
18.123203 22.970011
13.190296 19.159822
14.489150 18.755062
28.235012 0.990844
31.406141 13.869902
18.071714 18.956728
16.614994 20.656166
12.713052 19.819454
17.279186 19.458780
21.012751 -19.590591
15.214898 19.967276
14.999475 20.850964
24.052488 19.666920
29.072065 6.116878
12.609410 19.555462
14.744085 20.153601
28.350231 0.372374
13.378769 18.229755
28.928137 -11.056357
25.699272 11.769984
29.261700 13.307969
-21.400227 -18.933123
22.709879 19.037035
14.453283 19.498697
33.671585 5.118871
26.688559 11.165283
25.840382 7.270132
33.766991 0.528673
27.073862 17.905870
13.049107 19.954473
14.983590 19.738382
9.557137 13.683090
26.182747 11.323354
14.837970 19.615385
16.928085 21.106466
27.963968 -7.167514
16.844069 20.087053
28.498768 -7.412104
13.060548 19.135443
26.501198 13.296703
25.072115 -20.291468
31.633835 14.179282
27.403196 15.829633
24.358131 11.828733
26.661640 -19.892879
18.411535 20.425648
15.520648 19.998432
29.894920 -13.935093
14.724604 20.054113
15.722595 20.409998
14.131131 19.655998
10.309422 10.276345
14.229050 20.133833
14.777022 18.332787
13.959392 19.583241
14.548897 19.573820
28.204548 16.868048
28.154341 -3.657309
28.131866 -7.225364
18.489712 20.979076
14.523731 19.460489
12.717699 19.686792
26.168499 17.245228
15.187848 19.660408
15.134592 20.093805
34.262238 7.230064
27.895874 8.371296
26.345375 -19.242130
31.023615 14.317017
14.488760 20.378340
14.724774 19.744946
15.162721 19.716242
28.019112 -5.942333
16.350046 20.538393
16.299114 20.570045
24.216778 17.393167
32.207371 13.998757
29.892075 -14.943563
24.809008 16.850786
26.972593 5.195411
13.586514 19.498701
25.198709 17.409416
33.074699 8.582942
20.802229 19.659719
23.443920 14.663139
17.193874 19.806597
27.368700 32.764801
28.141668 -0.304056
15.078500 20.380068
14.218611 19.760103
24.223255 13.484098
7.057702 7.775836
5.094972 6.547058
17.077299 20.035528
13.773659 18.863495
21.133888 22.104345
12.978503 14.557586
16.989706 20.861786
29.285402 -1.465505
-9.702062 -39.241997
13.070356 18.842855
14.065577 19.586147
13.036369 18.122652
27.711094 -18.616011
14.600247 19.836031
19.537951 22.223951
23.501431 18.844051
14.364597 20.438412
14.924489 20.199430
19.099611 22.364887
25.407431 14.529991
16.428648 20.810949
12.034554 16.364031
21.218964 21.480532
14.066507 20.089325
28.231663 8.118526
27.596571 -15.581557
14.033978 20.125093
0.358189 13.913333
18.074440 19.620922
31.100996 11.523796
26.946341 16.666368
15.162271 20.114323
29.603233 -7.156286
18.537266 21.084021
14.090259 16.035856
15.201260 21.339241
10.529348 10.322784
10.493874 10.791087
16.181189 19.605999
16.376112 19.121304
33.588657 7.047131
27.254354 16.912495
15.001155 19.722628
31.851597 10.525083
5.608261 5.053432
18.741970 22.305887
29.048851 36.241302
14.884458 20.046778
25.714996 10.529822
8.123670 12.608266
33.729065 1.722109
14.424435 19.716864
12.900892 14.861636
28.494349 -12.093534
23.883535 15.779494
30.880980 14.726254
25.815437 32.888939
13.321414 18.475256
28.484632 -16.844479
15.208384 19.839437
14.258691 18.764633
24.486607 18.244368
13.582336 20.209536
33.935505 1.641304
22.130136 19.732832
30.124893 3.245260
24.518791 13.372420
31.180157 13.372768
12.701632 18.487761
22.923847 25.807993
10.739437 12.651019
27.123377 7.826687
32.838402 12.366078
15.106709 20.598539
23.581158 32.836014
23.731377 24.887148
29.022116 -12.588929
16.664301 19.346880
-37.307182 -0.312337
28.522984 -9.863565
20.909351 21.203434
17.685612 20.122879
17.149191 20.408783
18.556322 20.682888
32.329716 3.597607
10.303708 13.334229
28.957125 -17.354183
27.917377 7.614054
30.223286 -12.123141
13.884960 19.794891
33.391354 0.543258
15.151124 20.216143
25.418655 36.176083
24.992025 18.722347
28.681774 -17.474522
18.545162 20.802240
27.539425 -14.994498
13.545546 20.177908
15.598124 19.560917
21.381220 19.562290
32.097912 9.207125
30.692133 14.652502
17.122202 21.089836
23.834743 18.291889
17.104738 20.807858
21.984596 19.879593
17.668976 20.832870
18.025616 21.650192
13.979594 19.573816
28.934584 -16.135096
19.080069 20.822739
21.507116 21.267014
32.971188 -0.201002
23.100006 24.950508
13.384506 17.801197
16.410511 19.271282
28.377651 -9.315045
30.237913 15.537534
28.751728 15.084481
14.896684 20.240265
12.391494 17.196192
15.199389 19.648645
30.394506 -15.013784
15.655799 20.251692
24.055782 18.527796
14.808540 19.727970
20.585381 20.361202
11.806961 18.602446
30.762188 -9.035000
19.079544 21.985813
14.408697 19.937679
10.060832 13.943212
10.158332 11.978814
9.081595 10.829009
28.137115 -0.602139
7.466775 14.876048
8.797317 12.394415
18.097626 21.434565
14.999369 19.923449
10.652255 14.443276
9.472621 15.211223
26.411062 8.277524
7.769363 12.907080
13.381919 20.160936
29.801197 -18.849270
17.786322 20.504076
22.448622 16.146648
-9.699635 -38.702244
12.825650 19.747578
26.098869 18.307423
27.291988 7.413581
22.274708 20.295147
30.300095 -10.599415
16.333609 20.655104
16.998718 20.319427
12.556105 19.094173
11.590875 14.202127
22.317232 19.209919
28.395031 -9.896151
12.451557 18.768635
33.560192 -1.381065
28.443838 -10.866207
16.635509 21.520229
13.480495 18.886305
14.408581 20.521523
12.783211 19.701664
9.820218 13.883186
16.298643 23.841335
33.855900 5.320935
21.143330 20.444946
15.556326 20.129705
14.468266 19.766125
15.549535 20.093300
27.088570 3.959465
33.383762 8.562303
23.381596 18.305458
24.311090 20.106983
19.854862 21.503080
22.912537 19.732805
12.559493 19.657545
23.918741 17.874754
26.650166 13.420310
13.266743 19.445545
17.306454 20.374369
9.723129 12.001855
-33.996590 0.010257
17.592098 19.454992
30.701658 -7.344724
28.779190 -13.316738
15.988929 20.278078
38.299400 41.941860
17.226662 20.566017
27.505936 17.642601
13.696215 16.695271
9.252553 8.429927
30.707489 -3.323878
23.115078 18.820545
28.473717 -8.727018
24.546040 -17.844193
21.833933 16.894497
12.477392 18.414446
21.869808 17.810583
-37.684025 3.639741
15.410732 20.128071
16.968477 19.515984
15.404732 19.759493
14.251592 17.926847
14.256304 19.702988
27.686863 15.904935
-34.720032 21.021595
32.789146 11.710147
13.943783 20.309875
11.007099 9.408189
15.200286 19.900198
15.603155 20.249254
14.166185 18.651665
27.024973 -16.926701
13.928749 20.325304
17.631485 19.957666
26.977062 0.802324
31.388855 13.911658
9.830379 10.746237
12.340774 19.062557
19.139357 8.225739
33.147068 -1.660592
26.840706 0.922610
33.760651 2.059756
30.421810 -9.006480
14.167296 19.970951
20.188993 21.953037
30.172300 -14.390158
31.594604 15.132998
32.073818 9.137185
-31.333693 3.605586
19.835167 19.525463
30.490736 -4.389857
1.058819 15.446913
17.429205 20.678766
30.311085 -1.077861
26.974819 16.455791
24.745222 25.330559
14.399413 19.751982
24.927103 -19.853214
34.286274 37.425888
25.913191 43.527336
12.223470 19.173851
7.891048 11.564798
15.357827 19.338852
27.024279 16.775311
27.837931 -4.193077
12.985184 20.142437
30.337580 -10.399385
33.997990 9.112486
23.045868 18.092924
23.456951 20.378956
24.598389 7.199609
26.615370 16.439274
31.456768 -14.432024
30.293310 13.281239
16.893806 21.008083
24.635513 18.282568
13.313351 18.981943
10.716388 11.459893
22.302094 20.281017
27.798946 3.593665
14.635090 19.528608
35.361828 9.105747
30.378469 -15.891829
16.764227 20.200937
31.764017 8.093986
11.016459 13.669235
-10.150880 -36.564510
30.635565 -11.948819
16.397585 20.742943
12.130406 16.401339
23.908648 12.860847
16.759392 19.297453
27.999540 -5.413258
32.533966 11.547110
-34.119175 -0.450076
28.875631 0.066569
33.102440 10.082252
15.513700 17.794897
31.067360 6.980761
13.415998 15.318065
34.002060 9.662045
32.933216 7.189448
15.218322 21.720985
15.392318 20.035923
28.360580 2.877317
15.549314 19.642265
26.878445 16.565964
13.950519 19.355623
12.218180 12.729454
14.256806 20.255068
33.508247 7.997272
24.609564 17.506880
30.235857 13.411379
15.733081 21.099913
11.600728 12.941554
11.495918 12.326594
33.290726 6.170478
-35.544666 4.897574
10.970601 16.079378
26.982904 16.594755
19.991198 22.501255
14.404907 18.757629
-4.649601 -18.976679
28.679308 -9.276290
-35.767628 1.789639
-30.769257 -2.169518
11.472459 13.782416
21.223358 21.188494
22.029661 20.853678
13.751502 20.495384
33.582077 1.708464
32.410145 10.044709
-15.983316 3.191874
17.742691 21.204342
13.822152 18.462605
24.677485 8.820887
36.035149 35.933529
9.666075 9.439101
14.962400 18.876570
16.298210 20.587368
21.505825 18.558308
14.819783 19.627020
27.894304 17.703184
17.454365 20.103374
29.008961 0.797489
14.148647 20.424238
28.757807 4.031971
28.700268 16.369526
29.728193 13.788914
13.246372 18.754066
14.398680 19.579618
27.447824 -5.812809
27.613659 -15.627003
33.340370 7.120054
27.387466 15.777313
12.548076 18.654911
22.474539 19.953501
14.269011 19.410917
18.477154 20.436169
4.506378 2.939932
15.173397 19.842379
22.587015 15.618917
17.080795 19.829344
29.122345 -8.755264
32.571651 7.857713
26.361814 14.333629
8.414721 12.004357
17.972635 20.494343
29.498690 -14.705157
33.804581 9.624994
11.888719 14.642977
28.275242 -12.301629
12.857191 19.824358
14.868854 20.201933
28.263342 -15.031832
33.084400 6.920816
14.808361 18.974451
22.076336 20.506357
16.876154 19.391466
13.146512 11.968162
19.944204 21.442883
14.246636 20.424505
32.957581 5.070473
30.317371 -1.330460
33.860691 0.655266
14.565551 19.468897
15.025710 18.342903
8.544447 7.757557
23.955429 18.985903
25.020535 12.489876
33.554539 4.861961
25.111380 17.733120
31.295696 -11.831487
17.160954 19.475052
13.526046 16.664816
9.206349 10.463309
28.364340 -6.748293
11.310102 16.817892
27.986485 -13.474854
30.378408 -4.944141
13.667767 20.404259
29.389341 -12.832134
12.522269 19.898893
19.388939 22.042421
20.775604 19.509371
15.469903 20.131016
25.665827 9.574893
14.611971 20.298534
28.195757 -2.303004
15.448254 19.073441
32.982353 6.937509
9.983706 12.465745
25.330179 14.680847
24.463255 17.663733
12.318019 19.249603
32.683628 28.880272
19.050087 19.523216
25.937180 8.699687
30.982967 -4.009804
17.655476 21.223745
38.289520 38.974747
-35.490070 3.223340
25.017502 8.500823
19.554073 20.452097
30.017242 16.831312
30.197281 -13.952295
33.323338 5.037711
24.563293 11.062138
14.500244 18.024799
-41.582634 11.342360
14.168711 19.269794
33.910767 2.752924
11.988277 17.747166
26.813942 -20.101086
18.212591 19.378101
16.594385 19.421717
31.712051 9.157921
13.600220 20.312361
46.473892 45.294163
13.733368 19.392965
20.016520 21.686655
15.937267 19.630255
14.987659 19.584696
34.520996 8.626759
23.170191 19.683128
23.821060 18.192053
28.252483 -1.504998
11.050529 15.791922
11.308238 13.585620
13.501701 18.830677
14.590238 18.983826
17.424681 19.901047
8.630232 11.653563
16.470617 19.863541
19.726517 20.144993
-48.178612 29.325417
13.345196 20.403595
13.542494 20.242666
31.675913 13.696366
13.049483 18.885239
10.685917 16.114529
14.321631 20.356316
22.639029 21.466663
15.064152 19.271847
14.222975 19.275831
40.871052 42.681107
26.924995 1.826630
14.091308 20.442928
21.616381 19.274000
14.727102 20.087904
28.128168 8.651340
14.593577 20.492952
18.549187 20.315102
30.232435 -16.484753
30.636179 -13.317384
39.364582 41.393089
25.686716 18.827223
26.639256 14.002777
14.699344 19.692390
28.881550 -15.990007
17.883505 20.467075
17.953279 20.083715
10.924392 16.476278
16.730188 19.636267
25.741877 15.203616
13.684052 17.802519
27.097174 4.204848
30.878166 -8.800891
29.117767 -15.862759
25.488146 18.029163
28.247200 -6.112729
29.098785 -5.582983
30.904465 0.896431
27.946329 8.970178
18.941177 22.549559
27.781792 8.297423
27.611107 -14.486239
14.616068 18.821392
-20.153234 2.798008
27.290550 4.463533
14.907891 19.988678
29.943565 12.129478
26.487434 28.885015
26.943529 16.281401
13.779076 19.308849
20.898230 20.525570
16.719862 20.741083
18.483173 19.987854
27.466648 15.684447
16.550198 17.062391
16.967360 21.110352
28.420603 15.340526
18.657875 20.257038
-37.099651 2.279007
30.943306 -16.035110
28.668694 -14.616435
21.178276 19.292057
29.731880 14.210281
-40.624237 20.237268
12.910300 20.114290
23.172228 16.306931
16.196161 21.020754
28.184622 15.441829
30.097853 -16.461353
27.361477 16.192638
17.272039 20.145941
22.950701 15.562737
14.182311 21.309328
17.963314 25.473076
-7.850727 -37.288605
11.961770 19.422752
12.817086 20.466160
14.427543 19.336729
18.443558 20.078403
14.981028 19.682610
-14.781656 13.264999
27.968344 9.189962
26.803720 25.843622
19.241465 24.188396
29.192038 -0.447033
28.431828 -9.308276
30.197319 -7.217524
14.835512 19.367605
23.790747 17.780073
17.594019 21.946283
28.385447 -4.551281
28.731592 -18.777391
30.059708 0.490823
-20.034090 -15.776120
12.347823 18.683340
15.128081 21.148741
15.445417 18.841606
24.467756 17.049982
27.879210 15.917147
12.598736 16.697935
16.874100 21.158314
13.175340 16.102047
12.156135 19.128195
5.797273 8.002242
12.947915 18.508537
17.210976 20.380827
30.355600 -4.833967
14.708107 20.171438
17.553202 18.720856
15.626164 21.725937
13.500422 -3.190566
8.724644 7.458402
28.886938 -18.992846
26.895605 7.868891
30.278599 12.443165
13.016635 18.490067
27.341074 -8.607067
26.577787 -19.659676
17.775591 19.928513
28.431475 -9.676334
29.213917 15.773328
29.567230 16.562820
22.346474 17.345577
13.768406 14.534833
4.486513 4.314872
13.043009 20.597067
13.477021 20.351875
22.833538 20.407824
13.219836 17.832579
18.532604 20.252974
34.021107 -0.248528
27.999760 -3.768774
39.914677 18.839746
-37.057514 4.297123
15.477205 20.544558
24.762297 12.954786
17.038752 21.373835
14.453174 21.611088
28.043573 -4.050347
21.753614 -20.134056
15.200714 20.970173
28.792439 -18.358669
31.387854 -2.113108
27.118559 -19.757729
21.557865 17.899641
14.962381 18.885357
22.725740 13.157005
22.490419 20.551680
21.012970 19.457355
14.469398 17.745617
-30.516642 4.752851
34.104382 2.631201
33.962925 4.985027
27.404314 -17.423063
27.602926 -4.536140
27.717949 17.953766
17.358156 24.645199
18.525425 21.327826
27.273594 16.065193
25.959377 5.493852
13.932014 19.355291
18.576906 20.118235
15.078569 19.554598
14.130898 20.081675
26.274651 16.519672
21.835661 18.700420
14.571394 18.566269
24.077585 17.112335
26.952843 0.138421
28.907824 14.891418
19.083073 25.801695
21.609959 20.597557
29.440430 -7.793176
28.683929 40.985714
9.602234 12.948837
28.023045 15.437000
26.305418 -20.220490
27.711758 17.804605
23.211519 13.141508
13.164414 18.636765
29.926512 -16.478830
27.381130 -20.034344
30.129009 -12.959434
-31.519909 1.814187
17.720648 19.634298
15.771954 18.688284
27.055634 -7.175400
-35.970936 3.730086
28.092712 -13.550650
17.435766 21.863575
25.222204 -20.125322
27.929461 -5.261261
25.148161 13.293395
28.254080 -11.677672
28.262009 17.229477
20.885941 20.401720
27.310541 -16.856276
7.380954 10.354056
29.539656 1.534371
16.970236 -14.373328
12.525124 17.095104
11.406144 15.859138
20.805561 21.991774
27.851950 -20.179535
22.367941 21.385746
25.029867 17.410757
33.879013 -1.607447
23.219137 20.463686
27.074587 13.707467
32.988781 10.370198
30.717215 15.464517
30.470325 -11.065906
14.531270 18.687847
28.409449 30.405430
22.881451 17.701920
25.852707 11.057400
28.326199 15.170772
29.547819 8.017626
30.868034 12.436019
13.424891 18.185328
28.529232 -7.626538
14.318110 19.644894
28.916067 16.869413
22.537085 21.975924
27.414444 -11.661502
27.008375 0.068799
19.037947 21.909632
25.541204 17.658234
30.909124 12.305817
29.550339 -10.974860
16.840986 22.880970
27.584923 -8.674091
28.035780 -5.206707
29.036362 15.619426
13.395910 20.414364
9.439813 13.312455
12.065749 18.011456
32.760670 -1.135251
11.657698 12.059271
11.251622 13.494027
4.506220 4.498982
31.026663 6.895289
26.232325 -18.434116
12.017429 18.746443
20.673283 19.945831
28.939121 -18.552164
17.371637 22.058834
28.037821 -15.832405
20.925980 29.558052
13.065848 10.866593
17.675810 19.952019
23.082979 12.423188
31.668804 -0.143627
12.191072 19.576548
9.889455 13.114249
14.586258 20.402109
21.307249 19.091911
32.823551 6.886557
17.779850 20.466702
30.358650 -3.575864
-5.806059 28.468559
13.447404 20.434053
22.953657 20.421904
48.375595 -19.772697
20.888699 15.919547
27.850405 7.612812
44.519135 -23.138126
14.805822 -12.092305
27.598959 -18.831749
12.998614 19.484373
28.187107 13.256226
28.721624 -10.734818
26.272646 -0.678672
-39.785091 -5.082542
20.991617 21.912069
32.559395 3.653274
27.522099 17.777357
27.851379 -7.963593
-27.291824 38.953617
-9.754284 -8.113188
30.312319 15.363154
26.336647 10.310014
31.574163 33.732517
34.688751 8.009074
43.276848 46.331089
31.447706 -6.977203
21.548517 21.473711
27.551947 -5.085742
34.073441 2.923267
22.445152 20.188416
20.103954 19.856625
-9.468693 -43.953918
14.333149 18.752905
15.035974 18.925436
27.022213 -18.920996
12.856351 18.111364
33.498291 6.993059
33.146927 6.685179
15.042417 17.835350
21.837404 17.305372
33.791176 10.445363
29.167482 -9.736278
31.998308 9.982821
9.475563 10.138652
-46.840332 15.874232
31.691017 8.361956
32.145130 -10.519771
23.082102 12.671562
33.508572 11.843388
23.065239 19.646589
34.649132 10.360563
13.843626 21.137812
32.454163 12.495677
23.122877 19.849112
20.096855 20.883291
-30.075306 -23.991566
30.294546 12.648058
25.757374 10.457768
23.140249 18.525702
14.560916 14.683723
15.290364 19.775946
30.394726 12.785652
22.609842 20.843744
15.220906 19.655062
26.329800 1.316043
26.620035 16.371700
34.053570 4.200633
25.151499 -20.033600
22.070387 22.101070
27.384584 -20.084791
34.085239 10.551800
13.115147 18.363392
13.093697 15.910765
-37.872681 2.965348
19.121313 21.112185
28.432129 -18.898092
42.705284 -12.974111
24.106270 20.705355
32.972080 5.734429
30.360756 -18.414862
11.550644 15.626038
32.189369 10.001409
31.543522 -7.212921
13.449324 20.473526
31.586548 -12.123949
12.092392 19.866982
21.470821 21.635326
13.155349 17.446981
10.366125 13.788347
29.854870 -5.809256
17.701885 21.558184
18.531815 21.477089
13.508364 20.678286
-35.213116 4.227405
20.586231 23.889215
30.409054 15.051654
31.532089 -10.672045
26.424461 -18.226494
19.928070 17.544144
18.575386 21.390179
11.570478 13.325930
26.928988 -15.544219
24.075806 21.881243
28.920057 -17.234079
25.660831 0.216948
26.426903 19.285009
12.386711 14.623377
10.519963 14.319717
31.615110 -16.048864
26.703880 -11.845506
18.638229 19.427748
8.879319 11.520905
27.231590 -17.230322
27.770533 1.111718
27.975431 -8.158551
-0.795573 37.937782
27.129930 14.788515
11.429527 17.640915
16.768253 18.308773
30.893761 3.745013
32.811092 7.304482
17.760489 23.610594
32.431393 5.302201
28.029537 -14.506010
12.580334 13.805698
16.581964 18.194387
7.772823 14.132922
31.474174 10.014996
14.600791 16.921425
32.300793 -15.166957
11.153468 17.597893
9.153219 1.735241
33.789143 5.851121
12.879247 15.926796
19.234478 27.054647
29.037909 -1.458748
20.827761 23.755428
21.678108 23.667997
31.995937 6.457713
37.029694 32.120258
32.355705 7.147363
30.912823 5.302806
27.598068 15.095168
31.493469 10.026181
27.122692 -19.900757
8.712511 13.298076
6.109986 8.705220
27.032293 -19.593801
26.678909 42.032806
20.406878 17.907084
21.110376 -21.076937
32.577129 -3.320226
32.561131 13.284263
22.121002 8.240918
20.501915 17.591017
25.758436 18.434723
11.721158 13.050782
19.322651 19.637066
11.216711 18.157276
28.062632 -10.732683
15.699883 -1.959199
31.377600 14.432107
14.244840 18.752968
25.939667 18.970839
33.390003 41.244713
-13.938772 -46.768269
25.620285 -14.698137
14.186145 18.225204
12.194081 17.518909
30.021162 -8.258087
24.288982 13.481026
11.018644 17.106874
19.807240 -19.124025
26.228083 15.838135
-36.320465 2.788661
8.534438 9.780416
29.604900 45.384254
15.742077 18.379782
32.607246 13.537276
23.911655 20.490957
18.409178 22.707443
30.629158 -16.358685
-15.786174 -16.761084
47.342949 33.037270
15.855136 18.519932
34.369263 32.018093
20.570301 17.474396
13.036066 18.235193
16.858168 23.285412
40.973595 -17.132833
30.474575 -2.410518
31.522509 -13.781410
34.120174 7.978612
22.727655 18.962482
11.986314 14.950005
10.626733 14.724875
15.478095 18.988625
26.744181 -11.476016
15.114670 19.247477
-11.773911 10.878476
12.717760 20.676165
27.214544 -14.344631
13.990200 14.363245
28.547054 26.110910
30.036598 11.165916
26.789701 12.131780
-13.261918 35.754852
10.533577 18.989920
31.145155 15.018222
32.258148 16.239027
29.659937 -18.855598
22.452654 -16.760496
29.763916 10.209572
10.318843 15.536829
35.552441 6.493843
-39.430241 -0.317354
21.853712 17.414808
25.728436 22.001701
27.238783 14.366508
14.272244 18.258049
