-0.149200 -1.336018
-0.153902 -1.345891
-0.069466 -1.393036
3.979156 -4.893741
4.089363 -5.067925
4.133866 -5.095391
5.784473 -8.246816
5.691785 -8.295084
5.918101 -8.254308
2.742751 -2.953381
2.725411 -2.879483
2.646079 -2.867325
4.065293 -5.424902
4.019637 -5.355026
4.040625 -5.417724
0.035095 -1.587810
-0.022909 -1.636810
0.056922 -1.618015
-0.131907 -1.350020
-0.150905 -1.304769
-0.044085 -1.337669
0.056496 -1.873649
0.111044 -1.856562
0.116822 -1.845472
6.043884 -8.608248
6.141074 -8.678632
6.108938 -8.692459
4.533872 -6.049478
4.460019 -5.973091
4.540816 -5.954477
4.340128 -5.746149
4.324933 -5.671356
4.338058 -5.747234
4.099126 -5.421138
4.023429 -5.359119
4.075060 -5.360519
4.099935 -5.351895
0.943930 -0.872696
0.769873 -0.932992
1.103262 -0.848675
3.481864 -4.249689
3.439880 -4.295768
3.412807 -4.363200
5.204400 -7.192800
5.071904 -7.159029
5.218139 -7.158600
4.555310 -6.005036
4.462305 -5.972178
4.600499 -5.919069
0.101830 -1.378690
0.102307 -1.421525
0.060934 -1.418552
0.103879 -1.285038
0.082241 -1.375915
0.112556 -1.410150
5.729943 -8.245376
5.827377 -8.317955
5.780608 -8.367633
4.710838 -6.522171
4.659994 -6.399497
4.752242 -6.469512
3.782848 -4.248023
3.543336 -4.441207
3.525072 -4.296779
1.248395 -0.709590
1.144960 -0.554317
1.213842 -0.729246
3.625544 -3.722942
3.229434 -3.626924
3.403054 -3.700856
6.364538 -9.144360
6.327312 -9.118937
6.398972 -9.143023
2.929613 -3.291085
2.989981 -3.387191
2.946219 -3.295447
2.943545 -3.346594
0.136514 -1.514422
0.197123 -1.493307
0.257383 -1.572001
6.807813 -9.542216
6.831862 -9.527884
6.755805 -9.718293
-0.078810 -1.343057
-0.167827 -1.320137
-0.156971 -1.412101
5.198232 -7.075233
5.202939 -7.064089
5.168859 -7.079014
3.194796 -3.343361
3.060222 -3.298411
3.127569 -3.438189
2.814636 -3.130984
2.861323 -3.199685
2.809454 -3.217289
5.164587 -7.226893
5.217333 -7.278022
5.173048 -7.176473
-0.100172 -1.858960
-0.083957 -1.870812
-0.115797 -1.873479
0.181352 -1.466105
0.262660 -1.534449
0.198530 -1.478530
2.815059 -2.895444
2.797681 -2.837740
2.902020 -2.766770
4.310853 -5.876881
4.312783 -5.896615
4.312240 -5.878101
4.383965 -5.795941
4.359076 -5.872442
4.387959 -5.886336
-0.161379 -1.886368
-0.124364 -1.856793
-0.168279 -1.790913
4.447160 -5.923831
4.151506 -6.015124
4.184985 -5.971907
-0.023492 -1.449706
-0.004511 -1.544722
-0.030582 -1.561905
5.900237 -8.378403
5.968801 -8.317066
5.970393 -8.260346
0.060409 -1.460489
0.096922 -1.582467
0.027763 -1.561595
-0.049043 -1.791565
-0.168802 -1.821885
-0.079066 -1.807909
0.092010 -1.495390
0.023635 -1.551380
0.022066 -1.456619
-0.140487 -1.495947
-0.183140 -1.501703
4.262152 -5.750526
4.257759 -5.683894
4.193214 -5.702839
3.733542 -4.836185
3.724430 -4.862359
3.750368 -4.923692
0.087491 -1.590761
0.000280 -1.729765
0.055110 -1.618936
0.094134 -1.576867
0.117610 -1.534016
-0.001373 -1.528386
3.781318 -4.539207
3.698254 -4.670406
3.733191 -4.598261
5.191632 -7.113882
5.343580 -7.046130
5.214614 -7.103954
-0.175832 -1.808360
-0.121308 -1.760685
-0.136273 -1.803754
5.117561 -7.093000
5.139332 -7.149215
4.372460 -5.661850
4.395410 -5.650901
4.386946 -5.743775
0.684200 -1.021311
0.490632 -1.049278
0.462612 -0.611436
5.668554 -7.910639
5.643657 -7.819316
5.857196 -8.413687
5.974834 -8.502777
5.919176 -8.543018
2.512361 -2.710128
2.481171 -2.762974
2.560358 -2.760115
4.873321 -6.687157
4.900780 -6.640511
4.864028 -6.595775
6.517070 -9.586742
6.580281 -9.519100
6.583325 -9.474959
4.489190 -6.170433
4.554725 -6.204969
4.457536 -6.193557
6.502595 -8.955757
6.515082 -9.065997
6.518877 -9.126061
3.241032 -3.757010
3.341045 -3.832630
6.464608 -9.575386
6.581517 -9.598936
6.500457 -9.493644
0.078312 -1.317064
0.041319 -1.419642
-0.050904 -1.677726
-0.179529 -1.706677
-0.093495 -1.646427
-0.073034 -1.300546
-0.185744 -1.394342
-0.167542 -1.337808
6.600619 -9.542051
6.487382 -9.586057
0.030613 -1.555249
0.099494 -1.545366
0.054857 -1.512462
5.137487 -7.289209
5.185877 -7.280107
5.218202 -7.243669
6.210111 -8.833630
6.292769 -8.834050
-0.052622 -1.839854
-0.140807 -1.807057
-0.143534 -1.755673
5.081795 -7.050278
5.185047 -7.007224
5.201689 -7.082881
5.068141 -6.850169
4.926244 -6.979897
5.009802 -6.908141
0.248393 -1.412056
0.198391 -1.408216
2.461349 -2.733133
2.453844 -2.716921
2.578548 -2.743667
4.265139 -5.590618
4.245192 -5.526035
4.234792 -5.461102
3.863695 -5.289954
3.831267 -5.150484
4.059320 -5.213915
4.077694 -5.335490
3.863110 -5.154803
1.180141 -0.649481
1.328716 -0.610972
1.068504 -0.721031
5.854554 -8.558537
5.864695 -8.586959
5.951153 -8.678218
5.404233 -7.484032
5.456301 -7.556553
5.433127 -7.554050
3.327821 -4.068850
3.300106 -4.134083
3.217062 -4.187115
6.599520 -9.515021
6.521453 -9.475693
0.225348 -1.317523
0.208967 -1.340280
0.234276 -1.349403
4.698921 -6.280776
4.607713 -6.246205
5.346529 -7.377195
5.350201 -7.423979
5.250736 -7.329334
0.026821 -1.329987
0.060040 -1.324260
4.625044 -6.411949
4.689617 -6.452119
4.644872 -6.392118
-0.172821 -1.759521
-0.036997 -1.846636
1.214986 -0.600749
1.151755 -0.735955
1.107618 -0.710387
0.180662 -1.524321
0.203545 -1.501777
0.222895 -1.570894
5.226784 -7.485722
5.251805 -7.534893
5.289432 -7.464309
6.134406 -8.843615
6.087702 -8.769131
6.054935 -8.784230
5.276338 -7.442448
5.341160 -7.311804
5.254687 -7.446002
5.265853 -7.600938
5.296679 -7.480483
5.328722 -7.556299
2.960065 -3.550614
2.936733 -3.555585
4.578618 -6.049777
4.497238 -6.012155
6.591505 -9.596766
6.523622 -9.538928
4.327424 -6.060356
4.344537 -5.992209
4.313929 -5.955000
0.050573 -1.847006
0.036682 -1.808132
0.085056 -1.831041
4.685784 -6.166577
4.711931 -6.226035
2.597866 -2.856815
2.619605 -2.861219
2.602648 -2.876473
0.079831 -1.496160
-0.009069 -1.489086
0.007869 -1.430958
-0.040931 -2.197459
-0.161146 -2.207172
0.094306 -2.288047
0.142885 -1.518342
0.247803 -1.444102
0.131548 -1.478018
2.613527 -2.966890
2.684145 -2.841843
2.603291 -2.931163
5.787804 -8.175525
5.808825 -8.213434
5.762861 -8.233490
0.066152 -1.621232
0.006113 -1.611295
-0.023789 -1.730120
5.657268 -8.045514
5.482229 -8.220535
5.449465 -8.203062
1.924678 -1.488552
1.829435 -1.636138
1.721372 -1.463532
6.178948 -9.002183
6.222326 -8.935575
6.198968 -8.856340
5.773047 -8.294936
5.838322 -8.275147
5.743454 -8.300670
2.743774 -2.976906
2.681351 -3.078610
2.652007 -3.048240
5.610802 -7.825747
5.547836 -7.878808
5.605786 -7.827659
5.483195 -7.689078
5.419497 -7.700613
5.956111 -8.697361
5.987037 -8.627379
5.936961 -8.596416
4.794274 -6.722626
4.865149 -6.789414
4.905796 -6.710898
0.247306 -1.720965
0.217519 -1.663058
0.152275 -1.601944
6.381078 -9.175619
6.306368 -9.178781
6.460458 -9.171447
6.869015 -10.030064
6.698214 -9.789288
6.809615 -9.933182
4.973955 -6.718346
4.937544 -6.789324
4.941219 -6.788788
6.314811 -9.022129
6.395816 -9.106009
0.177475 -1.413982
0.158090 -1.306986
0.155990 -1.404980
5.204503 -7.240011
5.180255 -7.239323
6.332029 -9.197989
6.332135 -9.301487
3.992466 -5.138040
4.105681 -5.041924
5.520153 -7.598941
5.500721 -7.544497
-13.373125 -1.739099
-14.154455 -2.142617
0.067637 -1.977961
0.063375 -2.045332
-0.002795 -1.959601
0.028021 -1.334799
0.000229 -1.401996
0.050523 -1.322137
0.011841 -1.906300
0.028857 -2.021264
0.025292 -1.994624
5.763537 -8.031812
5.739814 -7.930972
5.724438 -7.995681
6.538215 -9.603545
6.614532 -9.548159
6.607872 -9.483465
0.094089 -1.737888
0.026877 -1.825213
0.086665 -1.852456
3.455506 -4.235511
3.386138 -4.254720
4.615202 -6.461597
4.745651 -6.508347
4.618333 -6.421615
6.009709 -8.686112
6.094330 -8.572302
6.132553 -8.653677
6.486042 -9.469378
6.478097 -9.401770
-0.168042 -1.285593
-0.091580 -1.343025
2.759622 -3.082675
2.895004 -3.050228
0.211689 -1.412826
0.145709 -1.369124
0.260087 -1.417871
0.102985 -1.992133
0.087318 -1.917791
0.968503 -0.255118
0.808374 -0.485116
6.115081 -8.465203
6.039228 -8.464669
6.047662 -8.431853
-0.025746 -2.045577
-0.014184 -1.921661
0.090034 -2.042233
0.047959 -1.558745
0.054039 -1.495403
4.201493 -5.321200
4.195415 -5.448946
4.254144 -5.326175
4.362370 -5.936687
4.342616 -5.942790
4.432668 -5.927968
5.529857 -7.491800
5.525480 -7.465656
5.449473 -7.589197
0.144981 -1.584844
0.206591 -1.631937
3.473737 -4.019263
3.491498 -3.913940
0.054945 -1.800721
0.074170 -1.825603
0.076912 -1.802753
5.205901 -7.076963
5.126591 -7.119020
2.469092 -2.798214
2.591868 -2.778144
5.263881 -7.541265
5.321720 -7.593019
5.313477 -7.613464
3.321167 -3.989943
3.292484 -4.043038
3.264884 -4.031149
-0.085359 -1.431302
-0.121531 -1.539837
-0.056426 -1.565617
3.406653 -4.090429
3.492352 -4.096218
2.143009 -1.873557
2.138686 -1.982379
0.389831 -1.737693
0.200934 -1.882323
0.413465 -2.021950
0.017944 -1.396054
0.104272 -1.382952
4.577504 -6.189731
4.545269 -6.188848
4.460135 -6.105749
-0.042241 -1.794539
-0.167086 -1.757475
0.089527 -1.741497
-0.034507 -1.805571
-0.007147 -1.406373
0.014800 -1.308615
0.030770 -1.285161
6.890718 -9.921727
6.917590 -10.037432
6.783458 -9.782702
6.706977 -9.826962
6.878334 -9.806382
4.424461 -5.607848
4.308822 -5.750884
3.734242 -4.886889
3.701324 -4.984535
-0.002871 -1.913459
0.019820 -2.012958
4.299105 -5.679226
4.445135 -5.610571
4.332945 -5.703064
1.475789 -1.691823
1.474087 -1.727744
1.621017 -0.981794
6.111835 -8.851225
6.000854 -8.842965
4.963715 -6.722827
4.937881 -6.787549
0.126379 -0.501722
0.723462 -0.936421
0.564808 -0.632310
6.259082 -8.796206
6.244788 -8.845122
0.104325 -1.961915
0.067426 -2.000487
2.484065 -2.674790
2.540226 -2.794234
6.246783 -9.029178
6.274214 -9.056035
6.186666 -9.075561
0.135093 -0.960032
0.197145 -1.063587
-0.110338 -1.737206
-0.178280 -1.708673
0.020884 -1.828623
-0.031963 -1.862611
4.835924 -6.805085
4.853673 -6.835804
6.518745 -9.592796
6.516562 -9.571702
2.088363 -2.330426
2.165566 -2.166037
5.078852 -7.235853
5.183306 -7.252289
5.193291 -7.080070
5.168430 -7.147356
5.094344 -7.105544
5.666453 -7.900689
5.582562 -7.826077
3.949847 -5.283278
3.971068 -5.157663
3.965952 -5.230831
0.086487 -1.476736
-0.012874 -1.503317
4.129410 -5.253712
4.091071 -5.366106
2.736364 -3.280972
2.698150 -3.130236
5.638301 -8.042457
5.641636 -7.930898
0.114814 -1.931324
0.023539 -1.983379
0.044796 -2.005956
2.916551 -3.320576
2.912465 -3.323479
3.843647 -5.132980
4.104302 -4.894676
3.885350 -5.046619
5.407953 -7.911501
5.390616 -7.779972
5.829194 -8.041395
5.760460 -7.945505
5.801973 -7.987055
5.907685 -8.307768
5.995307 -8.251032
-0.069918 -0.843473
-0.058424 -0.811556
6.213173 -8.921193
6.197406 -8.918155
4.961768 -6.895478
4.926869 -6.876756
5.048424 -6.855915
4.878193 -6.742558
4.898787 -6.698528
4.783157 -6.802085
3.583819 -4.485190
3.674100 -4.428349
3.084551 -3.613205
3.102651 -3.740680
1.047860 -0.828142
1.255675 -0.854465
0.199684 -1.578411
0.186870 -1.442816
0.189334 -1.534898
4.374613 -5.817790
4.418569 -5.860265
4.382619 -5.851240
0.107543 -1.819340
0.106427 -1.850083
5.832959 -8.358177
5.691896 -8.379142
6.390287 -9.088055
6.460247 -9.131624
3.758746 -4.695155
3.827106 -4.804244
-0.177290 -1.358140
-0.161681 -1.360426
0.106301 -1.327473
-0.026148 -1.289816
4.779948 -6.641647
4.789855 -6.571765
3.192665 -3.812935
3.115934 -3.829812
3.107881 -3.750159
4.890561 -6.495528
4.818882 -6.496771
0.226026 -1.478839
0.145033 -1.478309
6.135231 -8.449952
6.131262 -8.430553
4.975206 -7.035834
4.951364 -7.062030
5.817498 -8.146894
5.796885 -8.118611
5.737601 -8.203158
4.650495 -6.368841
4.714471 -6.350759
1.702746 -1.617030
1.689514 -1.675730
1.903087 -1.532920
4.464879 -6.179137
4.502142 -6.122432
4.519627 -6.104198
6.605762 -9.355845
6.612023 -9.437631
6.666452 -9.739431
6.754642 -9.664338
6.655280 -9.634875
6.840552 -9.867346
6.662096 -10.003770
5.859767 -8.637767
5.885380 -8.619484
2.862653 -3.406430
2.769727 -3.434474
4.957069 -7.074318
5.047000 -7.107532
4.865982 -6.664858
4.811958 -6.578406
4.790436 -6.403409
4.855680 -6.407520
4.791826 -6.479246
3.776190 -4.641901
3.685660 -4.553957
4.991314 -6.710866
4.986879 -6.776935
4.953269 -6.714623
0.234541 -1.616395
0.152110 -1.708430
2.907927 -3.487870
2.904114 -3.450258
5.301424 -7.391222
5.321377 -7.309047
5.044951 -6.980644
5.061413 -6.903710
4.703204 -6.322601
4.746695 -6.283484
4.747465 -6.318726
6.097650 -8.562936
6.130832 -8.620238
6.107390 -8.689611
0.047430 -1.943657
0.043130 -1.969216
5.724019 -8.326697
5.736508 -8.371199
3.555516 -4.337347
3.630308 -4.336573
0.082053 -1.775609
0.109699 -1.797875
0.072709 -1.771060
0.232505 -1.389768
0.245202 -1.345105
3.236182 -3.855258
3.249751 -3.751587
1.146133 -0.413383
1.205626 -0.143665
5.328430 -7.160984
5.276548 -7.166774
4.795912 -6.809000
4.991338 -6.709774
-0.035364 -2.033755
0.009567 -2.009924
3.892414 -5.067077
3.948640 -5.091411
0.850899 -0.449607
0.764236 -0.205826
6.024841 -8.538508
6.024516 -8.397190
4.592881 -6.068414
4.586023 -6.054696
5.421618 -7.656155
5.430710 -7.632511
5.383631 -7.673285
6.240453 -8.900137
6.291001 -8.988856
3.848762 -4.690268
3.903112 -4.708180
3.896027 -4.763842
4.215464 -5.622729
4.271474 -5.642884
4.196208 -5.717886
3.624416 -4.456116
3.591089 -4.495420
4.073651 -5.431853
4.047994 -5.417968
5.243876 -7.289704
5.331921 -7.276288
5.255585 -7.269776
4.452963 -5.938011
4.532187 -5.961452
5.680924 -7.990570
5.549140 -7.963695
4.378312 -5.976865
4.418457 -5.945430
4.321054 -5.939744
0.716596 -0.315017
0.444401 -0.296092
4.719368 -6.509318
4.649300 -6.498912
3.633763 -5.122733
3.743277 -5.061990
5.974935 -8.518396
5.995184 -8.487867
0.129436 -1.654253
0.191836 -1.641826
4.269761 -5.604277
4.175048 -5.489422
6.872371 -9.999418
6.742157 -9.975948
5.808965 -8.120953
5.776152 -8.180340
5.759152 -8.180907
4.315485 -5.874333
4.389185 -5.845562
2.560904 -2.542558
2.512630 -2.515007
6.295864 -9.135355
6.170485 -9.119106
0.770488 -0.203627
0.877270 -0.261903
0.024318 -1.283486
0.075984 -1.358476
5.243154 -7.340066
5.278141 -7.457379
1.352001 -0.692184
1.289367 -0.696980
2.700613 -2.935405
2.616481 -2.952342
5.519496 -7.848591
5.514087 -7.784400
0.075757 -1.891277
0.083875 -1.763368
6.067937 -8.652068
6.060856 -8.636016
6.783875 -9.615526
6.748199 -9.707747
-0.110280 -1.842013
-0.112917 -1.887352
6.603388 -9.386549
6.319688 -9.364425
3.092841 -3.801126
3.209699 -3.839682
5.517477 -7.609212
5.480125 -7.487253
2.578718 -2.582308
2.368483 -2.365105
0.544143 -0.377898
0.497200 -0.498950
5.359575 -7.532126
5.246909 -7.543391
2.603496 -3.051026
2.599971 -3.080540
5.084255 -7.265956
5.077667 -7.199764
5.289476 -7.509628
5.300781 -7.557083
-0.170650 -1.480921
-0.164909 -1.524414
6.566954 -9.509152
6.571081 -9.586656
6.524662 -9.359828
6.595491 -9.419067
0.062666 -1.301078
-0.020049 -1.391075
0.182014 -2.008166
0.267745 -1.776759
6.686153 -9.732038
6.741345 -9.757135
2.656785 -3.002376
2.628986 -3.088666
1.047265 -0.929206
1.151593 -0.979778
5.249695 -6.898634
5.202661 -6.760774
2.694751 -2.708412
2.672671 -2.903711
5.057856 -7.016439
5.016326 -7.148394
3.342484 -4.148612
3.298909 -4.167529
0.118466 -1.938591
0.025912 -1.958535
4.868983 -6.479653
4.896811 -6.484168
5.434465 -7.644020
5.494907 -7.652493
4.112606 -5.008377
4.127991 -5.139573
3.986713 -5.122631
4.012764 -5.052658
5.151836 -6.827207
5.353834 -6.750504
4.622270 -6.433647
4.662633 -6.378811
4.366883 -5.938053
4.404616 -6.054232
3.495234 -4.520926
3.467690 -4.521247
0.339719 -1.130684
0.537112 -1.687162
4.244322 -5.408093
4.288818 -5.335020
6.715944 -9.814611
6.815672 -10.061665
1.316476 -0.841589
3.912247 -4.863145
3.831950 -4.969460
4.057323 -5.465575
4.049273 -5.469625
1.229508 -0.625253
1.141487 -0.666047
4.555925 -6.302859
4.561436 -6.270811
2.397714 -2.376194
2.399790 -2.465396
-0.000618 -1.867805
-0.003029 -1.806031
5.317320 -7.298214
5.228708 -7.239245
-0.126525 -1.283306
-0.145568 -1.332809
6.086471 -8.421435
6.063913 -8.421373
6.066967 -8.698029
6.125427 -8.683924
6.470105 -9.327916
6.509688 -9.444384
3.564867 -4.427469
3.626098 -4.442444
5.375388 -7.321598
5.213250 -7.504567
5.905149 -8.610280
5.867242 -8.635543
3.640650 -4.683914
3.625535 -4.684535
6.276957 -8.757624
6.198686 -8.716846
6.308499 -9.036086
6.383155 -9.103454
2.827217 -3.190478
2.886658 -3.149906
4.989659 -6.776784
4.964771 -6.786668
-0.045346 -1.013228
-0.165312 -0.854859
5.197471 -7.055775
5.147460 -7.137863
2.794404 -2.912820
2.883790 -2.807080
3.517229 -3.668012
3.424120 -3.625267
-0.066758 -1.688793
-0.140080 -1.588837
6.135450 -8.962499
6.072325 -9.126033
4.280303 -5.381440
4.290985 -5.436647
2.398760 -2.468082
2.352821 -2.360696
5.778510 -8.045466
5.789368 -7.969991
0.219450 -1.238168
0.162987 -1.125278
3.083220 -3.509004
3.100816 -3.541281
6.363007 -8.950186
6.506490 -8.963163
0.356988 -2.028646
0.204735 -1.857813
6.354200 -9.346912
6.455004 -9.464327
-0.090235 -2.560935
0.039709 -2.468714
2.679142 -2.931850
3.455812 -3.963118
3.483527 -4.040697
6.362902 -9.195315
6.337947 -9.236480
0.224919 -1.665298
3.370606 -4.256150
3.483812 -4.232115
0.097406 -1.624922
4.736818 -6.133514
4.668057 -6.201458
5.504545 -7.903607
5.431139 -7.827472
0.055240 -2.440400
0.041222 -2.553856
3.427307 -4.186654
3.443462 -4.074028
4.085937 -5.290043
3.250231 -3.906129
3.354541 -3.955981
3.918625 -5.205535
3.897026 -5.250216
0.202648 -1.207349
0.191296 -1.145450
5.680535 -7.660383
5.654210 -7.645341
3.477875 -4.300773
3.412224 -4.337603
3.410736 -4.001615
0.052725 -1.809104
6.546792 -9.388741
2.316245 -2.651049
2.341021 -2.578966
6.740032 -9.750232
6.697795 -9.768320
1.689513 -1.525449
1.764230 -1.551262
2.753624 -3.187389
2.778355 -3.283332
4.439388 -5.672449
4.310056 -5.740634
5.875992 -8.335800
5.950802 -8.364985
4.899279 -6.787086
-0.118906 -1.282208
-0.048410 -1.354921
4.177385 -5.594665
4.197087 -5.544053
0.141685 -1.603304
0.140270 -1.655427
6.441634 -9.190685
6.429840 -9.255193
2.490757 -2.566419
2.586150 -2.580297
0.156187 -1.267986
0.144788 -1.133415
0.110790 -1.319134
-0.004947 -1.369356
6.610683 -9.224020
2.699033 -2.769401
2.676207 -2.666548
0.054192 -1.996658
-0.008915 -1.998657
2.479024 -2.512215
2.559978 -2.627850
5.989029 -8.459016
-0.063689 -2.262297
-0.153829 -2.080726
5.680307 -7.979992
2.298943 -2.661476
4.802946 -6.772933
4.770787 -6.707199
-0.019588 -1.499685
0.031263 -1.543323
0.182900 -1.332121
2.579838 -2.790586
2.441725 -2.805888
-0.101700 -2.357716
0.086403 -2.659176
3.070876 -3.690391
3.181532 -3.699190
5.580413 -7.903534
5.559621 -7.846894
2.577294 -2.713155
2.590537 -2.712395
6.101306 -8.886323
6.103430 -8.884287
0.209110 -1.434830
0.223313 -1.759893
0.135834 -1.744942
2.547020 -2.898784
2.550589 -2.866020
5.132823 -7.204701
5.597744 -8.210908
4.548966 -6.260968
4.601058 -6.288279
6.445409 -9.020809
6.433129 -9.121784
0.056330 -1.427695
0.090278 -1.287505
3.530174 -4.530147
3.615040 -4.673134
6.487707 -9.330025
-0.136343 -1.485502
-0.094204 -1.568071
5.885970 -8.630203
5.882485 -8.570785
2.494554 -2.844717
2.443607 -2.853311
0.191183 -1.280832
0.132626 -1.312429
0.260594 -1.454059
0.133341 -1.538637
4.744996 -6.240237
4.554595 -6.155883
0.081715 -2.409981
6.174454 -8.699971
6.191341 -8.771662
5.138374 -7.355019
5.166022 -7.333520
0.096000 -1.872322
0.002091 -1.738116
2.918914 -3.415829
3.042833 -3.407239
6.199370 -9.043309
6.205750 -8.963522
6.213300 -8.973543
4.692639 -6.125207
4.723190 -6.095071
2.086246 -1.878198
2.128966 -1.998891
6.403339 -8.887218
6.331108 -8.911360
-0.056907 -1.804577
1.793435 -1.908980
1.817632 -1.770760
4.371896 -5.677297
4.301848 -5.638799
4.748178 -5.950586
4.493279 -5.992599
3.831471 -4.778028
3.963900 -4.828077
5.413410 -7.889782
5.470433 -7.805641
5.115781 -7.144588
2.847956 -3.101009
2.840827 -3.030394
2.371219 -2.462499
2.336095 -2.456039
0.831491 -0.587153
0.741776 -0.658334
2.364480 -2.698964
2.554784 -2.854412
0.090611 -2.037076
0.106836 -1.930075
6.561651 -9.415735
6.541770 -9.344776
5.309795 -7.033340
5.206464 -7.138893
0.613023 -0.496896
0.677403 -0.494969
5.400216 -7.798870
0.271957 -1.700373
0.234031 -1.737281
-0.189017 -1.306232
-0.082665 -1.418195
6.521502 -9.202309
6.536998 -9.259510
4.934931 -6.993557
3.309816 -3.769301
3.316949 -3.895644
0.124489 -1.193395
0.262677 -1.130063
0.156151 -0.881722
0.321572 -1.092177
4.623580 -6.630364
4.647433 -6.652210
4.006449 -5.319171
2.689081 -2.803595
6.449733 -9.012293
6.087257 -8.728535
6.092901 -8.711947
4.222163 -5.751650
4.247179 -5.757232
3.343608 -3.878442
3.241009 -3.781766
6.746993 -9.780523
5.951510 -8.369327
4.684226 -6.332645
6.076496 -8.544000
6.006863 -8.560987
3.260994 -3.842412
3.251624 -3.754717
3.698426 -4.792801
3.716743 -4.704592
0.213433 -1.833340
0.271991 -1.850219
4.910438 -6.594726
4.797846 -6.553679
0.569746 -0.294110
0.557713 -0.358371
3.539655 -4.507956
3.607274 -4.398180
6.100396 -8.496818
4.206049 -6.341980
5.066469 -6.709862
6.102633 -8.729046
6.007840 -8.826662
4.457094 -6.132753
4.502416 -6.103363
3.777167 -4.605935
5.456846 -7.610409
-0.126435 -2.497737
3.628097 -4.300704
3.623644 -4.264024
6.416152 -8.903563
6.460117 -9.114600
5.835575 -8.281229
5.813897 -8.388305
4.873028 -6.518700
3.010906 -3.562634
2.963972 -3.536632
4.596910 -5.903779
4.469140 -5.883467
4.447769 -5.910776
4.412247 -5.854553
6.365189 -9.289106
6.336011 -9.257565
5.232881 -7.444683
5.374798 -7.315979
4.553015 -6.170642
4.578598 -6.161610
4.357838 -6.067700
4.334002 -5.976220
4.924892 -7.012605
6.855837 -9.865520
5.323117 -7.188889
5.236138 -7.254390
2.313988 -2.394505
5.426683 -7.748152
5.511247 -7.646193
2.421200 -2.550045
3.225682 -4.221488
6.536172 -9.412384
6.487185 -9.447592
5.197888 -7.423116
5.072650 -7.411142
5.792328 -8.207496
3.072732 -3.432465
3.065150 -3.284985
5.985386 -8.606652
5.917998 -8.651817
0.095438 -1.391815
0.013031 -1.346830
-0.005260 -1.415652
0.206069 -1.246508
0.270821 -1.206532
4.568441 -6.047627
4.580972 -5.931468
5.711334 -8.237104
0.055843 -1.983580
0.001017 -1.899000
3.947897 -4.812790
3.937963 -4.815610
5.007221 -7.039385
5.056035 -7.125409
3.786645 -4.904630
-0.031072 -1.284469
-0.034108 -1.402233
6.157535 -8.768940
5.508083 -7.594397
0.084076 -1.296003
0.078503 -1.417948
3.363607 -4.118631
3.310692 -4.108248
2.993476 -3.253524
-0.180616 -1.722339
-0.039200 -1.601894
-0.123319 -2.362603
0.114297 -2.442399
3.617074 -4.805628
2.842501 -2.976273
2.873240 -3.067380
-0.043487 -1.356273
5.742517 -8.126859
5.757250 -8.199990
4.241973 -5.835330
-0.033867 -1.342190
0.059513 -1.398020
3.756893 -4.867630
3.728128 -4.931649
3.785956 -4.380242
3.789088 -4.394559
1.730526 -2.024382
5.371586 -7.464977
-0.103269 -1.405826
-0.082135 -1.368256
4.036863 -5.460990
4.048726 -5.505027
-0.074513 -1.485597
-0.165199 -1.536026
0.111883 -1.422530
0.033365 -1.292171
5.859742 -8.168853
5.947489 -8.169385
2.590916 -2.639550
2.443463 -2.558244
6.337946 -9.344907
0.213411 -1.778239
0.216407 -1.805741
5.823431 -7.930296
5.838240 -7.961957
6.587900 -9.283130
2.567432 -2.582725
5.549533 -7.937438
5.608598 -7.946968
3.766965 -4.727570
3.802842 -4.805649
3.835573 -5.109043
3.852485 -5.047487
2.385819 -2.843988
5.164528 -7.353869
5.075248 -7.403454
6.517773 -9.359675
6.570499 -9.410613
5.295033 -7.592855
0.112725 -1.279199
0.065501 -1.416698
0.173794 -1.545197
5.531898 -7.356873
5.484027 -7.607182
4.529532 -6.263506
4.532399 -6.257044
6.426471 -8.923914
6.350048 -8.855571
3.408970 -4.131182
0.036429 -1.354166
4.071581 -5.020457
3.990998 -5.062592
2.570657 -2.914829
5.839724 -8.053642
5.714438 -7.931721
0.098435 -1.129921
2.202690 -2.300090
4.982993 -7.011367
2.253915 -2.207712
2.192651 -2.227561
3.365155 -3.985965
3.362410 -3.991557
4.266086 -5.359903
0.076138 -1.939505
0.106404 -1.199149
-0.030099 -1.242784
4.658727 -6.580192
4.681169 -6.604239
3.107721 -3.892010
6.480697 -9.413302
6.546668 -9.433659
2.720154 -2.896060
2.615390 -2.907257
6.897797 -9.689332
4.192155 -5.483900
4.208663 -5.581866
2.362831 -2.665182
2.830747 -3.313056
3.854569 -4.873312
5.335441 -7.158688
2.476617 -2.870891
6.745762 -9.773645
6.711653 -9.738791
4.981861 -6.633737
4.818905 -6.397871
2.859853 -3.425424
2.759055 -3.339668
-0.035208 -1.332505
0.146361 -1.625474
4.967134 -6.973819
3.114111 -3.625692
5.547496 -7.691318
5.577931 -7.769070
0.070119 -1.969641
0.048245 -2.010494
4.947944 -6.495729
4.798593 -6.430159
3.820678 -4.391548
3.718176 -4.477300
3.191321 -4.046975
3.142725 -3.967309
4.870212 -6.615171
0.066109 -1.372115
6.209397 -8.953156
6.168406 -8.907904
-0.004190 -1.235441
-0.026279 -2.480931
4.185831 -5.336321
4.144524 -5.349524
0.067996 -1.374876
2.216576 -2.307557
2.134135 -2.314116
1.106786 -0.953500
2.701469 -3.036117
6.412758 -9.366089
3.888392 -4.985926
4.678592 -6.447438
3.102629 -3.500072
0.091334 -1.290437
0.013010 -1.385045
6.443264 -9.156690
6.460572 -9.109036
4.074256 -5.721998
4.063463 -5.607638
3.021626 -3.721813
3.121433 -3.811951
3.716988 -3.962240
3.361856 -3.831969
4.198927 -5.782063
4.677295 -6.277276
4.684176 -6.362656
6.515762 -9.506337
4.674284 -6.383845
4.740890 -6.422443
4.481716 -5.762801
0.113260 -1.974422
-0.020382 -1.896428
4.708338 -6.539355
4.661134 -6.569750
5.263920 -7.346797
5.280121 -7.418979
3.506529 -4.236376
3.490477 -4.287516
2.322578 -2.156789
2.437402 -2.083073
-0.147078 -1.325413
-0.075777 -1.329062
0.216475 -1.715498
6.582930 -9.329005
4.756515 -6.104795
4.485749 -5.839448
5.068019 -6.701329
3.058357 -3.683181
3.211815 -3.597855
3.394383 -4.038873
5.880877 -8.356877
7.122293 -10.294816
3.551759 -4.220603
3.627523 -4.248571
3.309045 -4.455552
5.106314 -6.849522
3.987148 -5.221138
4.097693 -5.264934
0.049900 -1.933778
5.139884 -7.216071
-0.116636 -1.881616
4.547507 -5.986575
2.920961 -3.670804
6.693698 -9.583717
5.983521 -8.424470
5.884480 -8.402624
3.861712 -5.251630
4.008662 -5.171944
3.828505 -4.553003
0.762818 -0.377090
3.800396 -5.034781
6.637652 -9.517101
6.696557 -9.556083
5.880893 -8.402755
5.883491 -8.413920
5.990630 -8.097849
3.644141 -4.794779
5.216747 -7.048695
5.217372 -7.089005
6.408589 -9.268004
5.543468 -7.890285
0.384320 -1.948101
4.422463 -5.573148
4.362751 -5.554812
6.197370 -8.971648
4.873473 -6.419200
4.836841 -6.526064
0.139742 -1.884576
-0.022257 -1.976085
0.025367 -2.013828
5.722487 -8.306252
6.539004 -9.187963
-0.067327 -1.906174
-0.144347 -1.976201
-0.102011 -1.915584
0.077633 -1.124467
3.789394 -4.407484
5.219655 -7.771384
5.358788 -7.828723
-0.080563 -1.661050
6.654790 -9.565230
6.711456 -9.590227
6.340664 -9.121525
6.599581 -9.027536
6.544503 -9.369345
-0.041205 -2.036286
6.231765 -10.347011
6.435628 -10.216922
1.014745 -0.241261
2.857056 -3.226680
-0.132027 -2.022538
6.636089 -9.505990
6.680069 -9.550631
0.148705 -1.154427
0.206254 -1.163612
3.005294 -3.327050
6.207399 -9.072322
-0.154643 -1.531278
-0.064819 -1.474323
5.493238 -7.715248
3.845725 -5.382959
4.280056 -5.242001
-0.132956 -2.017059
-0.074106 -1.917647
0.026033 -2.417944
-0.055204 -2.548122
3.361220 -3.850949
4.117556 -5.143034
4.088008 -5.291431
6.545070 -9.333883
-0.019619 -2.003820
0.026829 -2.037349
4.281682 -5.692327
4.193455 -5.650614
-0.131460 -1.999914
-0.069855 -2.012341
0.017373 -1.699269
0.001250 -1.259313
0.037316 -1.185346
4.340040 -5.999404
3.392899 -4.437113
3.530329 -4.416960
3.448991 -4.421435
0.000284 -1.522853
6.742554 -9.542100
4.577250 -6.340947
4.576374 -6.291512
0.185810 -1.406074
0.202426 -1.353688
6.732901 -9.617126
6.724175 -9.500766
6.022918 -8.477434
6.043024 -8.390278
6.074142 -8.453574
5.597904 -8.061229
-0.110998 -2.021533
0.135182 -1.548042
6.016113 -9.006060
6.044264 -8.597679
6.121970 -8.650993
2.222945 -2.274379
3.407813 -4.063381
5.068131 -6.941289
6.587772 -9.464520
-0.145297 -1.988714
5.642307 -7.656076
3.040066 -3.241247
0.202710 -1.257186
3.534955 -4.714834
5.586528 -7.910361
5.595691 -7.784094
4.326326 -5.679102
3.186120 -3.644112
3.208068 -3.618709
6.620019 -9.544935
0.045366 -1.984937
3.670922 -4.635054
3.559451 -4.576150
-0.040352 -1.274939
3.076236 -3.760775
-0.155768 -2.013013
0.162838 -1.734185
4.141315 -5.860391
5.945557 -8.205552
5.915127 -8.142501
3.359587 -4.051603
0.176277 -1.400094
5.972023 -7.996482
-0.008255 -1.196718
6.057365 -8.705723
6.089578 -8.723644
5.118554 -7.344634
6.590708 -9.328913
5.732142 -8.462880
6.227625 -8.852537
5.363533 -7.679897
5.911638 -8.563945
-0.156294 -2.003325
5.407832 -7.924342
4.813525 -6.965586
4.909535 -6.782948
6.675287 -9.684393
6.706297 -9.683990
5.850199 -8.677932
3.009547 -3.464744
0.100515 -2.591555
-0.027070 -1.909974
0.091029 -1.957597
1.112044 -1.057312
3.631549 -4.565055
3.526024 -4.653022
-0.158488 -2.005083
3.698041 -4.815947
6.730013 -9.603118
2.779497 -3.050770
6.402810 -9.110970
6.451699 -9.033598
5.112942 -7.295500
5.136234 -7.271002
2.495964 -2.706816
4.081231 -5.402650
5.679549 -8.081447
3.119531 -4.004110
1.242912 -0.741788
4.205060 -5.411257
2.548031 -2.897770
6.872860 -8.870478
2.713447 -3.212134
4.448995 -5.902588
2.680480 -3.098326
2.940833 -3.310616
3.002026 -3.356012
0.051342 -1.768764
3.740447 -4.675890
2.611221 -2.750513
6.507477 -9.211346
-0.127049 -1.973237
-0.133688 -1.920396
3.980239 -4.839011
4.763597 -6.476470
2.321448 -2.508870
4.881352 -6.738658
0.272667 -1.801696
3.634637 -4.272292
3.894831 -5.153219
3.819596 -5.078680
6.457610 -9.358358
3.187065 -3.558835
3.083639 -3.665007
0.460990 -0.416810
3.217832 -3.719918
2.673076 -2.763902
5.353234 -7.733884
5.221871 -7.407456
6.480656 -9.323273
3.925962 -5.171510
0.040698 -2.063408
0.092736 -2.160747
3.400626 -4.113568
0.072708 -1.934621
5.231804 -7.158011
-0.055346 -1.640067
0.023758 -2.068728
6.376926 -9.277826
2.338679 -2.102598
2.520173 -2.066002
5.412194 -7.541920
6.602577 -9.564074
-0.118288 -1.427415
-0.186273 -1.308575
2.260088 -2.315886
3.907495 -4.993076
3.951780 -5.006605
7.165269 -9.917365
-0.157528 -1.971841
-0.118542 -1.478719
5.703828 -8.187270
0.020136 -1.234327
0.569271 -0.517710
0.686550 -0.569351
3.875439 -4.733760
0.010993 -2.065756
2.437410 -2.411526
5.724828 -8.538748
3.237084 -3.819839
0.162669 -1.468974
0.080345 -1.378535
3.209447 -3.685076
5.038896 -6.670178
6.407303 -9.000069
6.452059 -8.933192
2.383840 -2.605757
4.807480 -6.618619
4.656845 -6.327474
3.620236 -4.480617
2.551218 -2.647768
2.520301 -2.638396
5.522045 -7.428350
4.629381 -6.176458
3.270953 -3.947313
6.232737 -9.050111
5.674538 -7.740530
5.640710 -7.749357
-0.169609 -0.657534
0.299070 0.491772
0.273014 0.390334
3.080281 -3.595096
-0.001690 -2.153520
-0.171086 -1.184935
-0.111545 -1.174283
-0.134172 -1.233264
0.118330 -2.094348
4.671466 -6.573300
4.112669 -5.414762
4.022117 -5.430639
6.317807 -9.269377
6.308888 -9.171321
-0.117203 -1.194468
5.528625 -7.717776
0.091880 -1.915945
4.954645 -6.927015
6.753427 -9.577223
2.947493 -3.425023
5.426189 -7.870480
0.096260 -2.048244
-0.022677 -2.136146
3.426515 -4.343967
3.462827 -4.342419
-0.155536 -1.144830
4.177725 -5.642225
3.415063 -4.154478
3.088547 -3.644956
6.189365 -8.633812
5.492751 -7.447904
5.745904 -8.003966
-0.170995 -2.470048
6.475691 -9.440648
5.230906 -7.391604
4.472233 -5.822632
4.473395 -5.768437
5.503710 -7.546715
5.605727 -8.138967
-0.108245 -1.879845
5.966225 -8.263940
4.316245 -6.099297
3.128404 -3.817152
4.289992 -5.802264
2.514830 -2.965749
2.734550 -2.910808
-0.078329 -1.394233
-0.002780 -2.137432
3.367043 -3.736373
3.252145 -3.709217
0.124901 -1.723160
4.188757 -6.121865
4.366951 -5.834261
4.444520 -5.996390
4.853294 -6.985592
6.335905 -9.080559
0.051652 -2.064852
5.373577 -7.594615
5.694490 -8.256934
4.577343 -6.055045
4.547685 -5.934843
6.593695 -9.211500
4.453425 -6.214820
3.102955 -3.483714
0.001588 -1.118662
-0.040413 -1.095984
3.289220 -4.168353
4.814417 -6.852787
4.931585 -7.105010
3.908317 -5.001684
-0.094195 -1.254248
2.347887 -2.617305
2.908318 -3.148006
0.039936 -2.191756
5.422834 -7.787745
6.420292 -9.395552
5.028784 -6.642870
4.096272 -5.124293
3.877112 -4.936316
5.210564 -7.035249
2.874902 -3.231176
-0.083891 -1.912634
5.070114 -7.087901
3.357118 -3.813030
2.586037 -2.574708
4.283560 -5.204680
3.069349 -3.594537
0.079795 -1.265856
0.068716 -1.952392
0.077597 -1.955000
0.076636 -1.921621
5.336500 -7.689585
0.225587 -1.819501
6.731640 -9.723811
3.423791 -4.066708
5.980094 -8.320562
7.046684 -9.893582
2.460721 -2.859519
5.938843 -8.133122
5.855195 -8.219909
2.613577 -2.699842
3.704572 -4.895681
-0.099809 -1.209449
4.578031 -5.882900
3.254148 -3.989627
6.158150 -8.686215
2.464892 -2.804303
4.625176 -6.608094
4.360708 -5.452463
5.126247 -6.992842
5.161453 -6.919195
5.949945 -8.449534
1.693205 -1.572948
0.015852 -2.582118
6.106112 -8.677443
0.006211 -2.189768
4.998220 -6.701266
4.761008 -7.004272
2.179521 -2.264332
6.344672 -9.415129
2.873097 -3.321749
5.133968 -7.356549
4.720683 -6.123326
6.123957 -8.523034
6.207981 -8.728871
4.407090 -6.000731
2.389450 -2.729045
3.529231 -4.479612
4.243283 -5.452751
2.715812 -3.257216
-0.146501 -1.337503
3.380876 -4.010699
5.495640 -7.963170
-0.079972 -1.713690
-0.102607 -1.207159
3.349200 -3.757339
6.859936 -9.613004
3.540861 -4.085413
-0.100513 -1.060241
0.141559 -1.617292
3.046755 -3.503683
1.436620 -1.263251
5.313377 -7.745564
3.742676 -4.482040
6.311787 -9.203651
-0.109585 -1.485238
-0.136311 -1.455003
4.298472 -5.577976
4.317322 -5.550842
1.880563 -1.872243
6.613399 -9.419095
5.340787 -7.208977
0.726437 -0.309403
6.618985 -9.549432
2.770588 -3.271773
3.240798 -3.798107
4.246769 -5.368297
2.670492 -3.084775
0.058128 -2.159065
3.015420 -3.315088
5.745971 -8.369653
6.765931 -9.482445
4.080617 -5.603953
6.044935 -8.842234
0.260596 -1.205558
3.306270 -4.283431
3.360084 -4.233054
3.425171 -4.102378
5.312460 -7.569053
6.655729 -9.516944
0.085510 -1.964066
-0.175247 -1.262867
4.335161 -5.726228
1.599771 -1.194710
6.115902 -8.772759
4.530655 -6.227654
4.494628 -6.334210
6.658363 -9.574454
3.079068 -3.684627
3.790171 -4.752961
6.114954 -8.923498
6.537543 -9.545226
5.572641 -8.031372
2.639985 -2.719070
6.586299 -9.252899
2.983254 -3.171220
3.316803 -3.983177
6.136890 -9.147572
2.597309 -3.181483
5.381624 -7.322269
0.251087 -1.190768
0.067472 -0.693247
6.731346 -9.541026
-0.042005 -2.002947
0.176683 -1.439005
3.694964 -4.638062
4.731269 -6.492193
6.403346 -8.906525
4.140564 -5.172907
3.937978 -5.308692
4.997506 -6.786705
6.341754 -9.406423
0.070657 -2.102120
-0.162881 -1.230539
6.048517 -8.988088
2.142260 -2.117877
2.948997 -3.436597
-0.117529 -1.418715
0.112489 -1.242236
2.941601 -3.366098
0.194900 -1.027789
3.236960 -4.291627
5.768650 -8.165812
3.648563 -4.508789
0.150668 -1.376730
0.043679 -1.146265
2.962057 -3.386829
6.661945 -9.533067
0.070340 -1.448752
5.981600 -8.650515
3.574085 -4.400917
3.025100 -3.330055
6.353646 -9.385620
3.655995 -4.225250
4.257737 -5.554972
6.736134 -9.611293
5.782673 -7.616982
2.205062 -2.186620
0.083889 -1.174476
2.180876 -2.238516
-0.165967 -2.221165
0.197959 -1.006798
0.050488 -1.250915
5.649568 -8.042907
0.205437 -1.617204
1.263110 -1.627599
0.080811 -1.893292
5.673193 -7.684322
-0.053492 -1.112752
-0.180527 -1.162012
6.625597 -9.724807
5.383222 -7.319830
4.978161 -7.256885
0.200724 -1.815782
0.071096 -1.207675
-0.001117 -2.116747
0.236305 -1.551542
6.760275 -9.608170
0.093180 -2.115738
2.704059 -3.190055
3.473179 -4.069467
2.837262 -3.179841
5.149886 -7.134135
2.960755 -3.294308
5.596455 -7.803974
5.840193 -8.550658
4.156011 -5.216627
3.484599 -4.437202
6.172693 -8.553014
3.703433 -4.463971
3.372204 -4.217782
6.536280 -9.393638
4.505011 -6.106597
0.473830 -0.129036
3.275153 -4.048121
4.465609 -6.258187
1.211066 -0.305208
6.488644 -9.280720
3.597621 -4.572145
0.116142 -1.715121
0.055848 -1.326712
5.771485 -8.420070
2.876266 -3.076304
5.816483 -7.845760
2.346572 -2.728173
5.847044 -8.106853
6.766953 -9.506578
2.838973 -2.985791
-0.006551 -2.358861
2.941704 -3.584129
-0.139363 -1.716663
3.191339 -3.904538
-0.038999 -1.297982
-0.105404 -1.569979
6.633008 -9.512141
4.574250 -5.914819
4.405208 -5.672390
0.037024 -1.246120
6.336868 -9.196050
4.920063 -7.184211
6.655405 -9.726933
-0.037572 -1.249485
3.170561 -3.633482
4.993893 -6.600916
4.277426 -5.828838
0.396458 -0.838589
0.162023 -1.943306
3.099777 -3.492306
5.719071 -7.824926
0.060888 -1.619313
0.076524 -1.600906
0.368983 -0.273839
0.054117 -1.594528
3.567205 -4.449961
3.966173 -5.181683
0.042966 -1.652959
-0.017731 -2.063124
0.108750 -1.590473
0.204472 -1.910099
3.181412 -3.818267
3.333799 -3.784954
0.971714 -0.628923
-0.003805 -1.594671
0.020391 -1.608784
1.131476 -1.057875
0.039727 -1.651434
-0.007590 -1.656395
0.044502 -1.637854
-0.019331 -1.603077
6.649820 -9.697191
0.022624 -1.651339
-0.047793 -1.610792
-0.109592 -1.540676
0.069533 -1.934071
-0.067936 -1.525794
-0.044891 -1.608811
-0.038365 -1.648711
-0.048127 -1.794283
-0.045018 -1.621035
-0.080180 -1.535511
5.124776 -7.458080
-0.057340 -1.519307
0.038842 -1.611182
-0.055561 -1.631988
6.672814 -9.555552
0.009174 -1.613289
0.062314 -1.632361
5.037982 -6.576718
2.939396 -3.657559
-0.103852 -1.602247
1.225427 -0.269050
6.433168 -9.445068
-0.075160 -1.570427
-0.059271 -1.640466
-0.069778 -1.510995
0.057357 -1.636004
-0.002777 -2.061602
6.276307 -8.779428
0.019837 -1.602103
3.878190 -4.888464
5.766143 -8.100254
5.085146 -7.393010
0.006581 -1.632211
-0.106486 -1.612076
0.012870 -2.433064
4.981015 -6.947862
-0.067910 -1.530238
-0.066204 -1.632611
0.095868 -1.267403
-0.090622 -1.548876
4.815251 -6.518128
5.412898 -7.839905
4.894571 -6.428172
-0.026325 -1.591508
6.125297 -8.612356
0.038660 -1.599352
0.107387 -1.218598
-0.040803 -1.595728
2.958174 -3.707653
0.196128 -1.024585
6.559024 -9.568246
0.102722 -1.619684
0.207132 -1.441048
6.646947 -9.705974
2.462348 -2.174823
-0.109820 -1.507565
-0.089907 -1.636858
3.823466 -4.721674
-0.049705 -1.507841
3.045086 -3.375542
-0.023421 -1.612916
4.989045 -7.178379
-0.026015 -1.619767
-0.011300 -1.583398
6.144487 -8.675981
3.829797 -4.206882
0.010246 -1.605359
0.008660 -1.636704
4.098350 -4.646579
0.002709 -1.626460
-0.063542 -1.649838
0.078471 -1.610619
6.579285 -9.276915
-0.093013 -1.552701
3.725665 -4.617674
-0.026643 -1.631352
-0.066766 -1.636661
5.483875 -8.215017
5.586321 -7.794463
-0.041743 -1.565862
5.855579 -8.650589
2.875538 -3.279408
6.747445 -9.773140
5.272270 -7.440916
-0.057667 -1.146958
0.104436 -1.635027
0.283688 0.432109
5.927952 -8.184471
3.934072 -5.295760
5.165822 -7.238240
-0.027252 -1.643959
2.759024 -3.485532
0.013812 -1.659001
-0.112775 -1.589795
3.833232 -4.755183
2.176490 -2.236896
4.512488 -6.382871
2.584856 -2.797806
6.767690 -9.753562
6.749408 -9.512099
4.812088 -6.762911
-0.072386 -1.514724
6.640481 -9.563916
-0.108444 -1.596743
-0.097243 -1.569925
5.644784 -7.743119
2.020756 -1.895203
5.676425 -8.234278
-0.033009 -1.612008
4.863340 -6.952523
0.167745 -1.309241
6.233189 -9.163314
-0.011337 -1.648752
4.850537 -6.315360
6.202158 -9.132222
2.976687 -3.517842
-0.295221 -1.244430
4.904408 -6.891805
-0.078857 -1.626004
0.098464 -1.634217
0.007968 -1.526960
-0.012927 -1.527327
2.194376 -2.068748
0.014771 -1.508481
2.140009 -2.468421
-0.004746 -1.507030
5.466525 -8.069416
5.886623 -8.509944
-0.049385 -1.583134
-0.102167 -1.542167
0.076484 -1.724086
-0.033117 -1.518800
0.026688 -2.139740
3.964951 -5.407184
0.116295 -1.735214
0.002771 -1.577160
5.374432 -7.203526
3.356463 -3.691013
6.155114 -8.944145
0.051528 -1.710509
0.035755 -1.810823
3.272472 -4.032320
-0.019792 -1.512319
2.655829 -2.807189
0.049316 -1.681778
6.670715 -9.730007
3.449055 -4.092887
0.089002 -1.242469
2.813493 -3.345854
-0.019267 -1.009303
3.533881 -4.714517
6.625849 -9.616169
-0.027592 -1.544504
6.390352 -9.006402
0.027859 -1.517067
0.040816 -1.556380
0.069645 -1.727547
6.189123 -9.298108
4.476944 -6.447493
3.544019 -4.219393
-0.092828 -1.652390
-0.065644 -1.508335
0.011014 -1.658629
0.043728 -1.523323
-0.008628 -1.537284
-0.323878 -1.473757
0.084717 -1.644952
0.862167 -0.024831
0.083494 -1.577153
-0.071908 -1.508945
0.110910 -1.573819
-0.001583 -1.571766
0.644003 -0.075231
6.022500 -8.511165
-0.018926 -1.531144
2.840420 -3.229424
0.051236 -1.579763
-0.035918 -1.542747
0.058310 -1.535462
5.896992 -8.348173
5.952537 -8.485754
0.041545 -1.599022
0.098750 -1.694045
4.653098 -6.402174
0.073171 -1.518613
0.016884 -1.514529
0.072981 -1.555144
0.026173 -1.573576
3.947747 -4.996067
0.030322 -1.613573
-0.039038 -1.541940
0.213876 -1.778972
5.720516 -8.077106
-0.088577 -1.587988
-0.113098 -1.493362
3.219884 -4.326658
4.585644 -5.820516
6.593604 -9.413035
-0.076405 -1.650481
2.776146 -3.217744
0.076171 -1.735400
0.076383 -1.581076
1.983681 -2.172735
3.924813 -5.185246
-0.032798 -1.572425
0.070589 -1.619123
-0.041890 -1.272074
5.388522 -7.835900
6.393137 -9.060740
2.235981 -2.493475
0.004705 -1.723356
0.038160 -1.618439
0.009312 -1.735014
6.648962 -9.684791
3.487548 -3.977476
0.106149 -1.537352
0.161056 -1.699253
-0.023969 -1.717211
0.017268 -1.683280
6.601616 -9.237960
3.535505 -4.425972
6.685704 -9.634315
0.027851 -1.692533
6.020688 -8.824011
0.636065 -0.340984
0.004794 -1.641860
0.225400 -1.915257
0.107023 -1.533678
2.890348 -3.262515
0.023898 -1.665075
0.018601 -1.513484
-0.053877 -1.527669
-0.023822 -1.571012
0.086430 -1.677491
2.206846 -2.112863
-0.084875 -1.635103
-0.015400 -1.672051
-0.126744 -1.591596
6.659789 -9.685421
5.395463 -7.696745
0.203337 -2.010712
3.046698 -3.577257
-0.101787 -1.517354
4.810453 -6.638561
0.002880 -1.666638
-0.102700 -1.623112
4.847526 -6.331647
-0.026436 -1.723996
4.642367 -6.285863
0.010567 -1.649952
6.676537 -9.738006
6.196006 -8.888332
0.106787 -1.545653
2.358527 -2.363162
-0.032925 -1.687049
0.795570 0.012947
5.745840 -8.392499
0.016645 -1.613711
3.153451 -3.516981
-0.150829 -1.358755
0.031267 -1.710375
0.112749 -1.734744
-0.101975 -1.575557
-0.102297 -1.602049
3.285162 -3.801778
-0.010921 -1.711907
4.210773 -5.759580
5.521675 -7.374418
0.091008 -2.099634
0.090232 -1.530780
6.309686 -9.183206
-0.042151 -1.573570
2.558880 -2.885895
0.031574 -1.726531
-0.030674 -1.549616
-0.103496 -1.633062
-0.024210 -1.580802
0.092432 -1.519180
6.197500 -8.678835
-0.021372 -1.625542
4.096481 -5.057949
5.437328 -7.474461
4.275592 -5.280117
2.820685 -3.186704
-0.006794 -1.642510
3.748212 -4.642621
0.438127 0.008404
0.076724 -0.979227
-0.000679 -1.685123
-0.023730 -1.703862
0.006568 -1.717024
0.438711 -0.514994
0.070408 -1.685112
0.053609 -1.597754
6.337900 -9.323365
0.015966 -1.675000
1.352993 -0.001893
6.830847 -9.837417
0.077302 -1.606753
-0.106769 -1.601390
-0.152192 -0.984849
6.886719 -9.870649
-0.032163 -1.698856
0.169554 -1.131388
-0.027883 -1.531615
1.986576 -2.168810
3.070606 -3.669058
0.027151 -1.520915
0.015505 -1.723428
2.786507 -3.371870
4.556279 -6.022041
4.430157 -5.762046
0.081779 -1.564597
6.151902 -9.284758
0.032212 -1.661054
5.367102 -7.354249
0.004586 -1.133616
6.510822 -9.581908
-0.026624 -1.628284
-0.111781 -1.671205
-0.136428 -1.214185
-0.057189 -1.660329
3.050711 -3.312639
-0.098990 -1.732687
2.695378 -3.012454
-0.147062 -0.965319
4.743504 -6.570521
0.031718 -1.597952
-0.089794 -1.695836
2.218651 -1.917121
6.301765 -8.677778
-0.072775 -1.737322
6.566579 -9.291468
0.005193 -1.733160
3.911403 -5.570511
4.516129 -6.039036
3.004017 -3.566006
5.044251 -7.174246
0.002786 -1.707683
-0.081661 -1.462120
3.677258 -4.478262
0.080336 -1.732203
4.182566 -5.514596
-0.064621 -1.684816
-0.082747 -1.718236
-0.074061 -1.448781
3.143456 -3.359833
0.001076 -1.540072
-0.100671 -1.500700
0.038522 -1.546013
3.905125 -4.831431
-0.043962 -1.522624
6.427012 -8.982112
3.421044 -4.537891
-0.078729 -1.460030
-0.107910 -1.634147
3.130234 -3.591970
0.029535 -1.669730
3.540345 -4.184853
-0.088197 -1.701029
-0.050845 -1.725703
0.574221 0.346520
-0.134506 -1.282894
0.078725 -0.868389
0.068915 -1.547468
-0.043351 -1.566877
-0.060427 -1.498708
0.924543 -0.421109
0.102793 -1.602111
-0.087163 -1.489905
3.582363 -4.286808
5.365940 -7.084628
0.075851 -0.871529
0.109687 -1.562215
-0.000103 -1.615659
2.887572 -3.531957
3.092773 -3.762130
-0.061811 -1.711028
-0.044047 -1.636436
3.131259 -3.564512
0.028868 -1.596764
3.111300 -3.510146
-0.101997 -1.464925
3.087841 -3.472978
0.040756 -1.548789
2.285773 -2.566070
-0.111281 -1.445677
3.709714 -4.868173
0.063837 -1.666747
5.350674 -7.290564
-0.105831 -1.695777
4.219546 -5.144393
-0.089920 -1.708877
0.095311 -1.273052
-0.038060 -1.554426
6.280066 -8.711635
-0.053504 -1.639319
4.726357 -6.561050
0.015610 -1.706328
2.353493 -2.422240
3.591514 -4.238447
0.012875 -1.703296
5.873913 -8.733695
-0.093392 -1.439499
5.741925 -8.418245
-0.081886 -1.531785
0.106411 -1.569356
5.938096 -8.660738
0.230795 -1.001377
0.307933 -1.316173
-0.110631 -1.453157
6.651193 -9.669105
-0.056338 -1.955513
4.317553 -5.918285
-0.001007 -1.598337
-0.009475 -2.190483
5.291208 -7.149409
3.801195 -4.787748
-0.073015 -1.790341
0.164058 -1.615408
-0.092719 -1.673234
5.379098 -8.007450
0.031052 -1.566858
-0.040032 -1.609631
0.023139 -1.645906
-0.016146 -1.554259
2.871669 -3.275730
6.418685 -9.010006
3.364243 -3.918596
-0.050284 -1.484504
-0.020633 -1.735744
0.024026 -1.687214
0.216988 -1.406003
-0.111055 -1.674110
0.232335 -1.896441
3.739273 -4.569070
-0.011983 -0.899758
5.198704 -6.885987
-0.043077 -1.487570
4.370943 -5.458828
-0.067283 -1.657246
-0.127650 -1.139584
0.081311 -1.629935
6.174353 -8.910944
2.753467 -2.984738
-0.062231 -1.726121
6.596472 -9.208328
0.118547 -1.507926
2.789725 -3.592860
-0.039301 -1.505447
1.598113 -1.389033
6.297367 -8.930809
-0.007667 -1.560698
3.079747 -3.532545
6.247310 -8.996596
2.057060 -2.141192
6.193943 -8.926126
-0.032886 -1.584560
-0.034089 -1.624971
0.004141 -1.604792
-0.002742 -1.648555
0.065995 -1.252988
-0.078782 -1.717352
-0.026623 -1.650194
2.919704 -3.572698
-0.031332 -1.684709
-0.111779 -1.650595
6.097096 -8.588963
6.202171 -8.928903
-0.006808 -1.654037
3.459257 -4.073755
6.256156 -9.143457
3.450127 -3.960305
3.556449 -4.217726
3.556468 -4.471522
-0.015444 -1.644213
0.081226 -1.415271
-0.083405 -1.444566
0.079643 -1.546087
6.287055 -8.971132
0.100393 -1.601068
-0.167688 -1.470911
0.031155 -1.625784
-0.055108 -1.711587
4.223542 -5.743643
0.050913 -1.715846
5.397511 -7.441584
-0.076857 -1.462086
1.404274 -1.309855
-0.234295 -1.467562
0.244154 -1.769340
6.253081 -8.935115
-0.084917 -1.639564
-0.005859 -1.669036
-0.098857 -1.713045
3.537095 -4.525197
0.002202 -1.510181
0.047991 -1.791496
0.092137 -1.771702
0.014950 -1.599959
0.109552 -1.769256
0.098727 -1.578121
6.609289 -9.460095
3.036679 -3.995050
-0.035216 -1.541658
6.257370 -8.748720
-0.083582 -1.475646
4.944672 -7.277236
4.580359 -5.759746
0.062486 -1.804445
0.028673 -1.610116
6.143739 -8.767664
2.331827 -2.758842
0.085372 -1.767654
4.499103 -6.524852
0.010541 -1.595704
-0.106056 -1.616769
-0.013031 -1.235871
0.109656 -1.797004
5.692898 -8.314184
4.088120 -5.729161
-0.035939 -1.662002
-0.022582 -1.482033
0.044259 -1.497737
-0.011560 -1.691517
3.802067 -4.823404
3.380696 -4.179161
-0.003945 -1.611538
3.533128 -4.441227
-0.058714 -0.857666
6.275635 -8.979455
5.731260 -8.071279
3.351151 -4.006722
2.349820 -2.816784
3.569571 -4.407979
-0.088925 -1.489462
5.147018 -7.885663
1.115431 -0.224673
0.053846 -1.806717
-0.059102 -1.536777
-0.002685 -1.735697
4.871572 -6.248514
-0.099850 -1.389836
0.077957 -1.671976
0.151607 -1.648952
5.012880 -6.738503
-0.018106 -1.476343
0.077222 -1.652187
0.002147 -1.502790
6.372153 -9.122708
0.014802 -1.470872
-0.087284 -1.448817
3.615596 -4.282909
-0.017939 -1.475949
0.003695 -1.444473
3.455871 -4.281466
4.923599 -6.642704
0.035601 -1.468194
6.149617 -8.749619
-0.040000 -1.275311
-0.026251 -1.476331
0.516249 -0.183465
-0.009979 -1.437918
6.438925 -9.199366
3.972171 -4.903399
0.084550 -1.800765
0.112792 -1.536003
3.371574 -4.045677
6.232601 -9.061535
6.339791 -9.112692
-0.019866 -1.629272
5.015419 -7.115525
3.236000 -3.867154
6.204437 -8.808905
-0.190102 -1.180568
5.951203 -8.788457
-0.031347 -1.488652
6.246509 -8.968723
-0.002455 -1.434861
-0.101779 -1.674496
-0.054984 -1.650116
0.002831 -1.711896
4.289451 -5.345981
3.670910 -4.533459
-0.057982 -1.336268
-0.080249 -1.447730
6.465351 -9.226296
-0.015519 -1.431144
0.009112 -1.627468
0.025989 -1.541619
6.171009 -8.786939
3.291086 -3.985544
3.253483 -3.831003
6.395011 -9.263305
-0.032382 -1.503969
3.402361 -4.173364
3.429043 -4.096362
0.027301 -1.579833
3.476578 -4.255363
-0.001332 -1.667347
-0.096105 -1.321377
6.162639 -9.053012
5.581650 -7.805534
4.661634 -6.420792
0.089311 -1.777043
5.923294 -8.213249
0.008401 -1.226234
0.030666 -1.675042
0.038584 -1.671888
0.021885 -1.537379
6.363355 -9.118379
-0.025399 -1.519133
0.075714 -1.452288
3.531497 -4.425202
6.379334 -9.458337
3.477595 -4.366244
0.044629 -1.486618
0.067787 -1.730938
0.052899 -1.456204
3.368308 -4.101253
-0.016681 -1.666055
0.065914 -1.450951
6.151798 -8.780800
-0.107209 -1.468266
-0.009329 -1.724937
-0.068247 -1.689979
3.612173 -4.552097
3.477862 -4.242834
0.088702 -1.624408
-0.167686 -1.972207
0.008569 -1.661012
0.060206 -1.635821
5.994814 -8.105356
0.091126 -1.536124
0.090094 -1.565872
3.129455 -3.538002
3.572207 -4.392979
6.653723 -9.710691
-0.045506 -1.583952
-0.017908 -1.660668
6.245740 -9.034728
3.239970 -3.897402
0.934755 -0.004615
-0.009411 -1.443867
0.033680 -1.747585
0.035969 -1.797593
6.079908 -8.759789
-0.001169 -1.741562
3.947771 -5.096004
-0.097712 -1.336938
0.015425 -1.740310
-0.250036 -3.947195
-0.003569 -1.782589
2.875142 -2.971019
0.067111 -1.466366
6.008125 -8.748240
5.291031 -7.430051
6.043056 -8.697321
0.023064 -1.792490
3.142064 -3.777934
3.926190 -5.286732
2.908488 -3.500846
3.131743 -3.615098
4.059307 -4.976078
6.083686 -8.425640
3.482527 -4.231680
0.005073 -1.445718
-0.013296 -1.518838
2.077407 -2.350864
-0.007994 -1.750261
0.127650 -1.560796
-0.045000 -1.428333
2.536284 -2.530896
3.888139 -5.307842
6.575572 -9.187133
4.359678 -5.734234
3.223633 -3.975874
-0.033592 -1.715603
6.307475 -9.161965
-0.007947 -1.691652
0.020991 -1.513578
0.063266 -1.748156
2.440307 -2.880382
6.104675 -8.801343
-0.031350 -1.623425
2.842240 -2.891128
0.029350 -1.763431
2.432535 -2.337708
6.085058 -8.839044
4.863460 -6.254297
3.259107 -3.927637
-0.137184 -0.824396
6.170116 -8.919621
0.003195 -1.436176
3.801552 -4.794291
3.622304 -4.444640
0.007764 -1.638990
3.732045 -4.615277
6.288983 -8.588284
4.648241 -6.039266
0.047852 -1.763122
0.115142 -2.075196
0.086691 -1.672984
0.384904 -1.006103
0.089067 -1.173214
6.051594 -8.643814
3.759614 -4.763936
3.677940 -4.660145
-0.022867 -1.480526
3.726621 -4.716407
6.018779 -8.602610
0.039008 -1.723709
0.015606 -1.758978
5.275333 -7.063726
0.095370 -1.473073
-0.018070 -1.526358
-0.012184 -1.783926
0.170057 -1.387676
1.660995 -1.118844
0.063038 -1.524414
0.094431 -1.440900
5.999817 -8.622812
-0.068918 -1.320496
6.194382 -8.781888
6.366357 -9.131212
6.510262 -9.609923
6.283898 -8.980835
6.063281 -8.272601
-0.133783 -1.183624
0.057600 -1.614563
2.714345 -3.056357
-0.078485 -1.468902
3.192470 -3.672182
-0.030565 -1.627798
3.095506 -3.640992
-0.031375 -1.761878
-0.031561 -1.443986
0.065458 -1.802623
0.030809 -1.800236
0.034496 -1.663738
-0.029435 -1.495385
3.558451 -4.511317
6.110217 -8.830391
0.028733 -1.526499
-0.011037 -1.696384
3.364625 -4.057530
2.857022 -2.971714
2.071380 -2.178461
3.082209 -3.601067
3.563108 -4.628416
-0.075121 -1.733982
6.240242 -9.005074
5.570829 -7.763964
6.057330 -8.570083
0.261350 -1.553517
3.209880 -3.544658
3.415449 -4.089276
3.310463 -3.711895
6.299388 -9.060449
6.010096 -8.551957
3.670677 -4.459554
3.082749 -3.866041
0.186477 0.091528
6.491910 -9.227574
3.549310 -4.329748
3.606078 -4.582106
-0.003603 -1.694505
6.277677 -9.011111
3.297185 -3.928160
0.085208 -2.117457
3.612593 -4.556052
-0.021481 -1.587550
2.934358 -3.689583
3.690502 -4.691424
2.684642 -3.056106
6.381763 -9.014382
-0.008175 -1.437527
3.839628 -4.962200
-0.067700 -1.489567
3.301469 -4.126826
6.078316 -8.739581
-0.114381 -1.216058
3.761960 -4.827813
-0.019723 -1.786526
-0.014806 -1.745364
3.850867 -4.919434
5.598228 -8.096243
3.524743 -4.315484
0.047570 -1.722823
3.171077 -3.820151
-0.005768 -1.750067
-0.039504 -0.867855
-0.049398 -1.737445
0.036606 -1.807525
5.087677 -7.500470
4.014429 -4.951808
3.356619 -3.929517
0.007805 -1.774678
5.194488 -7.109095
5.289565 -7.503768
4.661589 -5.933932
3.219838 -3.947127
4.483992 -6.283041
3.801419 -4.783037
3.791635 -4.828735
2.884129 -3.049810
-0.027650 -1.697914
0.115111 -1.582245
3.871380 -4.965611
1.302683 -0.825950
0.011885 -1.228972
0.022089 -1.775609
3.640999 -4.515116
0.018370 -1.510305
5.999144 -8.385955
5.978754 -8.467347
3.272958 -3.828183
6.029231 -8.656113
1.043918 -0.854372
0.104192 -1.724895
3.206569 -3.709850
3.309209 -4.109149
3.290367 -4.012796
-0.011411 -1.763585
5.983369 -8.505620
2.717197 -2.789733
6.352474 -9.058717
5.400074 -8.013603
-0.111348 -1.489004
3.171408 -3.741392
0.111478 -1.438156
3.366458 -4.126250
6.019689 -8.571933
3.558856 -4.294115
3.129715 -3.831337
-0.006333 -1.643942
0.585018 -0.788281
2.744914 -3.047954
-0.002623 -2.279433
2.898568 -3.114290
0.001175 -1.791399
2.866309 -3.365241
4.957876 -6.578953
0.053170 -1.811115
0.111294 -2.119496
0.039348 -1.527036
6.124983 -8.719153
-0.006960 -1.439074
5.059526 -6.787151
6.025407 -8.599907
5.167235 -7.321742
2.366669 -2.815361
0.096461 -1.458421
6.203154 -8.830219
-0.020760 -1.490137
0.156367 -0.982408
-0.026902 -1.769419
0.089957 -2.348944
6.389344 -9.260332
6.204597 -8.786811
0.087131 -1.714063
-0.044012 -1.761123
0.040298 -1.549144
4.750734 -6.747993
-0.098720 -1.421489
0.217960 -1.144591
6.140089 -8.647696
-0.149007 -1.184399
5.940022 -7.652925
6.359410 -9.094561
4.642799 -6.816955
3.973677 -4.962257
-0.141355 -1.999635
2.981335 -3.447326
5.789606 -8.008704
-0.179354 -1.387477
3.140195 -3.784110
3.425255 -4.159237
0.049759 -2.308206
0.026634 -1.489605
6.407911 -9.256629
4.850307 -6.890629
0.010226 -1.749109
6.233588 -8.954024
5.697773 -8.355392
6.407979 -9.223367
-0.065414 -1.775074
-0.055649 -1.746823
2.397408 -2.727474
2.859747 -3.085265
4.644180 -5.923240
2.762748 -2.842869
4.649753 -6.552462
-0.015901 -1.083924
6.591609 -9.364381
0.029516 -1.633908
4.090422 -5.746398
3.824268 -4.837439
0.007779 -1.462261
2.982937 -3.581450
2.988081 -3.394027
0.105605 -1.764047
-0.112169 -1.777842
-0.085252 -1.748990
6.456397 -9.182505
3.650040 -4.458276
3.394891 -4.091254
6.276612 -8.910223
4.011310 -5.110187
3.926120 -5.137129
0.063738 -1.650563
6.190373 -8.979684
3.517600 -4.327746
-0.023516 -1.620752
2.834726 -3.447706
6.314822 -9.176898
6.203518 -8.633319
6.259817 -8.933342
0.006207 -1.800662
0.043212 -2.305402
3.953147 -5.011351
-0.188278 -1.375138
3.835908 -4.867239
3.907251 -4.851803
-0.000998 -1.736030
-0.058021 -1.614907
6.054902 -8.683971
-0.001209 -1.743075
3.629234 -4.603662
3.436133 -4.238202
3.572498 -4.452675
2.806858 -3.038193
2.914609 -3.395584
-0.079568 -1.500656
-0.061594 -1.710776
3.927872 -5.065606
3.414549 -4.212862
6.008240 -8.989981
5.464157 -7.422560
3.178231 -3.551780
6.303196 -8.911729
6.426429 -9.283081
3.821877 -4.440325
6.227252 -8.938807
3.978092 -5.057607
0.180503 -0.067797
4.837657 -6.877470
-0.061230 -1.532077
6.004084 -8.588864
6.160691 -8.931818
3.781225 -4.731581
3.310945 -3.926902
2.935520 -3.378078
6.627656 -9.675779
3.454028 -4.136519
6.149835 -8.838435
3.769974 -4.828357
4.561935 -6.487502
4.593057 -6.889455
3.274599 -3.927519
6.216711 -8.911366
-0.136207 -1.207587
3.059866 -3.698916
4.057503 -5.155845
6.405761 -9.177411
3.641491 -4.574825
5.387333 -7.697920
2.975714 -3.446119
5.953818 -8.474432
3.797935 -4.887224
0.097916 -1.795942
6.547134 -9.295125
3.868773 -4.943366
3.059147 -3.555106
5.469915 -7.868567
3.232025 -3.973236
4.463488 -5.877309
3.166956 -3.769746
0.018290 -1.506933
-0.070941 -1.795584
3.053132 -3.589194
-0.044927 -1.755392
3.962355 -4.993510
3.176447 -3.700789
0.979436 -1.113869
6.432869 -9.203593
0.435467 -0.330344
0.003319 -1.496322
3.821715 -4.698721
3.322010 -4.078906
-0.084245 -1.407073
5.119472 -7.233423
-0.102147 -1.383428
0.083314 -1.438199
5.858789 -8.328197
-0.056013 -1.396084
-0.058534 -1.430472
0.024372 -1.806790
3.941779 -4.527034
-0.139981 -1.072902
4.666954 -6.298742
6.326902 -9.170750
3.626343 -4.563540
3.732760 -4.603896
3.580644 -4.343070
5.823007 -8.119411
-0.087131 -1.794923
6.258580 -8.885492
1.110136 -0.717695
3.223406 -3.799842
2.494872 -2.630180
3.863444 -5.025177
0.110654 -1.296662
4.852676 -6.652066
3.399197 -4.100282
5.751869 -8.381207
0.044998 -1.460010
0.012323 -1.465376
2.961034 -3.426835
5.869312 -8.336908
3.404160 -3.928398
3.845932 -5.019934
6.179667 -8.844336
3.393945 -4.142752
3.047543 -3.573416
-0.076771 -1.751712
6.183455 -8.950733
3.424472 -4.277279
-0.020886 -1.557805
-0.077325 -1.557798
4.046849 -5.222067
3.059636 -3.813841
5.952913 -8.414104
6.121412 -8.850980
2.757200 -3.268452
2.991888 -3.498595
0.006146 -0.982518
3.150813 -3.725557
0.001537 -1.463278
6.283447 -8.899312
3.451725 -4.278660
3.026589 -3.451958
-0.189831 -0.997855
6.210345 -8.810400
3.373502 -4.213014
0.095594 -2.220800
6.207209 -8.806356
3.926489 -5.122128
0.009623 -1.800778
0.019685 -1.496024
-0.048144 -1.407507
6.377560 -9.087294
-0.002681 -1.797431
-0.000565 -1.738791
3.208329 -3.378533
4.337415 -6.155615
-0.188414 -1.220495
0.092573 -1.750342
-0.110457 -1.375089
6.106532 -8.728662
5.903337 -8.784836
6.434472 -9.314524
5.965481 -8.412995
3.689965 -4.575844
0.442848 -0.791468
2.651232 -3.270400
-0.089695 -1.458227
6.245378 -8.968502
-0.329507 -1.036098
6.443330 -9.300728
6.478140 -9.530028
0.020062 -1.055402
0.099137 -1.661476
3.478032 -3.973012
3.094476 -3.626420
6.319971 -9.068109
0.094903 -1.736491
2.912786 -3.404121
0.436357 0.094289
0.037985 -1.504671
2.656836 -3.103457
3.841955 -4.995793
2.476195 -2.964683
3.582761 -4.293092
0.039257 -1.502361
-0.118230 -2.135084
-0.082330 -2.172802
3.732207 -4.545614
6.421444 -9.190976
3.935734 -5.063751
3.330563 -3.967761
4.092804 -5.313203
0.104888 -1.515189
-0.097789 -1.779406
-0.020765 -2.335023
0.008632 -1.793175
0.036135 -1.428768
6.358560 -9.135227
0.073515 -1.588495
4.112140 -5.352189
5.976232 -8.599547
5.863240 -8.363445
-0.001687 -1.616389
6.342281 -9.060967
3.455123 -4.174279
-0.187090 -2.179387
0.069159 -1.045066
6.108395 -8.690706
0.609361 0.066641
3.376865 -3.897928
4.017375 -5.294857
0.692707 -0.264460
0.110275 -1.411817
6.104700 -8.830858
6.049451 -8.605536
6.206162 -9.053676
-0.078465 -1.420529
2.862451 -3.263514
-0.021340 -2.228886
3.963511 -5.030643
3.199147 -3.898670
0.095609 -1.862753
0.093644 -1.645603
3.709128 -4.571152
4.940254 -6.872206
6.214760 -8.558879
3.542465 -4.553483
0.092835 -1.816812
0.098751 -1.789726
6.113530 -8.730596
-0.041374 -1.371449
-0.104343 -1.093587
5.910983 -8.422777
0.078645 -1.869762
0.091693 -1.496072
5.583240 -8.318904
3.443929 -4.057061
0.082214 -1.663976
-0.015886 -1.688318
3.845790 -4.985929
-0.114042 -2.103446
0.017493 -1.477265
3.279118 -3.807074
3.549358 -4.519926
3.047277 -3.571892
2.968859 -3.346784
6.235726 -9.047038
6.369275 -9.420856
3.586020 -4.501365
4.150374 -5.708005
6.003718 -8.716084
6.216220 -8.997496
6.284718 -8.879447
3.488566 -4.390500
5.545178 -7.465619
-0.077578 -1.400403
3.554266 -4.373956
-0.004790 -1.148209
-0.029137 -1.753934
3.252867 -3.786921
3.497056 -3.971098
0.000996 -1.655192
0.111387 -1.850638
3.093052 -3.692558
5.282234 -7.541385
6.072976 -8.744782
0.034260 -1.562276
-0.132751 -1.426201
3.875861 -4.901023
0.096694 -1.607602
3.170315 -3.808343
0.046993 -1.369550
3.100068 -3.600769
-0.011114 -1.713596
6.263875 -9.050342
6.061569 -8.545403
-0.084132 -1.814003
6.458850 -9.254498
0.101660 -1.554489
0.091336 -1.888746
0.130532 -1.528521
6.253778 -8.653345
3.770567 -4.855130
3.875593 -5.009181
3.883111 -4.961599
4.519425 -6.502250
-0.054463 -1.096584
4.105579 -5.344067
5.634150 -7.486145
4.675787 -6.704934
6.838569 -9.687680
2.961017 -3.430449
4.085578 -5.437912
6.104286 -8.423140
6.212799 -8.843305
5.570370 -8.270016
3.734572 -4.817721
0.038301 -1.157293
6.345246 -9.140059
0.201907 -1.831961
0.094568 -1.768538
3.669745 -4.868167
6.323814 -9.179962
0.058229 -2.294276
-0.029432 -1.691830
0.087590 -1.468670
0.062179 -1.721505
5.963588 -8.475916
0.108570 -1.887101
3.442798 -4.245578
4.425232 -5.673348
0.095110 -1.939250
3.883827 -4.998299
-0.131841 -1.135172
0.085366 -1.868765
4.613998 -6.202052
6.194114 -8.857096
3.182420 -3.695092
2.827457 -3.343141
5.998248 -8.755920
0.051647 -1.396037
5.947765 -8.616431
3.479088 -4.310237
6.078113 -8.627785
5.700728 -8.232789
5.828769 -8.188244
3.476285 -4.612031
2.953805 -3.361571
5.672460 -7.716472
3.942745 -5.195003
6.530848 -9.353810
5.545026 -8.289190
-0.080053 -1.191211
3.647151 -4.444447
6.032005 -8.515526
3.389332 -4.036478
4.158715 -5.456180
6.184304 -8.759200
5.977753 -8.472693
6.212034 -8.754494
4.251528 -6.016469
6.489866 -9.201820
6.423151 -9.213779
0.178037 -1.446183
3.165603 -3.771332
6.837450 -9.641610
3.313723 -4.028144
5.704456 -7.781715
5.738820 -8.127930
3.674230 -4.574053
0.212913 -1.404629
6.049139 -8.535882
3.301012 -4.023055
2.841718 -3.380356
6.527919 -9.347813
6.273239 -9.003640
0.092973 -1.833452
2.993825 -3.505799
-0.020705 -1.812786
6.022562 -8.773855
3.680044 -4.818089
0.076275 -1.608170
5.005752 -7.199316
4.063996 -5.410073
6.897805 -9.782569
3.340929 -4.078963
3.081297 -3.882383
2.491790 -2.980076
6.365184 -8.919864
2.919204 -3.362398
2.596800 -3.078330
-0.036281 -1.454078
3.150313 -3.832542
3.143451 -3.878068
4.039761 -5.284816
6.204746 -8.964521
5.354419 -7.114744
6.381797 -9.008748
5.726093 -8.087854
3.262166 -3.859143
3.120795 -3.530992
-0.090971 -1.653177
4.203711 -5.470355
6.175652 -8.807042
1.223880 -1.062742
2.351388 -2.622248
3.265623 -3.962750
2.471846 -2.999849
6.186189 -8.775719
6.225210 -8.766996
-0.063481 -1.125380
5.848534 -8.148746
3.977880 -4.594459
-0.078620 -1.351278
3.709888 -4.610520
6.862260 -9.744091
3.539197 -4.322537
6.492408 -9.648162
3.489293 -4.418740
2.903317 -3.496104
6.030319 -8.575185
0.108597 -1.826243
6.296908 -9.141569
3.011275 -3.506368
3.409237 -3.817048
4.203485 -5.430985
0.107043 -1.121074
4.248685 -5.634416
6.111634 -8.769590
5.663527 -8.143425
6.357503 -9.206018
4.686575 -6.604280
5.910340 -8.440094
5.339534 -6.840026
-0.182591 -2.198572
2.797194 -3.167175
0.130881 -1.627463
2.848185 -3.225178
-0.029115 -1.787536
3.142833 -3.638836
6.263433 -8.874566
3.326087 -3.685765
2.898236 -3.268813
6.515211 -9.324645
3.576991 -4.333319
3.485987 -4.144711
0.068360 -2.124676
4.084553 -5.196836
3.237646 -3.910877
4.374869 -5.976998
4.080543 -5.292964
0.146907 -1.549688
0.041400 -1.432342
0.161327 -1.713495
-0.021606 -2.315872
-0.067123 -1.801496
-0.108036 -1.714489
3.061699 -3.596445
3.675836 -4.378422
6.234173 -9.107677
6.171182 -9.001494
3.981192 -5.043466
5.886792 -8.261024
6.654872 -9.743687
3.338841 -3.909985
6.195116 -8.813952
6.421033 -9.255158
4.081326 -5.388966
0.087671 -1.542338
-0.009008 -1.866525
-0.026492 -1.882139
0.008754 -1.451714
4.267364 -5.638691
0.080836 -1.695768
0.032828 -1.849218
-0.014804 -1.876157
6.824906 -9.659948
0.250304 -1.701986
3.189874 -3.694012
0.059771 -1.416430
2.787097 -3.170548
3.026798 -3.403442
6.205170 -8.707807
2.674891 -3.079480
3.115680 -3.536399
6.315030 -9.089845
0.201170 -1.357122
0.263583 -1.047811
0.028210 -1.842180
5.986399 -8.567816
-0.000985 -1.358719
3.977830 -4.974522
-0.180131 -1.058240
5.930792 -8.417626
-0.082864 -1.530211
3.711773 -4.796071
-0.051526 -2.114500
6.545945 -9.443328
6.476736 -9.048465
3.755520 -4.946128
1.011582 -0.501969
4.343774 -5.709330
2.792924 -3.172342
3.029018 -3.380366
6.369600 -9.164662
6.280633 -8.866015
5.916176 -8.391995
2.945689 -4.118788
5.978767 -8.466700
0.101596 -1.869910
-0.035258 -1.397258
0.094617 -1.450426
4.450588 -5.695079
4.159771 -5.514895
-0.003125 -1.873649
3.546202 -4.597349
3.876050 -4.604730
-0.029313 -1.400732
0.057857 -1.809448
3.081333 -3.684952
4.182607 -5.388279
-0.091257 -1.356839
5.167305 -7.192333
0.040133 -1.397866
6.085026 -8.843116
4.255773 -6.040848
-0.019496 -1.727402
6.600178 -9.517790
4.107257 -5.424582
0.017205 -1.370969
0.040214 -1.815154
0.015798 -1.818583
6.121605 -8.632118
6.206842 -8.796638
0.029183 -1.383409
5.858702 -8.365793
3.713628 -4.579063
6.490745 -9.339447
-0.119913 -1.580120
3.608122 -4.485778
-0.115127 -1.563842
3.225786 -3.814724
2.733529 -3.109652
-0.116047 -1.544129
3.446102 -4.309404
3.458021 -4.274051
4.320690 -5.691703
3.471392 -4.229533
0.003954 -1.376179
-0.062218 -1.905532
6.242423 -9.147684
6.037188 -8.546050
5.892231 -8.256350
6.208510 -8.955129
4.114136 -5.219076
-0.002245 -1.852724
5.838918 -8.163342
0.040932 -1.875584
4.095670 -5.115636
0.114746 -1.586544
2.801234 -3.159943
5.348161 -7.412189
-0.044468 -1.846741
0.074063 -1.432772
4.013220 -5.179781
3.249964 -4.049809
3.935171 -4.932902
6.384595 -9.299593
0.070387 -1.229832
-0.069695 -1.366763
-0.150682 -1.568030
6.039480 -8.528516
6.055947 -8.714470
2.902895 -3.063457
-0.132719 -1.506057
3.293608 -3.866223
-0.021369 -1.694297
5.747444 -8.087514
6.550601 -9.227521
4.185902 -5.511292
-0.032847 -1.881460
5.741998 -8.007679
-0.126618 -1.571621
3.868624 -5.053335
2.060847 -2.438936
5.474468 -7.987810
3.378552 -4.164867
0.105855 -1.795317
3.720273 -4.797352
-0.175595 -1.526710
3.369169 -4.166608
3.374644 -4.254103
6.478924 -9.436077
3.279511 -3.985680
0.073666 -1.396720
5.958044 -8.468660
5.657550 -7.933012
0.033256 -1.632926
2.977461 -3.495405
4.147573 -5.558182
5.987214 -8.438432
4.123330 -4.985565
6.092598 -9.000737
5.782735 -8.305657
6.111259 -8.903999
2.996018 -3.635097
2.777870 -3.063184
2.454694 -2.476113
3.883024 -4.822901
6.177485 -8.864142
0.040120 -1.380354
-0.163264 -1.536041
5.799607 -8.211593
-0.107463 -2.138025
3.958173 -4.972449
2.884548 -3.336794
0.059069 -1.488241
0.032070 -1.086480
5.694723 -8.181656
3.135477 -3.884408
-0.028993 -1.850118
0.104200 -1.390934
6.218354 -8.767847
5.891323 -8.257777
3.993629 -5.314997
6.533117 -9.397107
-0.045297 -0.989690
3.207232 -3.670841
0.033916 -1.129160
3.041509 -3.430972
6.272160 -8.995915
2.999560 -3.625094
3.587184 -4.273068
5.786470 -8.246723
4.223513 -5.642672
4.366305 -6.193865
6.082653 -8.920575
3.320514 -4.168757
4.883797 -6.374962
2.658809 -2.993186
0.148537 -1.183639
4.563049 -5.663977
5.728469 -8.077599
0.118741 -1.376370
3.882304 -4.862701
6.454055 -9.148221
3.705378 -4.806506
3.800954 -4.889046
5.754900 -8.062297
6.023713 -8.370225
5.153468 -6.759542
3.802577 -4.821767
5.989736 -8.164102
-0.017549 -1.360038
6.420059 -9.378948
6.376025 -9.200888
2.930526 -3.370916
4.337709 -5.714199
3.090021 -3.544700
-0.010548 -1.748158
2.311364 -2.695907
4.294913 -5.284367
0.016443 -1.884702
3.187961 -3.607869
4.277476 -5.578053
-0.166915 -2.180798
3.204110 -3.845014
6.235768 -8.925159
5.594975 -7.915532
0.058456 -1.583825
6.142229 -8.922084
0.051049 -1.411043
6.410379 -9.188124
2.905980 -3.384750
4.213101 -5.400941
-0.158946 -1.535456
4.155121 -5.587504
6.513490 -9.453487
2.987063 -3.452554
5.745114 -8.169017
-0.018117 -1.448536
0.015628 -1.887897
5.942603 -8.418054
6.017702 -8.751060
4.121262 -5.397716
2.494260 -2.433191
3.248723 -3.969729
0.054981 -1.557971
3.507489 -4.219552
6.076585 -8.834182
4.004005 -5.085005
4.412698 -5.860099
2.867803 -3.411417
2.846719 -3.271854
3.905029 -4.803985
2.682530 -3.005450
0.008822 -1.882286
6.275331 -8.857903
3.621641 -4.091749
3.121671 -3.813650
-0.001302 -1.426830
4.047467 -5.204662
-0.028146 -1.838174
-0.313319 -1.606793
6.470971 -9.427566
-0.161331 -1.534008
3.867414 -5.361544
-0.165372 -1.241379
6.070645 -8.536484
0.076085 -1.864889
6.328058 -8.968103
5.542372 -7.913101
6.280238 -9.117091
4.310933 -5.533675
-0.075025 -1.259245
6.349975 -9.173591
6.367279 -8.989763
6.515499 -9.344325
2.853510 -3.307188
3.940237 -5.109167
6.040395 -8.514624
4.199690 -5.454350
-0.174803 -1.655044
3.782407 -4.916809
2.897090 -3.212434
6.240566 -9.138980
5.974661 -8.504639
3.332391 -4.172910
5.772988 -8.341345
5.134298 -6.977278
6.355071 -9.152528
2.383545 -2.758427
4.180888 -5.416975
6.386695 -9.005675
5.637476 -7.987484
3.933785 -5.110804
0.038860 -1.424992
0.116450 -1.386512
5.705409 -8.015718
0.026495 -1.394912
3.015095 -3.569376
-0.042560 -1.398694
-0.202288 -1.561179
5.566779 -7.893340
0.155488 -1.792819
0.009757 -1.840150
3.976989 -4.944412
6.370767 -8.941648
4.059813 -5.329373
0.224032 -1.563900
-0.185307 -1.652545
0.172221 -1.691328
-0.114985 -1.655542
5.858767 -8.359100
0.065521 -2.283862
6.128147 -8.907901
5.700258 -8.044398
3.909457 -5.053075
5.480162 -7.759066
6.035841 -8.708531
-0.022281 -1.388981
5.480987 -7.748053
3.916665 -5.042072
2.906499 -3.272781
5.859422 -8.298831
0.767091 -0.552251
0.037505 -1.886097
-0.123867 -1.618544
0.219300 0.111787
3.253397 -3.780533
3.558206 -4.313892
6.041287 -8.279710
-0.120004 -1.603616
6.141968 -8.640790
6.256608 -9.068344
3.381897 -4.037095
6.084038 -8.784365
6.552446 -9.486630
-0.051160 -1.209526
3.991740 -5.263956
2.939381 -3.292992
2.826205 -3.170852
0.116762 -1.857567
0.004110 -1.432801
2.721091 -3.055242
-0.182212 -1.432168
-0.147209 -1.450283
-0.149072 -1.464450
3.632975 -4.914158
3.345323 -3.937218
-0.185143 -1.450856
-0.110186 -1.519763
-0.092008 -1.391341
-0.330011 -1.416534
1.039351 -0.065809
-0.178785 -1.463766
0.081579 -1.687138
4.448203 -5.901979
-0.169904 -1.432920
4.282761 -5.719681
3.236242 -3.990482
6.875339 -9.726413
-0.082473 -1.881004
-0.024718 -1.162740
5.787764 -8.356322
-0.115342 -1.553434
5.853431 -8.480926
5.676742 -7.961878
0.071732 -1.696575
-0.032879 -1.720726
3.051734 -3.479404
5.817968 -8.227291
5.631310 -7.758415
6.248813 -8.993653
0.154714 -1.208022
6.440349 -9.425153
5.878493 -8.403378
0.931806 -0.519925
3.841001 -5.111472
-0.051752 -1.886593
5.969731 -8.382919
-0.052385 -1.841578
4.397793 -5.947885
-0.003674 -1.420696
0.082497 -1.480368
0.038831 -1.858321
5.847605 -8.517292
-0.188097 -1.491481
3.061375 -3.677045
6.475540 -9.307748
-0.157928 -1.597452
2.678524 -3.016998
3.997801 -5.306396
2.961739 -3.485710
4.294196 -5.754452
3.241752 -3.923932
5.870562 -8.477194
-0.024144 -1.875098
6.505771 -9.290759
-0.178334 -1.496466
3.889451 -4.889110
0.671122 -0.021442
3.112570 -3.690405
6.095365 -8.594743
1.035660 -0.493218
0.014244 -1.357239
4.086373 -5.223205
3.863999 -5.073211
6.295860 -8.674458
-0.123472 -1.573072
-0.073598 -1.110422
5.901462 -8.236506
3.250458 -3.691662
2.065877 -2.438973
1.085948 0.360067
0.080559 -1.854693
0.050404 -1.506677
5.484804 -7.623336
6.421777 -9.192840
5.978868 -8.603334
5.880047 -8.412870
-0.005518 -1.652041
0.036549 -1.067520
3.238692 -3.864205
3.946242 -4.815284
4.542293 -5.606637
6.028260 -8.598275
4.188164 -5.571626
3.330648 -3.854231
0.091688 -1.373237
0.105348 -2.259401
4.225568 -5.643797
0.104863 -2.168599
0.017268 -1.876122
6.145352 -8.921594
5.539670 -7.797953
3.990556 -5.192874
6.491677 -9.343032
3.172489 -3.623717
3.206977 -3.642831
-0.139523 -0.879340
3.270276 -4.048561
2.727229 -3.063081
2.810979 -3.253223
6.305888 -8.859259
-0.148153 -1.477202
5.638957 -7.909176
0.025985 -1.747888
3.395522 -4.307627
0.005455 -1.403163
3.714226 -4.650898
6.249185 -8.908281
6.281968 -9.113056
3.604239 -4.491163
0.058775 -1.670583
5.806725 -8.090614
5.610563 -7.984980
4.230783 -5.580149
2.663925 -2.901950
5.751967 -8.460800
2.728861 -3.088148
2.527828 -2.458072
5.915904 -8.534318
4.276803 -5.687611
3.610429 -4.483029
5.643417 -7.849331
2.906869 -3.210667
6.241334 -9.081480
5.957319 -8.486294
6.528580 -9.289904
6.600901 -9.134725
4.590089 -6.333703
2.903674 -3.499955
3.160183 -3.870698
5.669113 -8.034409
5.831312 -8.154466
3.390140 -4.316020
-0.067804 -1.879809
5.646750 -7.855963
2.571933 -2.532899
3.302347 -4.149416
4.892267 -7.077254
3.691032 -4.812235
5.470412 -7.713547
6.921744 -9.768639
4.786109 -6.567343
0.098560 -1.741708
3.823883 -4.683809
5.490945 -7.713850
-0.161318 -1.758641
6.376743 -8.958990
5.728521 -8.106633
4.426930 -5.941156
5.613840 -8.027202
6.327048 -9.165482
4.263646 -5.498333
2.985546 -3.605025
4.019824 -5.261168
4.663771 -6.279803
0.031168 -1.382680
6.279050 -9.066614
6.495839 -9.466528
0.112718 -1.858095
3.118777 -3.809026
6.077445 -8.653747
-0.125956 -1.514189
6.639542 -9.401540
3.066441 -3.497391
0.115989 -1.487279
5.408635 -7.692611
4.531557 -6.187047
3.873454 -5.126675
4.031897 -5.307392
4.259980 -5.487076
5.291506 -7.368420
5.513252 -7.825045
5.804361 -8.136620
3.398775 -4.307652
3.782534 -4.672829
4.674078 -6.333543
6.071715 -8.754793
5.410123 -7.658412
4.652141 -6.105669
4.585363 -6.181006
4.830866 -6.537768
4.217211 -5.356838
-0.019068 -1.881642
0.057455 -1.284024
5.874043 -8.313818
-0.028972 -1.371720
0.535262 -0.822413
4.176434 -5.338504
0.082337 -1.313800
0.031336 -1.870539
3.087490 -3.461023
3.818321 -4.980047
3.590749 -4.284518
4.494680 -5.872979
3.844641 -4.655587
-0.167969 -1.484293
4.371469 -5.612471
5.881303 -8.384233
0.405022 -2.263947
6.427279 -9.086224
0.082452 -1.380409
5.355000 -7.439188
1.001170 -0.403235
4.157603 -5.593097
-0.132935 -1.159413
-0.116597 -1.514414
-0.027766 -1.409425
6.734022 -9.388141
6.714349 -9.378094
2.973666 -3.297374
5.248234 -7.355174
5.521406 -7.796553
4.547799 -6.081445
2.987448 -3.453249
5.642961 -7.852001
2.600613 -3.235041
4.849922 -6.703219
6.210946 -8.959591
5.956820 -8.681160
3.111551 -3.488517
4.801576 -6.594202
2.901839 -3.423549
0.078151 -1.785062
6.118345 -8.609797
5.022745 -6.977054
4.878671 -6.952319
-0.028148 -1.392229
4.666142 -6.236337
0.055872 -1.213143
6.093565 -8.798813
-0.142615 -1.599716
6.075587 -8.879568
4.350185 -5.891810
4.522370 -6.039561
4.135460 -5.257684
5.294468 -7.326230
2.909228 -3.248790
1.529539 -0.885279
4.572306 -6.588637
0.947593 -0.447018
2.849270 -3.376772
3.901865 -4.962651
2.347370 -2.415693
2.756142 -3.229514
5.923038 -8.660011
4.173594 -5.334865
6.587546 -9.581934
4.890932 -6.250251
0.153890 -1.532255
3.145142 -3.843277
0.376739 -0.165675
3.278094 -3.673521
4.316669 -5.858373
6.300808 -9.000690
3.415417 -4.203811
5.050613 -6.973476
3.978548 -5.101224
3.747594 -4.766356
0.095309 -1.398419
3.786287 -4.563546
-0.180762 -1.454069
6.411015 -9.390630
3.050928 -3.460414
0.081662 -1.438388
4.410638 -5.811098
3.983724 -5.147233
5.074489 -7.542275
6.882579 -9.840680
3.873855 -5.168394
5.893100 -8.288750
6.259710 -8.850433
4.234591 -5.584594
4.977603 -6.804614
3.638643 -4.596943
0.047586 -1.628463
0.151770 -0.963102
-0.023192 -1.867504
2.997524 -3.424404
5.128289 -7.538523
3.302441 -3.994535
-0.102917 -1.600842
2.963043 -3.375848
6.316281 -9.297586
6.325416 -9.312082
3.242341 -3.907232
3.246504 -4.000437
0.639731 -0.636474
4.325750 -5.840480
5.879232 -8.458223
-0.028928 -2.282727
2.891411 -3.191004
4.934859 -6.900106
4.278914 -5.455402
4.014322 -5.178729
6.103723 -8.748651
5.920572 -8.679470
4.896216 -6.615761
3.598162 -4.506605
5.126059 -7.417565
6.250300 -8.860697
0.101691 -1.691133
-0.178997 -2.836944
5.494106 -7.840249
0.117009 -1.966478
6.498314 -9.427126
0.141276 -0.776992
0.065408 -1.282331
0.032161 -1.723169
4.762394 -6.577289
3.406728 -4.060123
5.422496 -7.653626
3.963948 -5.213416
5.716634 -8.061707
3.354566 -3.887759
-0.155813 -1.543202
5.612411 -8.054067
5.436303 -7.633926
3.246275 -3.705712
4.091084 -5.354752
4.542599 -5.956393
0.112185 -1.900137
0.104523 -1.866735
3.087926 -3.782480
4.562821 -6.171828
6.405094 -9.356589
6.336588 -9.250116
2.917140 -3.461205
5.640743 -8.135912
5.766836 -8.125308
6.176126 -9.023052
1.626603 -1.275211
5.844293 -8.285978
4.977665 -6.849914
6.377913 -9.244249
0.012517 -1.624617
3.699156 -4.698136
5.970627 -8.649058
3.951069 -4.921932
5.599955 -7.888166
5.714167 -7.876559
6.161427 -9.063384
5.675073 -7.851652
0.083974 -1.487109
3.129482 -3.588677
-0.136972 -0.958240
2.756031 -3.084010
-0.050008 -1.890799
5.514339 -7.658144
0.108326 -1.911376
3.468260 -4.097096
2.878459 -3.414345
3.069047 -3.604120
0.164791 -1.518060
-0.162677 -1.976013
3.917593 -5.139783
6.920602 -9.727617
3.985725 -5.109055
5.270195 -7.547718
3.204429 -3.637485
5.794285 -8.199333
5.589951 -7.931446
4.318267 -5.876499
6.862945 -9.873944
4.303611 -5.604947
-0.037565 -1.328883
-0.040288 -1.285151
-0.079147 -1.281638
2.805413 -2.926253
0.007229 -1.082734
3.670309 -4.921326
4.210546 -5.656944
4.224695 -5.941565
6.310920 -8.952732
6.252666 -8.791847
-0.118456 -1.533722
3.847390 -4.863307
-0.073908 -1.321956
5.313331 -7.526306
5.008026 -6.921743
0.103014 -1.910898
2.742499 -2.938701
6.562361 -9.457503
2.303181 -2.454664
3.293632 -3.669114
2.896349 -3.356711
5.954040 -8.495496
5.550497 -7.461627
4.255854 -5.645710
3.660582 -4.423628
6.167532 -9.044715
4.742198 -6.316200
4.116064 -5.599165
4.086488 -5.206409
6.588850 -9.396073
0.052654 -1.720451
6.596197 -9.401963
-0.051586 -1.296377
4.878047 -6.664373
6.072845 -8.619254
5.616686 -8.107862
4.060787 -5.161353
-0.187771 -1.719455
5.614924 -8.139235
-0.148799 -1.199928
6.336083 -9.331713
-0.184224 -1.725399
5.544226 -7.745224
6.459124 -9.149630
6.445899 -9.174762
0.077762 -1.344719
4.291513 -5.720971
5.431582 -7.484581
-0.086768 -1.665689
6.205584 -9.040527
4.505072 -6.464180
-0.127018 -1.664566
4.649069 -6.336006
5.945300 -7.994522
-0.144315 -1.624295
4.232546 -5.497432
4.780152 -6.673907
4.140203 -5.190861
5.230657 -7.459606
-0.088451 -1.329069
3.777688 -4.464203
4.875122 -6.955432
3.613124 -4.444699
4.967826 -6.908031
-0.128604 -1.459396
3.198486 -3.884572
6.507988 -9.039089
4.170703 -5.349483
5.708185 -7.990506
5.705154 -8.110312
4.006561 -5.041047
4.683945 -6.375461
-0.000710 -1.366217
-0.046715 -1.349459
5.589701 -7.446067
6.607581 -9.403537
3.585056 -4.645658
-0.177875 -1.712870
-0.003173 -1.417089
3.490936 -4.368826
2.393316 -2.629764
-0.056428 -1.636250
5.294199 -7.274416
4.728083 -6.509356
5.767753 -8.280880
-0.023469 -2.338461
1.326753 -0.550170
6.301521 -8.778029
3.440053 -4.237037
3.714982 -4.872238
6.702484 -9.441433
4.396058 -5.825946
-0.069354 -1.846736
6.101792 -8.711124
6.117368 -8.250770
6.444360 -9.342144
-0.121113 -1.542386
4.321845 -5.341064
4.996312 -6.657094
2.921948 -3.257019
6.117266 -8.789006
6.259399 -8.787835
4.621949 -6.184044
6.274430 -8.921139
0.092860 -1.475174
0.076755 -1.928781
5.480335 -7.686565
6.209736 -9.069775
0.091279 -1.706917
3.640393 -4.383673
5.650421 -7.892977
2.840503 -3.234782
5.740738 -8.243810
4.757959 -6.060367
6.136488 -8.516404
6.347040 -9.314293
3.672744 -4.660076
4.613563 -6.430097
3.422762 -4.211319
5.701835 -7.927125
5.670933 -8.152918
3.253305 -3.733914
0.068265 -1.835048
6.110897 -8.591048
2.950025 -3.551037
5.678083 -8.049845
5.601299 -7.809380
-0.032116 -1.899821
0.017732 -1.397883
2.888371 -3.206478
3.631133 -4.305043
-0.053908 -1.836136
6.063211 -8.799706
3.424695 -4.296250
3.511816 -4.436792
2.668704 -2.992111
3.915251 -5.381962
2.889147 -3.184071
6.569543 -9.624741
3.472245 -4.639823
-0.101732 -1.438107
0.683958 0.627548
4.356345 -6.034995
0.023897 -1.925411
-0.053351 -1.574936
5.846036 -7.986205
3.956043 -4.863880
0.085606 -1.897968
6.147620 -8.594775
0.208625 -1.679864
6.054717 -8.407006
-0.152397 -1.433945
-0.157290 -1.649269
5.046347 -6.954489
2.524035 -2.909420
-0.178766 -2.199426
6.242188 -8.840776
3.280377 -3.971823
4.806153 -6.613703
4.236071 -5.531282
2.930557 -3.530483
3.642123 -4.365999
0.592321 0.410926
2.651751 -2.976540
4.858610 -6.817755
5.825573 -8.388762
5.877686 -8.623178
-0.182400 -1.375197
5.403458 -7.711562
2.734372 -3.015749
2.796613 -3.325624
4.052058 -5.440644
3.821671 -4.725337
5.890747 -8.516817
5.424014 -7.732694
-0.154751 -1.570521
2.805022 -3.190396
4.692770 -6.370459
3.647759 -4.352662
-0.132488 -1.421903
0.063003 -1.651635
-0.091262 -1.331327
5.394572 -7.566092
4.959756 -6.762864
3.587229 -4.574379
0.238747 -1.589962
4.660595 -6.404324
-0.145796 -1.377622
0.036811 -1.627557
5.819158 -8.188308
6.118137 -8.890004
4.037997 -5.024311
-0.010072 -1.894749
4.484519 -5.839427
4.014971 -5.075950
4.370717 -6.092810
5.542571 -7.700898
3.363305 -4.031759
6.014258 -8.812054
6.083219 -8.920105
4.484667 -5.882842
6.070806 -8.801436
4.985490 -6.885158
5.751518 -7.974344
5.244431 -7.401923
4.506647 -5.962566
5.412867 -7.704758
4.338132 -5.910463
0.502607 -0.189499
6.065775 -8.954469
6.151899 -9.061012
6.210016 -8.994617
4.226860 -5.771008
6.882229 -9.775864
3.676143 -4.646863
6.259951 -8.832494
3.556409 -4.587038
6.070539 -8.689037
1.026370 -0.658315
-0.188358 -1.354497
6.238797 -9.107710
3.384912 -3.979945
6.550003 -9.504991
-0.146028 -1.461149
-0.114132 -1.163787
3.632000 -5.439852
5.882639 -8.166598
0.055841 -1.442915
0.111748 -2.302118
6.478758 -9.780128
5.354606 -7.357344
-0.145239 -1.391934
3.866682 -4.759971
4.282245 -5.451877
3.141109 -3.744541
-0.043363 -1.277664
3.060627 -3.770189
3.180740 -3.932347
2.452734 -2.599276
3.130939 -3.928060
2.881957 -3.352943
3.100157 -4.162074
6.373899 -9.284750
4.543437 -6.094938
0.188217 -1.512966
-0.024814 -1.351361
3.268211 -4.090098
4.978707 -7.133719
5.942707 -8.442612
5.763288 -8.267969
6.536861 -9.384852
4.801157 -6.624760
5.445298 -7.688560
3.594008 -4.675806
4.491562 -6.146626
0.290946 -0.265623
5.363592 -7.310009
3.404768 -4.087911
3.791729 -4.935917
3.622387 -4.587977
3.675064 -4.387655
-0.108449 -1.307118
3.708127 -4.863169
3.853337 -5.031609
3.286722 -4.063144
5.948169 -8.329344
3.916601 -4.911839
5.543468 -7.852881
-0.199721 -1.350750
0.249361 -1.513326
3.125043 -3.704825
-0.004282 -1.960717
2.923165 -3.541814
4.741427 -6.599709
3.885948 -4.907616
3.743099 -4.462158
3.491275 -4.467362
3.884232 -4.904152
0.877152 -0.795326
3.651118 -4.353295
0.162659 -1.828358
0.354014 -1.143645
6.594139 -9.054842
6.417230 -9.154782
-0.020124 -1.843928
6.913638 -9.688137
3.867612 -4.909224
6.759269 -9.465294
6.318768 -9.295748
5.349485 -7.341125
0.169031 -2.207767
0.101822 -1.486070
5.742677 -8.143844
0.062054 -1.866491
0.030525 -1.482144
4.057341 -5.210401
0.042319 -1.364477
5.879929 -8.412604
5.480830 -7.909364
-0.489388 -3.703422
3.955809 -4.935866
0.050239 -2.303789
5.844113 -8.177387
5.380746 -7.710570
-0.141859 -1.732196
4.300091 -5.530795
6.579543 -9.458217
3.203975 -3.529299
5.620894 -8.079652
-0.118911 -1.630668
-0.010001 -1.947106
4.019277 -5.006272
5.361820 -7.597570
-0.029023 -1.371624
3.650732 -4.505106
2.055880 -2.234571
3.182657 -3.518059
6.011893 -8.592289
2.633953 -2.984920
5.818041 -8.346731
-0.041613 -1.765031
-0.141959 -1.570163
4.992262 -6.973761
2.113879 -2.195833
4.183867 -5.601673
4.647622 -6.197203
5.034689 -6.378947
4.263813 -5.434483
0.136333 -1.532405
-0.084101 -1.318907
5.753289 -7.980669
4.221320 -5.498447
-0.189092 -0.800061
0.025193 -1.879027
-0.142141 -1.706538
5.572118 -8.443914
-0.124615 -1.394219
-0.147712 -1.255943
6.760728 -9.336381
0.048954 -1.714023
4.050764 -5.238661
5.386192 -7.247791
2.806707 -3.288946
2.855284 -3.194587
5.616872 -7.774674
5.909552 -8.496464
6.771346 -10.016432
6.286774 -9.085764
2.867614 -3.220624
3.103640 -3.752215
3.702832 -4.678481
4.912308 -6.566852
0.875459 -0.479347
6.378766 -9.186256
6.682495 -9.389976
6.310867 -8.951428
4.121105 -5.268256
3.261938 -4.126618
2.732516 -3.002284
5.551536 -7.693202
3.873515 -4.653861
-0.168262 -1.657668
6.062891 -8.400216
0.091879 -1.811381
0.689174 -0.329150
6.752837 -9.467699
6.501419 -9.606871
0.125101 -1.897722
6.188588 -8.662624
-0.020727 -1.398434
4.105506 -5.543088
4.209589 -5.645123
6.548934 -9.403188
6.425781 -9.060363
-0.025402 -1.345212
-0.134593 -1.555182
5.425885 -7.851508
5.617651 -7.830656
3.350767 -4.287530
4.469603 -6.167260
5.823088 -8.397339
5.887392 -8.213946
5.117664 -6.977185
3.489029 -3.888759
6.361606 -9.008253
3.848840 -5.122584
4.108830 -5.582407
4.535055 -6.345252
3.846914 -5.183907
5.873223 -8.423923
3.562152 -4.621008
6.115636 -8.942483
5.781383 -8.112935
5.237511 -7.650369
2.805535 -3.327088
5.742346 -8.212675
6.670333 -9.414113
3.328651 -3.812577
-0.062924 -0.124432
-0.167057 -1.441222
2.314240 -2.309041
5.388624 -7.229993
0.114571 -1.572994
6.487354 -9.216262
-0.088663 -1.661837
0.003664 -1.323397
3.602896 -4.334255
6.006404 -8.763590
4.996959 -6.800067
0.008038 -1.833855
6.124066 -8.369363
6.232013 -9.180108
0.061308 -1.318933
-0.068721 -1.817465
0.117328 -0.956567
2.905153 -3.490034
6.180820 -8.804072
3.597651 -4.611832
3.564772 -4.550698
3.007245 -3.712276
6.670605 -9.856115
5.764243 -8.301838
5.228753 -7.815661
6.318297 -8.719702
3.762256 -4.403209
0.097487 -1.823148
3.743999 -4.688957
-0.031001 -2.219145
5.796640 -8.052687
-0.024569 -0.896996
-0.039698 -1.471236
4.168210 -5.644278
5.538683 -7.942687
5.918480 -8.431937
0.033069 -1.781537
2.844929 -3.124781
-0.110382 -1.648341
0.017898 -1.339785
6.106594 -8.687777
4.216370 -5.277913
6.522255 -9.142697
6.076519 -8.754152
5.538359 -7.873443
5.409872 -7.722505
2.425603 -2.754940
3.351636 -4.184087
6.065491 -8.813783
3.755380 -4.819779
4.716977 -6.287291
5.043415 -6.522782
6.283370 -9.164061
0.100509 -1.282140
2.760844 -2.977049
-0.043624 -1.097867
1.151332 -1.055031
6.522900 -9.433246
0.953900 -0.230370
3.600949 -4.770416
5.584879 -8.040529
2.983418 -3.686221
2.821104 -3.288881
-0.020770 -1.297383
5.932044 -8.299109
0.001041 -1.331394
0.054480 -1.391725
2.773104 -3.232841
5.975956 -8.411142
1.133018 -0.629660
0.055076 -1.199597
5.904639 -8.476128
-0.059874 -1.050370
4.061677 -5.421106
0.104584 -1.309245
3.675929 -4.608366
4.770753 -6.349772
5.555530 -8.068659
4.355219 -5.985429
3.812959 -4.466171
-0.000897 -1.337834
3.922168 -4.960028
0.869190 -0.673912
3.175322 -3.309663
2.403275 -2.637745
6.191091 -9.078567
3.898408 -4.763962
2.960535 -3.716572
3.652692 -4.316203
-0.130417 -1.652429
6.320669 -9.474987
3.644617 -4.707396
3.886338 -4.724169
1.029712 -0.105980
5.934072 -8.293380
-0.048581 -1.575143
3.450609 -4.115365
-0.185682 -1.511936
6.165415 -8.977814
2.878465 -3.086372
3.275615 -3.744186
6.427632 -9.621491
-0.168413 -1.805981
-0.151823 -1.754368
4.137900 -5.572007
0.010894 -2.210554
5.776885 -8.248244
0.351689 -0.268880
6.085498 -9.007551
4.342646 -5.532281
3.089345 -4.169951
0.428009 -1.027451
4.141643 -5.558752
0.039844 -1.033904
6.073835 -8.784413
5.687197 -8.193850
4.221339 -5.741335
2.185408 -1.997071
5.345092 -7.625000
3.349676 -3.367328
3.615266 -4.819198
-0.151359 -1.737620
3.117881 -3.857667
6.614155 -9.468638
6.139909 -8.934300
3.809608 -4.381432
-0.003220 -1.295614
0.186946 -1.516007
4.383030 -6.140015
6.712330 -8.689261
6.495091 -9.313723
0.060147 -1.811736
2.849144 -3.060384
6.613176 -9.326424
0.753191 -0.686518
6.147388 -8.988898
4.768793 -6.380513
0.063181 -1.851943
6.022571 -9.131428
3.281330 -3.578700
4.252780 -4.993749
3.013642 -3.045926
5.644802 -7.839854
3.941127 -5.255947
5.900412 -7.998814
4.634539 -6.509215
4.155903 -5.917987
0.104681 -1.342563
0.182275 -1.037150
3.189747 -3.550547
6.241476 -9.218089
6.674885 -9.883938
2.067015 -2.301052
3.574588 -4.725746
0.047332 -0.861735
6.577253 -9.329749
3.114487 -3.445272
0.006262 -1.275031
6.148960 -9.121659
0.074897 -1.630929
0.193588 -2.140082
0.106330 -1.825016
5.842522 -8.591607
0.339179 -0.545841
5.810003 -8.051544
3.209609 -3.720830
-0.109548 -2.251752
0.105756 -1.940070
6.213160 -8.643602
3.062620 -3.883290
0.060908 -1.545637
4.993186 -7.100012
4.309052 -6.039977
6.400449 -8.754762
0.048546 -1.575728
2.761932 -3.197844
-0.102259 -1.461365
3.600229 -4.335458
-0.010499 -1.347631
5.072032 -7.178637
3.560520 -4.154178
6.123483 -8.927888
5.608502 -7.949053
0.064408 -2.230787
5.044982 -6.641261
6.082460 -8.799541
4.622441 -6.119346
3.292939 -4.284503
-0.070624 -1.881358
2.707613 -3.374432
-0.012443 -1.929263
0.039659 -1.305389
-0.049167 -2.316363
3.175187 -4.016232
-0.082567 -1.517423
5.809953 -8.055274
-0.243245 -1.614771
3.819290 -4.525297
1.153245 -0.517689
5.320089 -7.364042
6.109492 -8.517657
-0.140633 -1.574029
3.747505 -4.949011
-0.149034 -1.418439
4.081829 -5.182482
5.148395 -7.390047
-0.071128 -1.448296
3.918856 -4.843502
3.157322 -3.935874
4.654982 -6.526173
6.079786 -8.598476
0.123953 -1.873989
3.992996 -4.924093
3.114995 -3.374161
5.073010 -6.724127
3.948875 -5.101735
0.193875 -0.081842
5.654864 -7.906766
0.073812 -2.032396
2.143062 -2.664951
0.106943 -1.776528
4.202203 -5.238533
3.670125 -4.741947
3.252822 -4.086420
0.077614 -1.279668
0.137358 -1.570460
2.215795 -2.557192
5.669094 -8.168002
5.748366 -8.266282
4.725529 -6.621777
5.062049 -6.969002
-0.121056 -1.350696
-0.072430 -1.669503
2.428723 -2.507855
6.092955 -8.471252
3.549992 -4.601338
-0.127856 -1.298555
0.118078 -1.873824
3.265230 -4.018839
0.010784 -1.582517
6.179091 -8.993959
-0.144545 -1.483386
2.598318 -2.554473
-0.088747 -1.184527
5.536839 -7.796772
4.524008 -5.830696
5.675004 -7.753251
6.238493 -9.200809
0.096587 -0.826437
-0.080337 -1.795109
2.703620 -2.825894
4.251298 -5.839305
0.091200 -2.951270
0.405244 -1.336763
2.920364 -3.141084
5.761603 -8.330603
5.962959 -8.236333
6.450227 -9.459903
2.907333 -3.566236
6.291202 -9.271010
-0.108497 -0.805296
-0.033446 -1.938027
3.387224 -4.396526
-0.016807 -1.714087
6.540072 -9.153397
6.111310 -8.950615
4.182998 -5.702480
0.266122 -1.459175
5.171532 -7.442170
4.951958 -7.460482
-0.123196 -2.092903
3.407675 -3.828238
5.314252 -7.267566
0.285738 -2.330245
3.794969 -4.609150
3.233720 -3.615983
4.279626 -5.878551
3.362373 -4.205045
-0.169821 -1.796041
5.884663 -8.117267
0.059347 -1.212226
5.408705 -7.825049
5.789221 -8.129264
0.330576 -1.559372
0.281761 -1.403585
3.301343 -4.245034
6.765191 -9.825849
5.762961 -8.249937
6.301151 -8.753592
0.064137 -1.497443
6.086447 -8.835471
3.915598 -4.861724
-0.182842 -1.678212
4.344052 -5.523165
5.987724 -8.751426
5.460851 -7.963244
6.018675 -8.452806
3.703876 -4.918367
4.475212 -6.079440
3.500201 -4.592364
0.214361 -1.551278
-0.089322 -1.525633
-0.113173 -2.250780
5.900778 -8.140845
3.220054 -3.611937
-0.175952 -1.367191
0.381915 -1.083244
6.223822 -8.474037
2.855386 -3.080289
-0.098993 -1.482569
0.020228 -2.234841
3.840675 -5.068668
3.115859 -3.889899
5.411082 -8.170741
4.173302 -5.223458
5.454628 -8.140301
6.567381 -9.537813
5.732337 -8.666815
2.940615 -3.598382
6.378750 -9.316535
3.763615 -4.680058
-0.089249 -1.697112
3.939737 -4.960227
5.346019 -7.302534
-0.103296 -2.329159
4.433340 -5.644790
-0.178889 -1.696716
3.042994 -3.405657
6.707751 -9.431609
-0.015413 -0.890715
5.659284 -8.160923
6.509683 -9.180206
2.218112 -1.867169
5.836045 -8.459096
3.476358 -4.581783
5.906232 -8.109627
0.093160 -2.029596
0.026779 -2.752173
-0.337015 -1.825284
6.115927 -8.610519
6.806800 -10.075150
-0.187897 -1.787779
5.080273 -7.321519
6.277814 -8.928499
5.791157 -8.806920
-0.099541 -1.800961
4.469752 -6.362670
5.466075 -7.273379
3.038967 -3.296760
2.923155 -3.611672
6.184923 -9.155864
5.660148 -8.245404
3.207692 -3.378307
5.946276 -8.345852
3.368808 -3.866210
3.062948 -5.416193
0.096797 -1.343966
3.657744 -4.285721
-0.119483 -2.135842
6.503420 -9.302762
3.936022 -4.789120
3.080097 -3.326947
3.851950 -4.683840
6.160480 -9.111255
5.184237 -6.762756
-0.022848 -1.673268
3.235788 -4.171408
6.378417 -9.368735
-0.110164 -0.924199
5.553329 -7.774502
6.247096 -8.707598
3.707609 -4.381525
1.742370 -1.315865
0.125403 -1.522873
0.080672 -1.486162
5.281853 -7.271295
4.280848 -5.296357
0.819344 -0.744940
4.806268 -6.184024
0.016846 -2.012346
3.650637 -4.761496
6.305558 -9.110968
2.975272 -3.597000
6.005889 -8.898272
-0.220632 -1.237258
-0.175784 -0.772906
3.842089 -4.621572
6.516685 -9.215240
3.187602 -3.622070
3.508883 -4.515741
5.568893 -8.123277
3.178516 -4.009529
-0.126379 -1.888772
0.049073 -1.412932
-0.039838 -1.718644
-0.124011 -1.845345
3.745985 -4.371073
0.062584 -2.023297
3.415055 -3.796723
5.759680 -8.540738
5.254210 -7.847667
-0.088879 -1.484565
-0.148566 -1.685720
-0.201638 -1.536651
0.544250 0.049103
4.205099 -5.721561
6.168836 -8.547579
0.046854 -1.562172
2.470184 -2.471404
6.211524 -8.604121
-0.081686 -1.684459
0.095143 -1.518415
3.401552 -4.677096
0.097250 -1.575128
3.892889 -5.213272
3.313266 -4.482081
4.158642 -5.206027
0.345345 -1.537973
2.661636 -4.118505
5.689687 -8.650638
0.057269 -1.009328
0.069463 -1.512773
-0.004818 -1.246893
-0.134828 -2.004562
3.567044 -4.638835
3.338498 -4.297751
5.679585 -8.224698
0.790318 0.497926
4.742049 -6.962633
3.994028 -4.933316
0.302088 -1.237849
0.399822 -1.048764
-0.053212 -1.570153
6.792913 -9.371196
6.573465 -9.384345
-0.253732 -1.591059
0.080804 -1.055194
4.960945 -6.589168
4.166035 -5.795622
2.813259 -3.418166
5.790220 -8.480202
4.530991 -5.890337
0.061469 -1.429542
2.789611 -3.436675
6.481407 -9.286556
-0.083981 -1.851810
0.042071 -1.674376
6.410191 -9.431798
5.724285 -8.383794
0.089028 -1.903444
0.938723 -0.929349
4.225817 -5.310922
6.007300 -8.314775
3.929129 -5.221962
6.607431 -9.020517
4.697813 -5.885777
3.563534 -4.064704
4.911212 -7.055148
4.248931 -5.802340
0.559508 0.389811
0.222808 -1.876106
0.077167 -1.210872
-0.082805 -2.158711
6.248042 -8.809941
3.221796 -3.535335
5.450611 -7.850538
-0.001701 -1.786846
0.103609 -1.668088
4.089005 -4.989272
6.339390 -9.380795
3.297732 -3.697116
-0.105435 -1.834657
2.691019 -3.217516
4.008277 -5.812440
4.622752 -6.934180
4.142036 -5.706145
6.425184 -8.987420
0.172964 -1.430252
5.387986 -7.880466
3.142144 -3.469636
-0.206453 -1.603031
3.566516 -4.094595
5.933362 -7.989539
4.043629 -5.178032
3.374720 -4.478917
0.088646 -1.446715
0.053790 -1.439961
0.040131 -2.017895
0.361556 -0.970200
0.071940 -1.476293
0.332396 -1.428205
-0.134261 -1.218648
3.905949 -4.604054
-0.215368 -1.494079
3.028724 -3.102301
0.050757 -1.492049
6.636802 -9.439788
0.090633 -2.046226
4.229793 -5.369710
-0.228336 -1.527452
4.064540 -4.682141
2.676386 -2.379047
0.173266 -0.699366
5.805531 -8.490130
2.684352 -3.228893
3.406796 -4.651466
0.095997 -1.985160
4.011902 -4.770341
-0.099108 -1.743080
6.243888 -9.268163
5.824808 -8.007399
0.113773 -1.830203
-0.184431 -1.769580
6.475171 -9.139883
6.569914 -9.284554
5.430087 -7.887861
6.283582 -9.280017
0.272086 -1.996424
3.470246 -3.781833
3.462625 -3.790034
6.260055 -9.283175
-0.127693 -1.481352
5.139560 -7.600959
2.776011 -3.468095
4.413743 -5.551102
3.603200 -4.281424
0.256457 -1.594511
0.134833 -0.180552
0.066231 -1.198425
0.085986 -1.842104
-0.048879 -2.280423
6.273419 -9.280234
3.838862 -4.565863
0.210459 -1.399165
3.770296 -4.504006
5.651328 -7.780780
5.555744 -7.757522
6.344692 -9.298435
0.072175 -1.668541
5.850320 -8.028457
5.843767 -8.630489
7.063441 -10.198962
1.806507 -1.489064
6.225477 -9.085522
3.725362 -5.000076
3.013207 -3.668356
3.485411 -3.943219
6.445098 -9.057724
3.811265 -4.595147
1.244060 -0.305064
5.072530 -6.699251
6.245169 -8.556994
6.056161 -8.808262
4.262640 -5.034120
5.226082 -7.663749
5.028965 -6.686378
-0.075682 -1.195511
6.095843 -8.446559
0.149470 -1.797805
3.490295 -3.600274
0.114727 -2.040141
-0.099706 -0.466477
6.391142 -8.980137
5.020960 -6.639403
2.944370 -3.597894
2.949975 -3.740171
6.498404 -9.752108
4.134398 -4.883619
5.564260 -8.223111
0.054357 -1.421306
5.354178 -7.213259
3.240417 -4.261095
5.957036 -8.237252
0.195988 -1.510606
4.253961 -5.285056
3.409489 -4.498923
4.076594 -4.759154
6.709970 -9.901573
5.625390 -7.626044
4.745765 -6.120938
4.558290 -6.529057
4.632912 -6.721405
6.588361 -8.926917
3.015346 -3.944054
-0.159591 -1.813661
2.682611 -2.778765
3.413526 -3.812955
6.579889 -9.281833
3.134637 -3.170064
-0.221079 -1.329089
1.718979 -2.233990
6.565445 -9.238095
-0.275041 -0.848707
4.563854 -5.778753
5.347112 -7.544586
6.819763 -9.599767
0.557414 -1.749090
-0.002987 -1.695090
4.265319 -5.250961
2.984942 -3.922276
3.123271 -3.930548
6.208994 -9.089083
6.059525 -8.961900
5.245739 -6.979877
-0.161193 -1.122121
6.534882 -9.267731
5.608575 -8.434160
6.396973 -8.889792
6.079071 -8.103529
6.460357 -8.704069
6.117068 -8.159431
-0.231059 -1.496667
0.842462 -0.947209
5.293757 -7.767896
1.918991 -2.340984
0.072196 -1.319456
-0.123241 -2.105052
3.290769 -3.670712
0.398501 -0.898907
5.780900 -8.561291
6.335784 -8.580694
6.812994 -9.523225
3.466352 -3.927328
-0.160698 -2.273980
0.191520 -1.573569
2.884806 -3.873344
-0.169378 -1.638679
6.177747 -9.191109
2.154274 -2.547405
4.433062 -5.514376
2.113010 -2.468218
6.345753 -9.407422
5.499336 -7.369979
6.470906 -8.880848
5.009408 -7.489542
-0.215206 -0.813837
3.033090 -3.864843
6.880702 -9.525080
-0.138753 -1.431067
3.900966 -4.547169
4.403451 -5.231629
-0.118871 -1.471579
3.593585 -4.839653
3.541064 -5.089768
6.442836 -9.051480
5.323497 -7.030857
4.794332 -5.960216
6.416084 -8.760626
-0.130130 -1.737241
3.737488 -5.410151
6.598835 -9.089811
6.134624 -8.410531
6.563113 -9.107547
0.128080 -1.140221
5.018963 -7.533983
4.040958 -5.713930
0.343859 -0.641448
4.064233 -4.870745
-0.445522 -1.157983
5.694002 -8.624141
3.381810 -4.621591
6.394387 -8.844580
2.370068 -3.128261
6.202182 -9.255444
-0.316534 0.402078
5.123895 -7.708551
3.520774 -3.724504
5.227628 -7.754782
6.915480 -9.353668
4.143138 -6.107673
-0.335774 -1.638317
6.646725 -10.304601
4.595395 -6.137636
5.851106 -7.834561
6.395131 -8.942421
-0.421972 -2.727483
3.703181 -3.976301
2.019042 -2.611313
2.229553 -2.967348
2.497694 -3.420357
4.116625 -4.428970
0.380675 -1.367170
7.004593 -9.479921
5.943871 -7.651469
-0.037745 0.661160
3.118781 -2.931515
6.333850 -10.067497
2.669656 -3.939320
