1.296513 1.543755
1.222539 1.653840
1.309708 1.600622
1.603612 0.875124
1.565181 0.801804
1.349161 1.961366
1.323605 1.820833
1.347277 1.843011
1.355200 1.859867
1.307272 1.883770
1.608354 0.699737
1.614129 0.602088
1.594377 0.694682
1.396509 1.285147
1.466691 1.306210
1.393083 1.267359
1.623844 0.845157
1.519421 0.773972
1.304689 1.736774
1.350931 1.772652
1.286904 1.718050
1.362604 0.899503
1.476701 0.928235
1.396005 0.964802
1.582784 0.348292
1.618922 0.329748
1.617495 0.417720
1.003017 2.077868
0.816504 2.071640
0.952354 2.136391
1.497793 1.415227
1.444369 1.495520
1.417073 1.357134
1.242392 1.700160
1.350628 1.721023
1.656068 0.558724
1.653361 0.480380
1.575244 0.577879
1.504606 1.683912
1.381804 1.807992
1.479719 1.771251
-16.548756 0.218037
-16.179560 0.603296
-16.543921 0.201839
0.654499 2.698166
0.209247 3.003667
1.368234 1.040124
1.479870 0.968957
1.657397 0.498255
1.568665 0.490670
1.654987 0.533514
0.739987 2.426931
0.978214 2.505713
0.885605 2.451967
1.308773 1.552595
1.339677 1.550522
1.212016 1.635232
1.337102 1.600915
1.228865 1.658411
1.237249 1.593789
1.602446 0.403360
1.569150 0.426937
1.251668 1.740390
1.211494 1.789069
1.846518 -0.292592
1.808042 -0.399854
1.779459 -0.366202
1.218363 1.821878
1.341979 1.910882
1.497468 1.666415
1.426625 1.761005
1.380263 1.693587
1.040372 1.774897
0.758370 1.900136
1.000721 1.939497
1.591840 0.708780
1.570862 0.623057
1.592494 0.727743
1.130876 1.575193
1.306656 1.651337
1.508000 0.322771
1.534209 0.248325
0.772719 -0.341808
1.628425 -0.353758
1.311750 2.734369
1.167985 2.721182
1.277752 2.715641
1.294861 1.964114
1.324156 1.969072
1.271170 1.956272
1.482671 1.575480
1.447740 1.546890
1.415193 1.546316
1.398451 1.550552
1.442383 1.594030
1.500850 1.629358
-17.148382 -0.724764
-17.040464 -1.684600
-17.181532 -1.176875
1.358084 1.782008
1.441624 1.732712
1.535634 0.569989
1.632297 0.519686
1.644225 0.525431
1.492124 1.504405
1.401927 1.442393
1.497540 1.383422
-0.712252 3.816342
-0.541978 3.602784
-1.410483 3.223177
1.620921 0.835397
1.659959 0.855300
1.579892 0.878631
1.399981 1.135034
1.382545 1.134624
1.254534 1.921330
1.214025 1.684414
1.093030 1.970562
0.848113 3.098650
1.335133 2.765587
1.640465 0.855458
1.545898 0.777712
1.321470 1.903609
1.320266 1.864031
1.276473 1.835979
1.042424 2.082125
0.844072 2.255430
0.940069 2.107079
1.432428 1.213814
1.368744 1.271874
1.496129 1.310997
1.271230 1.767624
1.290295 1.670872
1.661666 0.507890
1.589323 0.595574
1.408084 1.094343
1.426772 1.181957
1.614803 2.161303
1.664835 2.210928
1.247838 1.773405
1.292160 1.804197
0.416923 3.599806
0.162890 3.557353
0.155742 3.724300
-0.758977 4.039401
-0.999385 4.146767
-1.696885 3.922639
1.261880 1.858950
1.305071 1.833842
1.288221 1.885967
1.375921 0.870926
1.467156 0.886716
1.484579 0.739353
1.405382 0.822719
1.432442 0.841841
1.202635 1.892142
1.246784 1.930693
-14.404551 2.504767
-14.638541 2.252935
1.621246 0.711481
1.511846 0.696892
1.633170 0.722488
1.580642 0.706143
1.592189 0.402639
1.650219 0.304624
1.635204 0.350367
1.461762 0.793786
1.509335 0.874452
1.236547 1.587374
1.320122 1.573863
1.243914 1.552743
1.459463 0.907651
1.487438 0.940144
1.397673 1.021790
1.295375 1.617375
1.251667 1.549238
1.266291 1.586772
1.445412 0.941443
1.404822 0.902931
1.373537 0.863531
1.406161 0.760125
1.499456 0.846456
1.503050 1.560635
1.399321 1.646039
1.450085 1.594983
-16.348904 0.069724
-16.048096 0.008029
1.578552 0.421113
1.571266 0.342311
1.534570 0.580528
1.600344 0.454088
1.597113 0.451177
1.438063 1.061833
1.466363 1.059767
1.381395 1.814870
1.359399 1.670411
1.447729 1.670929
1.404257 1.791201
1.371894 1.809404
1.549539 0.440312
1.551983 0.556774
1.651274 0.580051
1.397704 1.358840
1.433638 1.484293
1.404616 1.394765
1.441093 0.787997
1.384854 0.775887
1.429132 1.241749
1.439283 1.336425
1.349826 1.818649
1.312603 1.668518
1.215986 1.912389
1.237157 1.860432
1.306686 1.875421
-14.731600 1.683795
-15.113415 1.458369
0.247432 3.424915
0.273565 3.418903
0.179055 3.440496
1.226420 1.890968
1.276956 1.928047
1.531994 0.762581
1.621888 0.876474
1.578519 0.809887
1.483490 1.324286
1.508197 1.341898
0.833768 2.650284
0.855471 2.615095
1.412074 1.064148
1.367975 1.150714
1.505400 1.096410
1.490168 1.619643
1.409941 1.567474
1.425961 1.599523
1.515689 0.742386
1.557092 0.738636
1.429426 1.381527
1.357324 1.510923
1.291468 1.526802
1.293251 1.551737
1.310599 1.573614
1.288294 1.676181
1.289012 1.716971
1.239348 1.810130
0.583545 3.356711
0.680618 3.452184
0.156377 3.782370
0.139657 3.644997
-14.368670 0.242727
-14.816714 0.547384
-14.246620 -0.030585
1.225111 1.963837
1.235982 1.916111
1.331976 1.960096
1.429497 1.173057
1.365039 1.167078
0.992301 3.035210
0.909558 3.034829
1.015876 2.936120
1.435131 0.745212
1.389648 0.768219
1.415807 1.577076
1.441605 1.597410
1.503869 1.657769
1.218162 1.588738
1.286189 1.546044
1.569422 1.225710
1.365911 1.063449
1.645798 1.212204
1.495984 0.997890
1.477890 1.009549
1.442428 1.023598
1.276663 1.739186
1.354838 1.786945
0.554508 3.317424
0.517141 3.235986
1.589453 0.676462
1.574811 0.694815
1.621945 0.615431
1.318496 1.868296
1.294031 1.971739
1.387744 1.722471
1.364043 1.810675
1.479507 1.734475
1.182795 3.488490
1.068922 3.443538
1.613041 0.796802
1.628628 0.865103
1.581548 0.781325
1.406792 0.996843
1.416456 0.959607
1.500934 1.797689
1.378790 1.734105
1.454445 1.701855
1.665169 0.308331
1.650340 0.300208
1.637236 1.868528
1.541767 1.968177
1.238229 1.727407
1.327633 1.743090
1.311396 1.539675
1.324265 1.533002
1.431421 1.473514
1.360554 1.485590
0.320645 3.632821
0.325334 3.545110
1.514971 0.592687
1.638325 0.673269
1.545201 0.629746
1.317165 1.951119
1.318892 1.907845
-17.553041 -1.145230
-17.463373 -1.693563
1.590209 0.537598
1.653365 0.471965
1.511047 0.337443
1.513549 0.316633
-15.777389 1.228404
-15.794889 1.146514
1.407850 1.289983
1.365058 1.298034
1.469382 1.251024
1.861932 -0.236051
1.710370 -0.197298
1.394661 1.259997
1.407398 1.264140
1.485095 0.811992
1.411942 0.815834
1.505951 1.112216
1.472832 1.075076
0.025696 4.178948
-0.231616 4.192575
1.329495 2.009158
1.275101 2.122799
1.429489 1.191300
1.397907 1.114006
1.437760 1.099080
1.343852 2.082689
1.203320 2.066842
1.622884 0.442839
1.648828 0.449608
1.625453 0.436698
1.319505 1.924993
1.354111 1.961348
1.254063 1.991160
1.284268 2.029752
1.262401 2.098271
1.279723 1.779344
1.285416 1.725752
1.499545 1.591293
1.460825 1.538627
0.519382 2.983301
0.549684 3.009366
1.260814 2.092452
1.260899 2.096292
1.632880 0.938595
1.522860 0.898018
1.394785 1.028795
1.476336 0.990519
1.365703 0.945469
1.521705 0.775689
1.601274 0.765638
1.213098 1.997283
1.207628 2.129258
1.244065 1.712672
1.290525 1.701945
1.224755 1.863770
1.347158 1.967584
1.249752 1.581596
1.234434 1.589673
1.648966 0.871478
1.585081 0.789229
1.486880 0.897180
1.439776 0.916525
1.495442 0.951347
1.028895 2.579947
0.954979 2.402507
1.304157 2.057076
1.333775 1.975498
1.258001 1.538852
1.256612 1.610772
1.227286 1.581808
1.259420 2.062224
1.302010 2.122577
1.342479 2.126616
-15.765443 0.219933
-15.907887 0.474942
1.204637 1.379578
1.147087 1.435472
1.259701 1.458727
1.265762 1.469336
1.471802 1.550811
1.434074 1.548520
1.438310 1.656974
1.210418 2.030098
1.331245 2.101343
1.637142 0.942778
1.585600 1.012606
1.462159 1.375670
1.480786 1.464249
1.281174 1.365649
1.220014 1.371024
1.294468 2.085086
1.303277 2.017081
1.326287 2.082686
1.338614 2.093294
1.252208 2.124051
1.472443 1.709883
1.425842 1.808138
1.252293 1.368980
1.220429 1.378595
1.209424 1.444539
1.574296 0.600557
1.524803 0.658012
1.450698 1.485800
1.383312 1.487874
1.489136 1.460367
1.328888 1.500998
1.346923 1.453767
0.870887 2.240818
0.974831 2.010334
1.624540 0.394495
1.574285 0.395694
1.625622 0.273606
1.403069 0.882853
1.359235 0.859760
1.206912 1.985104
1.335392 2.075267
1.590140 2.189217
1.394597 1.987119
0.247218 3.399742
0.166554 3.267805
-15.473742 0.585926
-15.804666 0.545150
1.546670 0.287197
1.647299 0.316402
1.542363 0.334454
1.315406 1.928280
1.237978 1.905088
1.332163 1.971312
1.599105 0.967678
1.550049 0.935936
1.646322 1.002248
1.315884 1.784515
1.317682 1.708088
1.245003 1.453281
1.299073 1.501542
1.271290 1.845149
1.293751 1.944421
1.314945 1.918475
1.424611 1.743745
1.374286 1.743312
1.406335 1.787217
1.326441 2.039652
1.232005 2.241313
1.291676 1.976960
1.273338 2.019686
1.319699 2.060983
1.442583 0.898987
1.493038 0.895993
1.476414 0.961569
1.272484 1.801038
1.346925 1.740277
1.399450 1.927573
1.384858 1.842998
1.661713 0.824816
1.568284 0.846386
1.632083 0.851914
1.215093 1.538800
1.354298 1.614327
1.441396 1.289940
1.441901 1.274320
1.621221 0.266945
1.373607 0.328182
1.484196 1.057001
1.432734 1.154914
1.383986 1.954477
1.447480 1.943569
1.426081 1.825603
1.463825 1.149942
1.424010 1.174846
1.321634 2.802070
1.175258 2.797585
1.161058 2.642515
1.725621 -0.018876
1.703320 -0.179576
1.233228 2.066985
1.349655 2.020551
1.312739 1.510299
1.320766 1.443246
1.391107 1.854745
1.479187 1.972287
0.872366 3.082740
1.044089 3.164503
1.454010 1.550313
1.408356 1.582451
1.617513 0.441873
1.532614 0.455645
1.310786 1.931832
1.100100 1.714609
1.504795 1.346605
1.485162 1.324788
1.658376 0.972853
1.538718 0.974469
0.496576 3.265441
0.462317 3.355416
1.371155 0.653457
1.634115 0.526875
1.629628 0.644569
1.625367 0.672433
-17.672302 -1.638627
-17.242678 -1.716867
1.486578 1.849791
1.453089 1.935214
0.815228 2.997998
0.794015 3.103830
0.229179 3.275983
0.154258 3.469898
-15.417200 0.706342
-15.939222 0.717046
-16.966209 -1.048621
-16.664047 -1.083128
1.312987 1.495432
1.259914 1.364676
1.301978 1.383411
1.287646 1.914571
1.279831 1.892203
1.238819 1.714867
1.211217 1.785966
1.448547 0.945016
1.369428 0.988020
1.270849 2.029389
1.319205 2.072880
1.178262 2.379182
1.203188 2.374913
1.539053 0.980418
1.558285 0.909959
1.207109 2.112412
1.228296 2.028995
1.319507 1.864652
1.217487 1.839531
1.219347 1.374053
1.230672 1.403632
1.263283 1.556406
1.353776 1.661308
1.458254 1.847606
1.405271 1.910638
0.127537 4.437276
0.189418 4.183581
1.597196 0.168348
1.628902 0.224097
1.358262 0.826588
1.444280 0.792422
1.368216 0.778885
1.355030 1.943876
1.201886 1.909908
1.542158 0.426606
1.626727 0.303277
1.639963 0.338279
1.580891 0.214542
1.630531 0.175955
1.413072 1.761784
1.362048 1.700083
1.298463 1.834573
1.292550 1.861014
1.389310 0.964197
1.426970 0.912616
1.637261 1.020047
1.534441 0.892413
1.552233 0.906310
0.918851 2.442539
0.756367 2.452030
1.522161 0.863568
1.610844 0.754345
0.120529 3.708246
0.203768 3.738314
1.612509 0.247108
1.624056 0.139552
1.531215 0.195987
1.592348 0.179140
1.284582 1.569760
1.326216 1.607389
1.454108 1.423193
1.428883 1.474584
1.531434 0.457336
1.554556 0.527821
1.660175 0.792414
1.563412 0.762697
1.244818 2.067541
1.268587 2.056821
1.264515 1.668008
1.276917 1.714543
1.362254 1.841763
1.440893 1.872713
1.646936 2.241040
1.505881 2.190408
1.533280 0.175037
1.559297 0.253818
1.363090 1.674589
1.478527 1.758114
1.205496 1.467389
1.289165 1.452945
0.717788 3.136864
0.644438 3.101074
1.525078 0.583791
1.613673 0.729968
1.301119 2.096501
1.331787 2.094882
1.496075 0.802544
1.383701 0.753689
0.217030 4.103764
0.364238 3.840907
1.142310 2.798861
1.123979 2.886440
1.414365 1.162866
1.490960 1.169161
1.201689 1.908391
1.249012 1.831101
1.489771 1.966275
1.386932 1.916081
0.536382 2.899456
0.609812 2.843643
1.243866 1.757691
1.341208 1.803270
1.361145 1.584901
1.410449 1.607764
1.581374 0.899947
1.628255 0.926961
1.416838 1.254681
1.410185 1.314282
1.554193 0.420108
1.542881 0.315380
1.437373 1.374642
1.489739 1.393924
-16.390076 0.537432
-16.013830 0.296402
1.473108 1.543530
1.488710 1.629959
1.286472 2.074653
1.240306 2.087975
1.484210 1.197131
1.508033 1.111520
1.361078 1.889603
1.421175 1.924202
1.574233 0.125153
1.544575 0.195110
1.363463 0.926788
1.367716 0.917328
1.781881 -0.077428
1.818528 0.108909
-10.804926 0.772639
-11.580539 1.876436
0.399212 3.819391
0.380922 3.771268
1.369588 1.781616
1.386679 1.676753
1.351636 1.434662
1.308070 1.469038
-15.877834 0.377584
-15.574333 0.444241
1.879014 -0.457725
1.821001 -0.238865
1.209851 1.845696
1.302093 1.926880
1.356500 1.965537
1.506145 1.947343
1.435724 0.822527
1.387054 0.743318
1.478257 0.938292
1.424619 0.919914
1.288346 1.583601
1.211864 1.579965
1.352547 1.990727
1.230391 2.012316
1.587509 0.363018
1.601256 0.336943
1.495509 0.762909
1.484303 0.866017
1.608222 0.573006
1.546928 0.528116
1.579266 0.256912
1.545166 0.178368
1.553786 1.007688
1.646988 1.045501
1.558842 0.839252
1.524185 0.848701
1.358941 1.333556
1.383377 1.350028
1.251922 2.058530
1.346353 2.036194
1.328190 1.683734
1.245517 1.757785
1.516976 0.965781
1.563941 1.044827
1.252203 1.615737
1.279897 1.516076
1.286195 1.467130
1.275331 1.448751
0.944665 1.854163
0.787123 1.926344
1.339679 1.930693
1.330479 1.955241
1.834328 -0.462362
1.715346 -0.286684
1.372718 1.825007
1.478449 1.883062
1.468504 1.469701
1.449208 1.469554
1.328141 1.453746
1.289031 1.424969
1.495492 1.013370
1.360512 0.982771
1.429302 1.900938
1.441607 1.820823
1.228656 2.862802
1.078852 2.761373
1.640860 0.716101
1.606687 0.620517
0.772115 2.893753
0.764738 2.792889
1.271428 1.746646
1.333732 1.674886
1.519945 0.173281
1.526695 0.182370
1.184539 2.694511
1.065916 2.789214
1.211911 3.196862
1.266562 3.084124
1.258195 2.018059
1.305563 2.097637
1.438660 1.185144
1.501508 1.167068
1.400089 1.576158
1.477508 1.583157
-17.550472 -1.355323
-17.218498 -1.313128
1.484850 1.686479
1.445468 1.815917
1.304444 1.986493
1.297431 2.101350
1.386775 0.884757
1.403438 0.776549
1.545861 0.972672
1.541490 0.905259
1.624322 0.262244
1.577548 0.223982
1.325575 1.879324
1.213564 1.866893
1.612998 0.669783
1.594030 0.692126
1.382970 1.259393
1.402815 1.346474
1.267079 1.549391
1.273531 1.657481
0.618748 3.415066
0.633447 3.330407
1.267033 2.898316
1.192635 2.596426
1.396365 1.118416
1.468621 1.142065
1.283968 2.000419
1.294050 2.036548
1.664947 0.848121
1.531934 0.746994
1.289837 2.113496
1.208162 1.991417
1.463049 1.888924
1.495776 1.959887
1.499011 0.751701
1.417906 0.830887
1.477467 1.726431
1.502446 1.756022
1.289907 1.484966
-15.622628 0.831199
-15.909119 1.027496
1.874820 0.062823
1.957163 0.093316
1.515194 0.382169
1.559164 0.369384
1.345585 1.363653
1.221456 1.447301
1.663332 0.478982
1.618404 0.492222
1.283615 1.765784
1.079631 2.911237
1.195500 3.037650
1.245072 1.653764
1.274801 1.593298
1.220137 1.978368
1.272007 2.032562
1.317580 2.058636
1.258864 2.063894
1.560246 0.821878
1.573134 0.811272
1.358293 1.825035
1.452310 1.932868
1.404762 1.008875
1.378194 1.038087
1.381711 0.956933
1.465995 0.937723
1.063503 3.047152
1.182117 3.016545
1.221549 1.857664
1.202225 1.883123
1.286935 2.005584
1.249742 2.072841
1.588539 2.237961
1.434143 2.181052
0.166579 3.239160
0.205035 3.343750
-16.413567 0.457006
-16.560118 0.367537
1.481208 0.755204
2.364597 6.408058
-0.268732 9.064870
1.206312 2.065224
1.300172 1.977879
0.959560 2.021164
0.786473 2.004393
-15.101776 1.829240
-14.920800 1.812174
1.253597 1.529917
1.084069 1.507985
1.263363 2.883040
1.062593 2.602889
1.188432 3.713315
1.269998 3.751259
0.331052 3.238610
0.303340 3.503029
1.456831 1.440387
1.483346 1.483847
1.443336 1.751874
1.498911 1.791469
1.576109 0.938821
1.536522 0.938775
1.386353 1.521739
1.486790 1.613143
0.608950 2.844968
0.657878 2.695990
1.205001 1.434644
1.343345 1.448823
1.513966 0.539026
1.605545 0.566412
1.501492 1.353763
1.299314 2.045595
0.173285 3.787877
1.296011 1.788931
1.254452 1.726895
1.296526 1.907404
1.216433 1.936067
1.237024 1.600357
1.338260 1.600192
1.360940 1.593499
1.484415 1.513727
1.425435 1.896490
1.489610 1.943059
1.622658 0.387959
0.148120 3.960441
0.247706 4.009105
1.573517 0.256067
1.300906 2.042660
1.282527 2.069670
1.396223 1.117188
1.662315 1.078812
1.566128 1.102962
1.479381 0.709960
1.365508 0.681240
1.279104 1.482398
1.218043 1.357597
1.476735 0.872210
1.495113 0.773529
-15.386337 0.744114
-15.706478 1.058545
1.393514 1.847493
1.491601 1.878661
1.549377 0.213020
1.658082 0.214622
1.390272 0.777501
1.448969 0.787521
0.830051 2.583608
0.854745 2.377020
1.375807 0.730133
1.513911 1.081996
1.511687 1.092678
1.270184 2.067569
1.270501 2.111367
1.374211 0.919676
1.467539 1.025349
1.382498 0.731557
1.448064 0.720652
0.371625 2.709918
0.228054 2.981883
1.603898 0.471151
1.475664 0.477557
-15.911442 1.255836
-15.578629 1.257692
-14.461919 2.591328
1.376287 1.088153
1.417106 1.195195
1.414614 0.713816
1.414912 0.717234
1.329780 1.520973
1.262120 1.644106
1.627519 1.105885
1.593807 1.167755
1.270899 1.474329
1.267556 1.442143
1.634547 0.587599
1.636522 0.633612
1.530316 0.774234
1.539883 0.886775
1.451518 1.796186
1.582266 0.657769
1.582660 1.104397
1.539169 1.135435
1.293995 1.932950
1.292268 1.877955
1.408541 1.012157
1.606183 1.038034
1.663416 0.892600
1.532208 0.387791
1.541489 0.331504
1.186077 2.938869
1.033669 2.611967
-13.247702 -0.355774
1.221859 2.008494
1.328012 2.022298
1.492713 0.639525
1.404483 0.661273
1.060847 2.609446
1.134856 2.843003
1.338158 1.944239
1.227902 1.835782
1.429089 0.878547
1.437290 0.878063
1.430025 0.682095
1.356731 0.669109
1.564776 0.811194
1.558679 0.767678
1.468501 1.785647
1.405438 1.691995
1.584565 0.122131
1.631301 0.259539
1.428121 1.920457
1.362022 1.949977
1.516980 0.123933
1.576077 0.166950
1.264236 2.026189
1.452126 1.862612
1.456082 1.912553
1.634842 1.158109
1.535643 1.093848
1.328226 1.374030
1.208318 1.369701
1.546164 1.012029
1.868643 -0.304749
1.969113 -0.404283
1.338640 1.479099
1.316191 1.360340
1.253955 1.667084
1.250387 1.711038
1.334060 3.086128
1.342285 3.091625
0.558467 3.349354
-16.315166 -0.461946
1.639390 0.508913
1.573247 0.428320
1.487877 0.732115
1.494574 0.617709
0.666424 2.916844
0.578764 3.046266
1.469882 2.240429
1.591981 2.034271
1.416775 1.193844
1.357302 1.092443
0.788880 3.058235
0.829150 3.145105
1.502353 0.844195
1.474815 0.825792
1.431227 1.026034
-16.704548 -1.086983
0.059031 3.962838
0.015755 4.267989
1.455899 1.258441
1.430857 1.280649
1.550305 0.433067
1.410398 0.696009
1.407288 0.731285
1.447990 1.871665
1.374573 1.973238
1.499436 1.717945
1.190443 1.952144
1.074594 1.913711
1.450906 1.470474
1.477377 1.445365
1.069852 1.906275
1.146088 1.905528
1.419575 0.752819
1.299623 1.629988
1.083246 1.929894
1.084887 1.898151
-17.603144 -1.635984
-17.635149 -1.350878
0.892769 2.977817
0.784593 2.949232
1.382973 2.088031
1.127480 1.911930
1.061414 1.782071
1.186884 1.887146
1.087085 1.934712
1.148550 1.944817
1.657790 1.151678
1.723145 0.017314
1.703720 0.005771
1.554091 1.060196
1.655072 1.072306
1.380171 1.607909
1.431597 1.565144
1.601389 0.191640
1.515229 0.838099
1.644217 0.832696
1.191083 2.006469
1.220352 2.110425
1.551795 0.329592
1.264551 2.095096
1.340737 1.986215
1.407449 0.659611
1.505770 0.611648
1.492260 0.911650
1.339462 2.261318
1.209134 2.268814
1.187666 1.884748
1.204959 2.284340
1.327146 2.225846
1.224236 1.471199
-14.798587 1.189295
-14.942133 0.812838
-15.108571 0.977487
-15.011312 1.090557
1.107373 1.948215
1.422666 1.946710
1.326950 2.220490
1.204141 2.227830
1.364383 1.010005
1.491533 0.907188
1.895047 1.038852
1.851809 1.283273
1.296634 1.925996
1.240957 1.934429
1.622972 0.720736
1.559050 0.638504
0.243386 3.652555
0.393745 3.720708
1.140213 1.897887
1.049210 1.685233
1.084618 1.738857
1.110170 1.754341
1.110305 1.701508
1.669556 -0.026116
1.778089 0.019186
1.459623 0.735915
1.267841 1.438039
1.266753 1.395246
1.551781 0.151404
1.550391 0.146300
1.572848 1.050388
1.270078 2.150915
1.206011 2.231591
1.289398 2.175080
1.226421 2.132620
1.182059 1.720171
1.171163 1.746049
1.201901 2.197141
1.224614 2.232556
1.345560 2.236373
1.240837 2.211120
-16.549042 -0.434425
-16.461645 -0.365442
1.272349 2.279845
1.341096 2.189657
1.187158 1.727249
1.170316 1.810584
1.715746 -0.020684
1.678556 0.039001
0.754744 2.391434
1.017066 2.330889
1.282240 2.240808
1.366074 0.830945
1.403858 0.852711
1.211620 1.223127
1.428358 1.956133
1.783397 -0.875350
1.926899 -0.747425
1.618410 0.355026
1.245122 2.150400
1.120145 1.849551
1.047762 1.828915
1.106270 1.956729
1.094338 1.905785
1.131565 1.669604
1.711269 0.051346
1.731946 -0.012625
1.292696 2.204749
1.257046 0.865972
1.267102 2.180747
1.204999 2.145415
0.343271 3.692135
0.340629 3.556004
1.266591 2.197853
1.204767 2.139119
1.299713 1.213672
1.283417 1.257017
1.095309 1.738818
1.125322 2.570622
1.073264 2.353319
1.181087 1.932421
1.398157 0.731212
1.500177 1.709709
1.500143 1.777237
1.262063 2.260465
1.316847 2.280813
1.501955 1.924337
1.420551 0.969115
1.432823 0.928316
1.087064 1.963959
1.305987 1.311149
1.244680 1.078149
1.830320 -0.772699
1.386729 0.741886
1.153943 1.791221
1.589792 1.175198
-16.215860 -2.598002
-15.914772 -1.088805
1.665096 0.194988
1.653917 0.255600
1.611565 0.985695
1.287109 2.281744
-16.205282 0.178421
1.149964 1.965245
1.265634 1.265711
1.626660 0.932984
1.604169 0.922493
1.632650 0.624286
1.646977 0.603421
1.185507 1.942702
1.114234 1.756163
1.279076 2.031322
1.265408 2.061347
1.208891 1.756076
1.297118 2.175612
1.204916 2.242537
1.219377 2.146207
1.302003 2.178180
1.185202 1.826758
1.796274 0.116014
1.680941 0.089673
1.445648 1.175253
1.457954 1.143283
0.130127 3.472651
0.244564 3.437217
1.315029 1.378418
1.209491 3.195885
1.049147 2.990176
1.173013 1.850781
1.219500 2.238308
1.489014 0.852445
1.492273 0.865540
1.279816 2.964807
1.090236 3.080285
1.550260 0.776138
1.534472 0.804885
1.402035 0.677286
1.434837 0.587640
1.147632 1.945803
1.318993 1.524546
1.241622 1.594744
1.183550 1.685057
1.480389 1.819692
1.453378 1.674155
1.305122 2.247495
-15.526576 0.341216
-15.802832 0.372378
1.295957 1.297403
1.210576 1.327825
1.335264 2.157022
1.222983 2.186834
1.697523 -0.521684
1.716067 -0.624675
1.151449 1.739336
1.175220 1.911793
1.189597 2.844895
1.142854 2.695602
1.206787 2.242301
1.112912 1.900620
1.092931 1.848783
1.300962 1.310539
1.590942 0.859597
1.544117 0.859061
1.573606 1.172446
1.359176 1.873305
1.361105 1.835582
1.154670 1.826681
1.136976 1.961098
1.307460 2.146171
1.358513 1.323735
1.673082 -0.578537
1.963917 -0.584299
1.299665 2.051350
1.340118 2.035089
1.351909 2.212182
1.637432 0.486342
0.931150 2.385111
1.132162 1.741337
1.148749 1.669274
1.602785 1.190421
1.519549 1.189992
1.802794 0.007586
1.745632 0.077931
1.091178 1.871848
1.173414 1.914544
1.185048 1.890217
1.132712 1.953608
1.324212 2.210664
0.859562 2.408459
1.693097 0.019540
1.492942 0.664823
1.488862 0.682418
1.533323 2.227886
0.784495 2.242194
0.981464 2.802268
1.188753 1.871860
1.137550 1.973538
1.518604 0.127856
1.543417 0.193115
1.637545 0.447443
1.548477 0.501394
0.663344 3.507428
1.653008 0.202311
0.407973 3.361060
0.178757 3.445494
1.178761 1.790001
1.088898 1.761253
0.690829 3.418818
0.445842 3.276654
1.103168 1.855497
1.353470 2.264791
1.101351 1.935604
1.174081 1.826507
1.091482 1.762483
1.123591 1.734099
1.388620 0.821842
1.378508 1.679191
1.409269 1.808340
1.056651 1.945470
1.175401 1.821154
1.074982 1.863041
1.093641 1.867063
1.300802 1.305445
1.443882 1.502620
1.305193 2.111858
1.353482 2.140325
1.316951 1.245410
1.329650 1.316513
1.265561 2.256220
1.290809 2.192465
1.516401 0.690074
1.319734 1.972046
1.317767 1.911378
1.483757 0.628744
1.505647 0.602676
1.292305 1.382364
1.378634 1.828617
1.479858 1.822872
-16.313688 0.663155
-16.019566 0.194286
1.221584 2.164953
1.241908 2.180911
1.390835 1.873513
1.392284 1.964108
1.755132 0.035424
1.737912 0.052872
0.937867 2.565979
0.828849 2.529671
1.602269 0.373970
1.209240 1.274134
1.728255 -0.715667
1.725129 -0.633726
1.544124 0.178128
1.632251 0.119731
1.093965 1.806464
1.152761 1.709313
1.399803 0.741375
0.909811 2.473651
0.938999 2.564356
1.667571 -0.094497
1.928547 0.023298
1.385329 0.940774
1.431246 0.901035
1.088595 1.973374
1.594252 0.287158
1.512115 0.630414
1.519808 0.469667
1.255874 2.217762
1.296839 2.259324
-15.557893 1.158500
-15.597506 1.125303
0.836905 1.775907
1.030251 1.909884
1.485004 1.657153
1.151045 1.771988
1.258610 1.204069
1.311423 2.252789
1.217659 2.163278
1.714215 -0.015925
1.078224 1.907002
1.214303 1.226909
1.865492 -0.374207
1.198491 1.991263
1.231147 1.428410
1.288221 1.654330
1.394360 1.091738
1.388758 1.080727
1.273001 1.812163
1.474830 0.666665
1.476209 0.712772
1.650854 0.163954
1.200962 2.030368
1.157912 2.121483
-14.989906 1.288006
1.508706 0.833450
1.497202 1.876465
1.347791 2.216652
1.284456 2.265294
1.120126 1.940862
1.679344 0.053143
1.803976 -0.018259
1.166986 2.048835
1.543284 0.806513
1.623057 0.976286
1.687276 -0.250979
1.590253 1.051192
0.950292 3.788818
-14.823139 1.344782
-15.067166 1.321232
1.316072 1.228123
1.216161 1.320686
1.296720 2.138486
1.248951 2.068990
1.295489 2.069806
1.369760 0.707166
1.060801 1.669242
1.189822 1.795736
1.591770 0.151100
1.612188 1.032720
1.247546 2.256750
1.339276 2.135664
0.304633 4.392575
1.003132 2.570869
0.761446 2.524261
0.767710 2.570945
1.774471 -0.077696
1.209182 2.125301
1.318777 1.455405
1.300345 1.278693
1.254748 1.290693
1.104154 2.110202
1.606709 0.661875
1.576815 0.671317
1.015476 2.529371
0.937536 2.363926
1.083495 1.920016
1.133466 1.844170
1.639462 0.435260
1.616360 0.560695
1.485549 1.246934
1.381233 1.287619
1.114439 1.950212
1.658164 0.848280
1.730161 0.116067
1.048728 2.120656
1.447608 2.253310
1.455303 2.094948
1.393158 1.881195
1.764197 -0.007919
1.236775 3.163093
1.198220 3.067325
1.702772 -0.093613
1.342260 1.225223
1.495517 1.810090
0.236972 3.608009
0.263094 3.731427
1.321902 1.340924
1.248578 1.342149
1.054984 1.806955
0.705053 3.165610
1.409607 0.815837
1.628204 0.201290
1.066227 1.731851
1.061088 1.813361
1.806054 -0.139767
1.806421 -0.151080
-14.889606 1.968951
1.300182 2.222795
1.264070 2.254256
1.662119 1.176432
1.351267 2.777601
1.159043 1.740281
1.605012 0.624385
1.552641 0.658961
-15.164041 1.328544
1.359657 0.858419
1.373366 0.978914
1.181477 1.761749
1.577940 1.658739
1.100081 1.710273
1.501707 0.732523
1.385639 0.677507
1.220957 1.313677
1.540592 1.045495
1.579514 0.914207
1.672763 -0.011605
1.115748 1.829551
1.347124 1.923538
1.100951 1.732657
1.514380 1.285782
1.154543 1.253176
1.698870 0.188522
1.459095 0.669635
1.574051 1.228169
1.597292 1.202833
1.457166 1.974703
0.657197 3.212399
0.621881 3.061617
1.176484 1.714633
1.097027 1.754016
1.168221 2.048543
1.351128 2.274426
1.302544 2.145589
1.081215 1.764113
1.651616 0.403071
1.813693 0.015641
1.290584 1.254394
1.465838 1.695774
1.357313 2.020498
1.497644 2.020183
1.447431 2.114834
1.615098 1.238405
1.053698 1.763325
1.474129 1.474528
1.504908 1.510253
-0.563374 2.060386
-1.564020 2.652487
0.473774 3.383479
1.435949 2.050775
1.419351 2.023515
1.579505 0.541725
0.239801 3.399894
1.446947 1.866597
1.371429 1.883088
1.772460 -0.112411
1.791004 -0.174122
1.299342 1.568822
1.243606 1.467964
1.339226 1.493994
1.169464 1.723216
1.720827 -0.109066
1.670964 -0.166790
1.432797 2.124416
0.465674 2.643898
0.644628 2.605695
-17.054895 -0.622413
1.619478 0.875787
1.539214 0.882889
1.714360 0.249847
1.697935 0.234559
1.168423 1.749449
1.137947 1.714311
1.228173 2.135515
1.462698 2.045030
1.438019 1.074343
1.416576 1.159591
1.592658 1.074312
1.611602 1.153391
1.662525 0.251697
1.330299 1.247238
1.653495 2.046576
1.446809 2.010768
1.657155 0.362981
1.542527 1.286199
1.631241 1.253422
-17.028172 -0.286648
1.185882 2.100193
1.712343 0.039775
1.122237 1.837843
1.528010 2.248548
1.154824 1.924845
1.279089 1.692948
1.239340 1.768183
1.480452 2.072981
1.470073 2.014680
1.216584 0.817032
1.055035 0.977623
-16.312653 -0.499827
-16.185274 -0.465924
1.639961 0.234359
1.439914 2.051389
-0.100551 3.870487
-0.071354 4.001391
1.315445 1.323576
1.745383 0.243400
0.922218 1.358921
1.692122 0.361335
1.930343 0.395090
1.703690 0.119874
1.291826 1.353167
1.255543 1.294308
1.196774 1.714794
1.665866 0.038420
1.389172 1.572693
1.360030 2.084998
-15.883630 0.242046
-15.352436 0.619732
0.088374 3.840651
1.772354 -0.130033
1.729565 -0.152389
1.596813 1.240172
1.738557 -0.185889
1.179242 1.594424
1.099882 1.519639
1.346146 2.088576
1.201320 2.125004
1.129709 2.041169
1.053363 2.072779
1.083669 1.514757
1.144297 2.120880
1.153726 1.584547
0.864402 3.239160
1.092242 1.984368
1.130345 1.975809
1.479474 1.967878
1.377333 1.848927
1.150444 2.067453
1.057824 1.999535
1.591078 0.913872
1.432561 0.791772
1.142089 2.117378
1.118867 2.008420
1.186481 2.084321
1.189182 2.028740
1.231470 1.248376
0.935543 2.148908
1.105738 2.080832
1.504468 0.620511
1.100307 2.069550
1.047584 1.630667
1.159725 2.005394
1.094578 2.006763
1.132790 1.977600
1.235089 2.189597
1.166422 2.034827
1.150883 2.010244
1.489058 0.684801
1.183493 2.006721
1.133936 2.019589
1.117264 2.115757
0.910051 2.251846
1.118496 1.942474
1.166950 1.843621
1.182110 2.114203
1.174947 1.515241
1.141653 1.612214
1.131066 2.063823
1.199272 1.991034
1.533851 1.349083
1.782805 0.249828
0.972818 2.988439
0.442649 3.668736
0.604256 3.630548
1.124115 1.981375
0.096084 4.018970
1.580444 0.954061
1.583605 0.991357
1.585171 0.431217
1.471578 2.028293
1.087132 2.019570
1.004006 2.183954
1.367463 4.735827
1.269143 2.210120
1.482929 1.256508
1.113430 1.662953
1.064878 2.033422
1.099756 2.093668
1.351548 1.381081
1.152607 2.118585
1.924307 0.340559
1.191883 1.793318
1.192157 1.715673
1.144126 1.801450
1.104392 2.008808
1.409824 1.003211
1.209283 1.221264
1.700662 -0.021853
1.813315 0.009117
9.984462 -12.132346
11.396359 -11.568903
1.703155 -0.074648
1.637456 1.333366
1.078831 2.011329
1.664695 0.671916
1.583116 0.596192
9.348958 -8.606297
7.794335 -8.604965
1.088867 1.593531
0.389605 3.650335
0.940693 2.209745
-17.709299 -1.483137
1.288850 1.280728
1.340159 1.240142
1.110070 2.037648
1.536837 0.126048
1.663190 0.747053
1.636967 0.838164
1.808647 -0.162757
1.542140 0.697917
1.664937 0.682772
1.414497 1.982115
1.384448 1.039854
1.470950 0.865314
1.176925 2.091590
1.067017 2.063615
1.403892 1.927841
1.107202 1.835439
1.126241 1.891636
1.205034 1.655239
-0.079575 3.991427
-0.173630 4.097620
1.717993 0.172739
1.713885 0.143942
1.264994 2.141331
1.489809 0.099974
1.622820 0.861199
1.093639 1.531778
1.594261 0.123595
-15.095437 2.053034
1.197684 2.017528
1.187878 2.075307
1.066766 2.003645
1.072361 2.122639
1.603983 0.417695
1.599841 1.305713
1.050226 2.141938
1.500723 1.715944
1.494058 1.722074
1.206997 1.223132
1.645440 1.120953
1.662046 1.152716
1.309624 1.955369
1.348210 1.898059
0.906087 2.190871
1.495231 1.922374
1.570516 1.174325
1.603197 1.159999
1.404032 2.101846
1.391298 2.510282
1.362233 2.339866
1.434924 -0.131635
-13.258431 1.374729
1.573220 0.978681
1.179891 2.137243
1.132331 2.190067
1.152350 2.275244
-0.129708 3.962418
1.469211 2.040460
1.500398 0.713730
0.844874 1.980811
1.109438 1.636529
1.678481 -0.045065
0.760596 2.290569
1.811109 -0.000085
0.441222 2.656052
0.295428 3.766862
0.290500 3.824817
1.378589 1.164426
1.124863 1.678891
1.334360 1.279290
1.004629 2.370339
0.907102 2.950017
-0.493000 4.250296
1.435367 0.867967
1.436896 0.662107
-0.122682 4.017951
-0.163770 4.009740
1.810180 -0.202765
-15.140294 0.932446
1.621962 2.417346
1.193325 2.115101
1.187701 2.029914
0.892141 1.876002
1.373731 1.370890
1.332105 1.781324
1.748181 -0.129641
1.638839 1.292878
1.658481 1.313521
1.176584 2.188241
0.561202 3.316409
1.384964 2.123615
1.091148 2.224920
0.907487 2.431403
1.328102 2.297002
1.339526 1.402141
0.898540 2.420231
1.713778 0.100376
1.014394 2.207950
1.615055 0.434950
1.081808 1.569926
1.295828 2.386477
1.337134 2.391748
1.600266 1.302352
1.551867 1.287392
1.480486 1.890640
1.311854 2.200160
1.646576 0.565972
1.835858 -0.552147
1.333656 2.318824
1.685898 0.212991
1.545496 0.138649
1.560099 0.366833
0.990258 1.912771
1.340776 2.135747
0.891824 2.807439
1.164334 2.461939
1.675911 -0.062260
1.299887 2.400960
0.157410 3.283134
-15.291392 1.256788
1.718024 0.260232
1.041880 2.277644
1.232201 1.204847
1.672932 -0.021911
1.195535 1.999962
1.272034 2.053717
1.156857 1.644064
1.030342 2.715863
1.301127 2.368147
0.942543 2.384515
1.004506 2.347148
0.982295 2.327663
1.164505 2.267576
0.747222 1.711617
1.600602 0.477338
1.187628 2.209511
1.155243 1.906627
1.104314 1.756131
1.682351 -0.166718
1.676651 -0.180429
1.495739 0.895483
1.509796 2.104198
0.162736 3.291452
1.165458 1.221801
1.062472 1.091875
0.153910 3.086881
0.417997 2.864606
1.791722 0.268713
1.544109 1.005448
1.263190 1.207080
1.444069 0.612526
1.446606 1.262224
1.403716 1.512500
1.433164 1.644560
1.520902 0.122950
1.366335 0.092125
1.230462 1.592831
1.626461 0.614321
1.656375 0.889571
0.829303 2.509506
1.250257 2.302353
-10.891904 2.807688
1.195547 1.534234
1.393613 1.935424
1.307828 2.188162
1.792405 -0.007170
0.370642 3.224394
-15.037924 1.443392
1.650728 0.898981
0.802468 2.463995
0.871542 2.581261
1.198683 2.025149
1.786984 -0.082806
1.743397 0.172814
1.633742 1.141930
1.753278 0.029988
1.566428 0.163815
1.614304 0.205292
1.049957 3.193017
-16.212078 0.114894
1.412099 0.647936
1.326403 1.346609
1.262417 1.343651
1.459590 2.015322
1.253317 1.437042
0.739926 2.452688
1.269743 2.038186
0.506102 2.905728
1.659156 0.287583
1.218459 2.430384
1.412348 0.749351
1.293805 1.593984
1.353939 2.288898
1.279130 2.296154
0.791873 2.465952
1.347260 2.340834
-17.547647 -1.464503
1.809443 -0.019000
0.974470 2.221550
1.182166 1.622366
1.611929 -0.068732
1.165041 2.071295
1.167783 3.201655
1.235754 3.087469
1.230925 2.381883
0.048461 3.993593
-0.019980 4.094833
1.205864 2.419147
1.602748 0.768946
1.511931 1.323637
1.691712 -0.086686
1.768519 0.192225
1.474661 2.070847
1.359256 2.055401
1.221834 1.935868
-16.660408 -0.144370
0.902518 2.289120
1.102084 2.064223
1.508804 1.183010
1.369710 1.937898
1.336028 2.404901
1.317785 2.310529
0.893091 2.145085
1.340899 2.405037
1.286042 2.364873
1.525074 0.641133
1.305708 2.410363
0.000425 3.932141
1.075906 2.203141
1.425599 2.592929
0.917276 2.309913
1.693180 -0.173821
1.568452 1.165970
0.891515 2.729249
1.050747 1.619974
1.447211 0.655255
0.867892 2.675142
1.216195 1.272601
1.136065 2.167786
1.155556 1.785865
1.368765 1.840588
0.770966 2.556260
1.328703 2.247476
0.942823 1.832473
1.233802 1.696222
1.488692 1.700498
1.309073 1.171949
1.320633 1.072809
0.866518 2.454161
-13.281353 0.537045
1.248851 2.383260
1.541886 1.031876
1.682108 -0.370982
1.240831 2.381932
1.312994 2.370197
0.824208 2.657803
1.426462 0.681186
1.266171 1.144627
1.345280 1.154369
-1.849832 2.711278
1.237731 2.174229
0.830716 2.681557
1.378984 2.102533
1.640073 1.333856
-16.146759 0.396819
0.938290 1.900258
0.888882 2.992639
1.216695 1.085443
1.626389 -0.001984
1.582687 0.097326
1.321720 1.114999
1.433021 0.121238
1.467338 1.500859
1.102100 2.084573
1.264087 2.332219
1.534197 0.051916
1.565992 -0.010256
0.517959 3.479742
1.894012 -0.176349
1.824850 0.061251
1.153741 1.935878
1.046620 1.826720
0.306244 3.556851
1.668811 -0.123258
1.492220 1.186510
0.731897 3.072306
1.557579 0.260461
1.255513 1.484595
0.982501 1.977871
1.337301 2.374027
1.323220 2.385914
1.342742 1.056583
-15.944826 0.859513
1.690763 -0.104356
1.297693 1.287637
0.742086 2.723584
0.750661 2.645504
1.516422 0.792853
1.504463 0.589102
0.992104 2.059175
-16.169537 0.397169
1.245314 1.604920
1.428964 0.284145
0.773686 2.554946
1.511025 0.104411
1.714886 0.259672
1.585573 -0.004801
0.658925 2.661707
0.943367 2.347177
1.357202 0.968108
1.432497 0.939031
1.035968 2.079012
1.211291 2.392768
1.058586 1.621999
1.208071 2.843667
1.351991 2.045711
1.567136 0.505723
1.751401 0.181608
1.589779 0.025586
1.298166 1.123084
1.006849 1.671484
1.607877 0.671065
1.596219 0.722860
-16.543295 0.492145
-16.296776 0.261995
8.134385 -9.916989
1.563641 1.086354
1.202946 2.242397
0.648001 3.747430
0.688402 3.593797
1.215551 1.126058
1.400619 2.000682
0.940462 1.858666
1.427618 0.013894
1.406357 1.257574
1.196295 1.997239
1.070080 0.938581
1.489433 0.770633
1.264644 2.437665
1.007945 2.084724
-16.283335 -0.451019
0.747096 2.610638
1.543481 1.316894
1.200844 2.271978
1.182186 1.778651
1.262672 1.092647
1.563330 0.138179
1.288139 1.347716
0.755495 2.677510
0.893673 2.018959
1.478259 0.700370
0.929709 2.180726
1.409103 0.547811
1.647988 2.398030
1.156940 2.023582
1.794898 -0.172927
0.803093 2.502168
1.021438 2.169631
-16.325996 -0.377102
1.414525 2.038482
1.513758 0.002002
1.653663 0.931611
1.449183 1.621715
-16.080189 0.396990
1.706952 0.176107
0.905539 2.417882
1.199057 2.257560
0.922497 3.183137
1.553660 1.041909
1.621135 0.027285
1.406664 1.634621
1.906924 -0.343429
-15.936191 0.508654
0.937468 1.844962
0.830913 2.573012
1.409812 0.510189
1.631029 0.114561
1.320114 1.193934
1.471700 0.479397
-0.115940 3.908660
1.252514 2.379427
1.473303 1.786475
1.186378 2.075237
1.126671 1.638012
1.473254 1.083299
-16.205856 0.168219
1.268303 1.128572
-14.873248 1.293946
1.313896 1.372909
1.211423 2.342528
1.427111 0.007672
1.440467 2.118909
1.341650 2.373711
0.651140 2.900473
1.242687 2.343775
0.904332 2.373535
0.970755 2.005914
0.689953 2.839128
-20.042925 -0.735119
1.814299 0.138338
1.339121 2.413726
1.331096 1.219365
1.255177 1.835136
-15.190796 1.729459
1.442367 0.441533
1.235658 2.404392
-16.435022 -0.263336
1.350562 2.329966
0.673297 2.815271
1.300134 1.691810
1.022618 2.021353
1.724049 -0.105092
1.243832 1.052157
1.585600 0.819937
1.610949 0.157533
1.458924 1.962728
1.061323 1.895346
1.467076 0.705605
1.073920 2.321025
1.297429 2.336972
1.595096 1.464342
0.779730 1.820009
1.276810 2.210030
-15.479356 0.264962
1.096823 2.370958
0.758863 2.703537
1.604310 -0.756478
0.699203 3.818268
1.379840 0.399576
1.038347 2.786059
1.622291 1.420488
1.311495 2.292581
1.607675 0.844525
1.568908 0.460310
0.653268 2.776835
1.540936 1.197089
1.519763 4.545511
1.393394 0.506197
1.668586 0.010469
-15.909459 0.676884
1.231846 1.554049
1.316793 2.338574
0.694896 3.475575
1.622538 1.362422
1.562790 0.704303
1.147559 2.099148
-16.048187 0.387551
0.773593 1.739318
-16.382940 -0.263370
1.359734 0.553146
1.187689 2.344942
0.942513 2.075242
1.155053 1.674790
0.692474 2.820318
1.260461 2.430509
0.979026 2.034867
-15.686380 0.546806
0.754164 2.623902
-16.084484 -0.180679
1.659643 1.336454
1.178431 2.344987
0.934541 2.166636
0.491831 3.639149
0.895704 2.016109
0.404022 3.224758
1.588340 2.513689
1.255698 2.340199
1.250459 2.010114
1.577457 1.342063
0.801358 2.076186
0.777431 2.483328
0.933205 2.077654
1.330144 1.160328
1.582652 0.916327
1.178122 1.660139
0.911489 2.451409
1.512550 1.387504
1.510811 2.076480
0.894014 0.625202
0.953732 2.465278
-16.375536 -0.204846
1.213885 1.254404
1.463490 1.740944
1.739397 -0.133729
1.077503 2.131594
1.044083 1.749724
1.495856 1.495715
1.339538 2.326442
1.581771 1.156544
1.483899 1.041844
1.376007 0.857936
0.597040 2.752221
1.351225 3.213668
1.013062 2.100623
1.551210 1.476480
0.430583 3.713609
1.280898 2.353180
1.439411 0.510854
0.856802 1.802396
0.640987 2.992700
0.230550 3.954342
1.818600 -0.126598
-14.801044 1.114512
0.191740 3.785452
1.022619 2.073444
1.052741 2.401766
0.989401 2.102131
0.430635 3.585855
0.862378 2.445460
0.706199 2.765415
0.906289 2.542994
0.099483 4.049533
0.983826 2.525734
1.121298 2.037138
1.437712 0.499740
1.699312 0.257504
1.390722 0.670239
1.490172 1.248884
1.484392 2.021981
0.618766 2.920778
1.524318 1.471043
1.293465 2.387607
0.587902 3.605127
1.034501 1.990038
0.200466 3.795647
1.179998 2.058149
0.989151 2.363705
0.857470 2.621036
1.194829 2.428496
0.936449 2.032466
1.562733 0.170889
0.589146 2.925305
1.126283 2.200649
1.544201 0.080947
1.523456 0.551211
1.200065 2.073528
1.185821 3.403443
1.267137 2.284555
-15.889123 0.682710
1.474897 1.144773
0.999645 2.437590
1.058556 3.137207
-16.386230 -0.290147
0.441690 3.674411
1.474559 0.461861
1.346037 1.290638
-15.986164 0.270235
0.998724 2.007253
1.271157 2.320125
0.664520 3.048919
0.661173 2.875447
1.369701 2.051543
0.852529 2.392659
0.848028 2.673256
1.235774 1.067554
0.893300 2.136816
1.657113 0.132645
1.199780 1.657582
-14.808508 0.841341
0.991567 2.518581
-16.129240 0.245031
1.287052 1.855601
1.112081 1.796808
1.599638 0.362708
0.733439 2.992392
1.124712 2.077348
0.915297 2.258362
0.896737 2.125382
0.774913 2.584447
1.512314 0.982983
1.175317 1.883129
1.626708 0.878984
-15.686873 0.581260
0.650386 2.834914
-16.294456 -0.063312
0.958805 2.471797
-16.051945 0.018861
1.459221 0.526874
1.600899 1.018886
1.106788 2.411554
0.751893 2.427452
1.554083 0.104153
1.257372 1.545637
1.691037 -1.030097
1.786109 -0.222687
1.087479 2.275921
1.332620 1.722311
1.001787 1.827878
1.638622 1.264802
1.736686 0.315790
1.368858 1.596962
1.564684 0.005677
0.505232 3.508255
1.594558 1.425817
-0.081909 4.069975
1.000560 2.068009
1.425206 0.010760
0.600565 3.630869
0.905606 1.980965
1.710899 -0.302775
1.358449 0.683563
1.066311 2.415217
1.677183 0.230956
0.700410 2.923214
-15.984045 0.033119
0.715427 3.565898
-16.820271 -0.641239
1.697654 0.302342
1.297529 3.428579
0.807646 2.678905
0.811134 2.958118
0.800151 2.364241
-16.256575 -0.007617
1.500302 2.007722
1.270352 2.101795
1.297663 1.391986
1.208181 2.362869
-16.759640 -0.775980
0.764764 2.357941
0.822106 2.695194
-14.932134 0.830673
1.015095 2.538572
1.159065 2.334092
1.438329 1.822506
0.589842 3.020260
0.248270 4.097677
1.077260 1.622773
0.254268 3.889531
1.591099 0.832654
1.054763 1.613890
1.343341 2.563963
1.724404 -0.276385
1.132913 1.537350
1.248726 2.495998
0.992653 2.068401
1.188242 1.428648
1.496299 0.775614
0.593478 2.765390
1.029942 2.349070
1.142258 2.241405
1.128741 1.648671
1.249211 1.088289
1.126371 2.254893
-16.380667 -0.032723
1.639998 1.086099
1.103204 2.084061
0.618165 2.749877
1.119181 2.213286
1.599170 1.188853
1.169972 2.182931
1.142183 1.592491
1.258271 2.451115
1.133273 2.162185
1.305063 3.409215
-16.487478 0.052600
1.195242 2.262286
0.892851 2.080152
1.455034 0.474207
-15.786033 0.516506
1.179336 1.656457
1.157115 2.184632
1.523534 1.261837
1.245273 2.561317
1.084529 2.184590
1.425983 2.116307
1.073035 1.634491
0.661194 2.748991
1.494413 1.269673
1.197994 2.260991
1.495903 0.555540
1.266911 2.408355
1.122825 2.131028
1.126705 2.409494
-16.372850 -0.477813
1.552369 0.612960
1.077405 2.219655
1.190161 1.603200
1.353552 2.294727
1.067199 2.185851
-16.807615 -0.614900
1.067888 2.199849
1.095762 1.451027
1.047736 2.212213
1.085655 1.522396
1.156698 2.201366
1.059250 2.224515
0.848840 1.709467
1.813526 -0.417383
1.156992 2.270397
0.525673 3.749731
1.416719 1.485733
1.141347 2.147964
0.419537 4.072721
0.823192 2.358718
-16.140331 -0.065473
1.511810 0.072759
1.396946 1.158344
1.047175 2.234601
1.115057 1.804252
0.837180 2.287250
0.627057 2.913727
1.233796 2.570284
1.414243 2.212620
-16.672068 -0.709999
0.915439 2.560606
1.033577 2.201638
1.130422 2.185629
0.822688 2.470247
-14.803232 0.741117
-16.528191 -0.166430
1.599839 3.389074
1.561168 0.947470
1.372812 2.248617
0.804681 1.838747
1.379947 2.230526
1.352966 2.577640
-16.385075 -0.454457
1.510651 1.716737
1.697420 0.167269
1.168268 2.156859
0.959951 2.025945
1.125627 2.194943
-16.088839 0.386917
0.414097 3.511384
0.908317 2.535429
1.103340 1.408846
1.248684 2.353295
1.667098 -0.248484
1.104446 2.142179
1.528757 1.494014
-16.021919 0.110017
1.353938 2.145200
1.614046 1.308000
1.321823 1.863724
1.381583 2.124103
1.463797 0.711133
0.856488 2.884261
1.115113 2.150694
1.036772 2.124760
1.077049 2.385010
1.201050 1.828473
0.873627 2.413019
0.883339 2.884187
1.958261 -0.460059
1.651378 2.061403
-16.535803 -0.026970
1.294665 1.570251
1.518992 3.434299
1.674404 -0.141128
1.627002 1.137591
1.372688 2.463665
1.666726 0.417653
0.990235 1.994945
1.327591 2.459586
1.088673 1.552478
1.213666 1.428147
0.934202 2.120251
0.992484 2.385935
0.822268 2.607280
0.738043 3.265276
0.885183 2.841802
0.569266 3.283959
1.582065 0.508760
-16.468014 -0.155148
0.605550 3.619007
1.720105 -0.262941
1.385390 0.571925
-12.897799 7.813428
1.400272 0.975959
-16.303839 -0.070116
1.064302 1.485301
-16.801071 -0.250222
-16.346502 0.091948
1.174118 2.319564
0.181982 3.380145
0.568299 3.063830
0.744018 2.788521
0.344521 4.038616
1.800693 0.281692
0.713043 2.811832
1.312872 2.478554
1.397826 0.688055
-16.866346 -0.227558
0.950901 2.437732
1.702554 0.417877
1.156262 2.101433
1.000332 1.998336
1.817615 -0.304352
0.922523 2.082396
1.587554 0.944275
0.800522 2.354364
0.495449 3.104761
-18.101709 -3.265404
1.242526 1.080779
1.326210 2.072065
0.911222 2.164605
-15.322668 1.537018
1.939211 -0.084742
0.734755 2.940812
0.839860 2.369567
1.251442 1.295973
0.624816 2.779692
-16.162001 -0.049947
1.217671 2.303635
1.679620 -0.200926
-16.664925 -0.773591
1.470448 1.993609
-15.910392 0.706890
-15.409764 0.170492
1.199061 2.279876
1.246342 1.067978
1.393023 0.875024
-16.619610 -0.211493
1.507146 2.146833
1.176771 1.477245
1.150091 1.728355
1.776777 0.206090
1.059853 1.621917
1.101251 3.470817
1.357471 2.250046
1.046043 2.443755
0.991443 2.089636
1.342244 2.474357
0.886999 2.607160
0.634138 2.999656
0.744316 2.759146
0.917325 2.260988
1.584248 0.903638
0.539600 3.134799
0.975169 1.930128
1.004679 2.055505
1.421814 1.334701
1.303165 1.165553
0.578076 3.077625
1.505599 1.572330
0.690568 2.563538
0.799315 3.038815
1.559690 1.116150
1.731688 -0.222857
0.656194 3.801889
1.670187 -0.132198
1.162083 2.479856
1.376831 1.198371
-0.180152 4.108286
0.973288 2.567637
1.095930 2.580552
1.681536 -0.275267
1.356727 0.510053
1.633699 1.477381
1.382627 0.705653
1.246804 1.139245
1.465263 2.228235
1.559219 1.341717
1.155312 2.274373
-10.819286 1.448885
1.031246 2.049773
1.069056 3.084713
0.939032 2.154084
0.907923 2.022540
1.180819 2.226919
1.387002 1.850288
1.626451 0.789044
1.450865 1.507642
1.197541 2.575624
1.344158 2.530745
1.551551 1.138302
0.830875 2.304675
0.724313 2.709145
1.512549 0.403921
1.644060 1.365059
1.135797 1.456215
1.033026 1.986346
1.463324 3.715578
0.793599 2.868278
1.190528 2.388145
-16.149542 0.054415
-16.149609 0.332038
0.702762 2.601045
1.076820 2.309566
1.052380 2.543591
1.203057 1.085964
1.256774 1.709633
-16.727507 -0.466821
0.714366 2.662613
-15.811281 0.145835
1.308791 1.356971
-16.218964 0.213642
1.311654 2.186131
-15.804045 0.413767
1.294603 1.833895
1.195514 1.617452
1.212901 2.338725
1.304394 1.145971
1.812586 -0.319602
0.522882 3.075785
0.455909 3.154130
0.795272 2.720681
0.554161 2.525529
1.739944 0.184944
0.863777 2.789974
0.646207 2.773486
0.541860 3.081625
0.873025 2.810358
1.212836 1.336270
1.753781 0.333703
-16.360041 0.091411
0.710076 2.743695
1.525319 1.423013
1.633228 0.692640
1.373243 2.244380
1.310623 1.190539
1.481132 1.917723
0.984788 1.931919
1.000636 2.268517
0.643348 3.452917
1.358259 2.242803
-16.339359 -0.325801
0.150135 3.527774
0.728934 2.628362
1.474992 0.932367
1.003475 2.093316
1.276876 2.529813
1.315856 1.103866
0.306051 3.987603
0.547807 3.614200
1.103042 3.021854
1.199778 1.849384
0.810537 2.458723
1.147713 1.390932
0.770702 2.344662
1.290813 1.143789
0.921702 2.494282
1.375150 0.578494
-16.444929 -0.021227
-16.839905 -0.773637
-17.506147 -1.440088
1.680199 -0.250262
1.745163 0.400290
1.745237 -0.258565
1.176800 1.707591
0.616977 3.006486
-16.373093 -0.357795
1.011635 2.040744
1.258072 1.156554
1.253534 2.331154
1.186316 3.695404
0.695401 2.378554
0.625048 2.649318
0.615078 3.520771
0.769979 3.319145
0.503327 3.362212
0.999243 2.203320
1.118048 2.157372
1.023403 1.812689
-17.613661 -1.180712
1.100109 2.569267
0.810081 2.564178
0.489336 3.334338
1.225086 2.586775
0.520829 3.146227
0.470250 3.107480
1.242032 2.466277
1.267005 2.500809
1.038206 2.119070
1.271526 0.894201
1.090057 2.467052
1.290897 1.514372
0.773312 2.832139
-16.954508 -0.789747
1.208363 2.518545
1.273193 3.435479
1.366232 0.722481
1.477344 0.834810
-15.820084 0.398311
0.648719 2.843045
1.145427 1.375113
1.605784 1.342744
1.045036 3.377570
1.781860 -0.270691
0.989262 2.079033
1.294737 1.156019
0.512211 3.331310
0.489457 3.314683
-16.999945 -0.662616
-16.201056 0.527597
1.053499 3.486927
-15.663643 0.389412
1.009521 2.319383
0.909056 2.264751
1.221609 2.506380
-16.855139 -0.378449
1.336774 1.251819
0.860172 1.832657
0.689678 2.661324
1.363938 2.146658
1.528158 3.719401
1.018845 2.036031
-16.288029 -0.038952
1.339965 1.727313
0.663016 2.756164
1.419370 0.557598
1.299373 2.590768
1.363421 1.527103
1.373492 2.168401
1.572548 0.161080
1.519184 0.039324
-15.982100 0.264981
-13.325873 3.181975
0.722262 2.623354
1.332781 1.127156
1.403608 1.504162
1.041130 2.594537
1.028308 2.007924
0.778325 2.284804
0.810577 2.659727
1.330206 1.884006
-15.111654 1.270159
0.432339 3.318662
1.007104 2.605573
1.274219 2.231360
0.915706 2.637965
1.767613 -0.206556
0.572701 3.265625
0.848471 2.559525
1.192172 2.512988
0.653937 3.108479
1.631772 -0.030553
0.989902 2.194776
1.153804 2.488793
-0.137443 4.366505
-0.049961 4.294196
0.915280 2.533825
0.505001 3.304149
1.015610 1.980633
0.836958 2.472084
0.662758 3.005474
1.571220 2.331598
0.430779 3.158561
0.779753 2.599505
1.606530 1.535570
1.521636 1.298053
-16.906910 -0.668182
0.990675 2.727937
1.575448 1.594993
-16.287298 -0.001052
0.600881 3.175285
0.686934 3.037166
-17.991987 -1.746823
0.632639 3.195972
0.723634 2.663257
1.186756 2.238926
0.380941 3.970475
1.006132 2.341107
-20.043110 -4.279948
1.450583 2.126948
-16.629684 -0.562846
0.922217 2.694013
0.326016 3.326744
1.486220 2.277000
1.208406 1.129182
1.638739 0.737763
1.530026 1.079298
0.398217 3.538667
1.340475 1.376515
-0.182121 4.113013
1.560127 1.445906
1.268461 1.544387
1.299938 2.306752
1.544137 1.238026
1.582313 1.419157
1.495665 2.506594
1.320992 1.556499
1.569616 1.576941
-16.440331 0.015805
0.925147 2.247820
1.727320 -0.208532
0.627564 3.210669
1.115012 1.650879
-14.297191 1.848840
0.439490 3.259187
1.856904 -0.094883
1.359838 0.582088
1.582074 1.541659
-16.561094 -0.271785
-15.771478 0.226504
0.931474 1.912237
1.258679 2.576368
1.056511 2.354984
1.496389 0.743491
1.566710 0.088307
1.209646 2.495419
1.112313 1.383397
0.969971 1.999638
1.241707 1.243679
0.537209 3.316084
1.365760 0.659566
1.653664 0.731175
1.130843 1.194870
0.932643 1.956396
-15.857677 0.242415
0.682926 3.183009
1.327513 1.116216
1.164764 2.269653
0.625068 2.716164
1.536553 1.245562
0.529462 2.972465
-16.540821 0.420036
0.833624 2.284822
-15.923985 0.730667
1.679898 0.248314
1.444021 2.153321
-15.869226 0.637473
0.506016 2.984660
1.569192 0.351887
-16.904722 -0.525950
1.527780 1.515146
-0.172183 4.143569
0.963045 2.142079
1.464736 1.108282
-14.948450 1.749411
1.181391 2.571333
0.650893 2.688030
1.708845 -0.209033
-16.045349 0.161628
0.576033 3.011125
0.528784 3.190864
1.763054 0.307234
0.911290 2.125518
1.585293 2.212520
0.457420 2.493675
1.496869 0.289622
0.568029 3.155891
1.071708 1.602179
0.884545 3.311566
1.789293 -0.281118
0.937176 2.583012
0.670319 3.271954
-16.530653 -0.186179
0.844682 2.646877
1.152685 1.491253
0.997570 2.211226
1.414574 0.511497
0.838020 2.894254
0.986457 2.235582
-14.288412 1.767698
0.901405 2.184810
0.629830 3.031143
1.622515 1.422618
0.513980 3.002935
1.373394 1.420586
0.934947 2.240860
0.741563 1.885587
1.582673 1.205346
0.698255 3.150060
0.983352 2.192717
-13.885203 4.408677
1.572083 1.040032
0.962650 2.176110
1.217633 1.330359
-16.487516 0.297095
-14.505328 2.551640
1.322666 0.928528
-16.892305 -0.221080
-15.539863 0.817031
-15.086479 1.132693
0.466694 3.036738
1.316539 1.529235
1.162576 2.479464
1.021863 2.153037
0.930027 2.398007
1.074915 1.950394
0.925176 2.249716
1.316983 2.507480
1.316509 2.511664
1.655614 1.656429
1.044585 2.722915
0.730514 3.204532
0.175294 3.610337
1.161197 2.319320
1.041682 2.166011
1.024983 2.237765
0.906125 2.161167
1.607144 1.640398
1.479112 0.490371
1.009593 2.531237
1.389043 0.831963
1.070429 2.298537
1.146989 2.379725
0.918915 1.887709
1.194558 2.310323
0.706195 2.638582
-15.617859 0.758837
0.968328 2.208289
0.984566 1.916482
0.944244 2.166449
1.437135 2.201080
0.056107 4.129111
1.109005 1.820075
0.580679 2.936384
-16.268307 0.115228
1.812384 0.368463
0.795889 2.486317
1.067636 2.377336
1.455713 -0.011532
-16.096621 0.021525
-16.114227 0.202231
0.532376 3.160361
1.195230 2.534989
1.306214 3.233176
1.531452 1.397419
0.674905 2.669078
0.985047 1.954043
1.205705 2.719530
1.346033 1.147831
0.902156 2.633956
1.105410 2.326145
1.200841 2.259536
-15.127634 1.314093
-15.560673 0.906578
1.225774 0.764059
0.631652 2.867780
1.266915 3.789086
0.130055 3.932205
0.566813 3.032443
1.141389 2.679086
1.383111 0.541690
-15.513903 0.852701
1.258656 3.719305
1.207134 3.453870
1.294152 2.445318
1.128623 2.919085
1.578101 1.479929
1.314857 1.977711
1.203434 3.087348
1.263132 1.461701
-16.493710 -0.468264
0.762562 3.469868
1.253312 2.676252
1.257714 2.735961
1.231575 1.327611
-15.783526 0.241003
1.107875 2.284770
1.059569 1.480118
0.794651 3.514683
0.314444 3.377681
0.540083 3.174681
-0.180380 4.927471
1.066744 2.625670
0.898440 2.172077
1.095144 2.345252
1.909641 0.219261
0.654373 3.072709
-0.097783 4.336309
1.491320 2.157408
1.143761 2.663756
1.014073 2.545290
0.270533 3.024149
0.841764 2.809161
-16.466505 0.306011
1.356549 1.561742
0.882744 2.869723
0.586533 3.025605
0.338809 3.459585
1.093023 2.336345
1.205009 1.595569
1.398724 1.529690
1.179347 1.589884
1.480276 1.673654
0.997799 2.210786
0.773241 2.634532
1.012180 2.272468
1.141005 1.887691
1.380531 1.537793
0.992009 1.826858
1.270959 2.648459
1.359168 0.919538
1.201896 2.601667
1.050410 2.368829
1.536628 0.674392
-17.479193 -0.742170
1.108512 2.436316
-15.473784 0.850660
1.100104 2.737399
0.691937 2.693120
1.681400 0.344994
1.114291 2.389099
1.144616 2.372261
1.600009 1.216396
1.401389 1.582462
1.048173 2.353076
1.422683 1.454809
1.579284 0.696981
1.184131 2.738858
1.107909 2.430987
1.275801 1.871521
1.221644 1.152335
-16.064917 0.268090
-16.948517 -0.381211
1.419014 1.529500
1.702316 -0.012081
0.371622 3.390170
1.467367 0.861340
1.576901 0.713824
1.256175 2.470482
1.224301 2.233424
1.049940 2.284956
1.419455 1.446100
0.244748 4.025119
1.511577 0.695066
1.174266 2.359457
0.969784 2.306034
1.402558 1.533417
-14.314338 1.372171
0.424719 2.925929
-16.819660 -0.020924
1.147574 2.317799
1.382277 1.445111
1.554879 0.605332
0.327350 3.375498
1.419506 1.461452
1.758025 0.427680
-1.142058 2.323376
1.186567 2.289938
1.432366 1.457526
-16.593348 0.019355
0.852255 2.995737
1.558766 0.744215
1.413942 1.573789
0.713179 3.087841
1.546191 0.646400
-15.629225 0.858993
-0.223354 4.753817
0.577745 3.262723
1.544803 0.710822
1.421876 1.593996
3.680155 -2.561644
0.587884 2.455324
1.019959 2.281850
1.409134 0.443595
1.157579 3.764580
0.250780 4.094522
1.515146 1.484073
1.368070 1.493051
1.373262 1.585599
1.559103 0.760345
1.406473 1.510152
1.359704 1.594627
1.383698 1.536071
1.374020 1.586786
1.061947 1.416827
1.064263 2.313653
1.260479 1.438464
1.314888 2.697142
1.070892 2.298245
1.481279 1.277686
1.201452 2.301912
1.335243 0.930901
1.541722 0.804223
1.593616 1.024241
1.455382 1.076373
1.426799 1.510997
1.544309 0.611156
0.743319 2.487595
1.416063 1.466473
0.690491 2.792784
1.474993 1.171723
1.376445 1.625054
1.518872 0.596690
1.430802 1.471573
-15.575056 0.760722
1.373428 1.529373
1.455541 1.273585
1.164189 1.612113
1.415828 1.590059
0.316628 3.387882
1.571713 0.782843
1.052719 2.458718
1.503622 1.098276
0.837854 1.819883
1.442905 1.118796
1.783180 3.035783
0.800345 2.364069
1.381470 1.588119
1.473118 1.169070
-2.792210 3.368583
1.557025 0.731401
1.381302 1.608078
1.567736 1.252938
-15.626693 0.790958
1.365801 1.423934
1.490524 0.994992
1.392320 1.414467
-17.189102 -0.655831
1.491786 1.178583
1.372276 1.454973
1.415766 1.629162
1.507784 1.240559
-16.778906 0.036406
1.416371 1.534959
-16.269394 -0.158543
1.523285 0.759442
1.421409 1.393621
1.425734 1.619678
1.492192 1.349308
1.474784 1.101679
0.615378 2.595824
1.644071 1.576998
1.360948 1.690156
1.458773 1.279323
1.490413 0.998094
1.417883 1.549390
-0.089524 4.251227
1.486412 2.247155
1.523224 0.625818
1.608735 1.382240
-16.404163 -0.002970
1.217759 2.530786
1.466438 1.146679
1.485885 1.252247
1.366663 1.599845
1.307987 2.541176
1.359905 1.367783
-2.058279 3.705087
1.437616 1.325166
1.380970 1.400733
1.399252 1.740492
1.100887 1.296379
0.861426 2.880315
1.456862 1.167100
1.568162 0.777708
1.034369 3.402215
1.496395 1.831663
1.445585 1.065060
1.578825 0.640097
1.395794 1.391055
1.373147 1.553963
1.420421 1.453503
1.369330 1.507601
1.451729 1.171999
1.482448 1.028437
1.323970 2.066546
1.237440 1.134668
1.547601 1.498158
0.845905 2.552044
0.523739 2.939291
0.744860 2.340719
1.382530 1.384389
0.717388 2.608711
1.371429 1.549581
1.449502 1.300277
1.419926 0.554470
1.493598 0.987164
1.438100 1.059514
1.404797 1.460983
1.129346 0.960566
1.040444 1.841513
1.549955 0.602729
1.378845 1.415879
1.467687 1.150230
1.530617 0.640765
1.380436 1.594263
1.078670 2.688546
0.756763 2.974641
0.939075 2.465653
1.390162 1.398046
1.483847 1.216836
1.510805 1.265277
1.494215 1.324269
1.502195 0.991435
1.391329 1.359239
1.154292 2.029525
1.600269 0.050315
-16.974403 -1.007322
-13.426118 1.117105
0.340699 2.896839
0.695328 2.940937
1.488224 1.298571
1.573825 0.810406
1.375788 1.702486
1.388569 1.531561
1.552800 0.721290
1.565146 0.824021
1.486388 1.023479
1.420795 1.359408
1.510643 1.168428
1.530461 0.671094
-16.185638 0.139893
1.584867 0.594524
0.584737 3.072728
1.490819 1.236482
1.505499 1.082622
0.294930 3.479564
1.452547 0.991325
1.657696 2.605549
1.466080 1.031095
-14.381582 0.502000
1.459906 1.218441
1.253531 2.592628
1.454549 1.126910
1.421425 1.591442
1.522913 1.063479
1.440695 1.379472
1.261664 2.638426
1.367558 1.379193
1.114445 1.472857
1.403843 1.677698
1.406961 1.482018
1.574424 0.562843
-17.200666 -0.871510
0.289038 3.288367
0.855093 2.652035
1.438728 1.254411
1.574962 0.621483
1.791058 0.564958
1.461720 0.965911
1.407238 1.429272
0.855855 2.980261
1.517969 0.740488
1.471675 0.899577
1.218556 1.215673
-14.944311 1.701721
1.572205 0.545446
1.669313 0.472044
1.367174 1.599042
-15.926938 0.141787
1.437917 1.314985
1.501040 0.989903
1.556243 0.670318
1.450934 0.922710
-1.814977 3.552603
1.376564 1.495360
1.445545 1.073754
1.451693 1.078047
1.419823 1.386866
1.122059 3.673157
-0.033923 4.367163
1.496739 1.411098
1.471219 1.284276
1.407947 1.680912
-17.163649 -0.829900
1.586633 1.305669
1.547355 0.578734
1.402394 1.703439
1.430249 1.543298
1.372213 1.531571
1.561024 0.636801
-0.069726 3.773302
1.126098 1.406688
1.476141 0.940670
1.030693 1.960515
1.558533 0.883275
1.353358 2.553791
1.510718 1.153543
1.395216 1.430865
1.527268 0.730243
1.493750 1.094521
1.068009 1.624418
1.195860 2.426529
1.448674 0.938891
1.390876 1.357325
1.415045 1.641356
-16.082737 -0.058785
1.496479 1.404479
0.379959 3.302188
1.536810 0.623159
1.534380 0.770482
1.585782 0.805052
1.417315 1.598795
1.545581 0.527308
1.449797 0.958789
1.467333 1.076626
0.887989 2.283862
1.371738 1.446792
1.531240 0.830997
1.566151 0.710707
1.796106 0.436942
0.999605 2.403243
1.440006 1.213492
1.543309 0.719302
0.798695 2.170848
1.369865 1.539494
1.424888 1.480728
1.493400 1.183720
1.405580 1.525960
0.874648 2.295057
1.463245 1.369748
1.378865 1.376044
1.499683 1.092022
1.260189 2.557379
1.492940 1.165897
1.385010 1.421144
0.296196 3.342302
1.471758 1.041324
1.711918 0.338075
1.449743 1.304240
1.175901 1.241040
1.413033 1.290016
1.415000 1.375937
1.400292 1.505982
1.384083 1.523233
1.461124 1.338590
1.559996 0.760050
1.406308 1.288468
1.555083 0.860945
1.547225 0.733534
1.502121 1.227443
1.372352 1.683514
1.509493 0.924742
1.441844 0.984079
1.447241 1.153045
1.335898 2.563552
1.121919 1.764638
1.770457 -0.999332
1.567945 0.622966
1.433682 1.147862
0.900344 1.885386
1.746957 3.250650
1.916365 0.288712
1.411255 0.451687
1.452961 0.914090
1.522954 0.661361
1.407142 1.288837
1.160558 0.883748
1.530202 0.576617
1.442466 1.096028
1.420868 1.360876
0.314351 3.466104
1.432677 1.593592
1.683605 0.430534
1.463955 1.231087
1.389968 1.392492
1.463470 1.409319
1.448891 1.301261
1.422040 1.295202
1.460823 1.165763
1.536024 0.883242
1.701585 0.429499
1.153647 1.385212
1.368663 1.322698
1.378954 1.498015
0.600326 2.838460
1.606393 0.378433
1.502277 1.449856
1.409255 1.361614
0.536923 2.933719
1.500662 2.189855
1.582155 0.601982
1.377118 1.679282
1.461790 1.090457
1.343997 1.729544
1.476494 1.117125
1.422431 1.308934
0.647735 2.617477
1.467261 1.233271
1.448030 1.294967
0.853664 2.913612
1.746167 0.292704
1.650621 0.442313
1.238582 0.950547
1.564392 0.652563
1.420334 1.333946
1.316685 2.950340
1.537406 0.910129
-15.449784 0.620175
1.499891 1.427294
1.400672 1.498777
1.376136 1.700299
1.434039 0.926508
1.301752 1.741706
1.084820 1.557772
1.256721 1.610447
1.455654 1.396939
1.465199 1.335158
1.402690 2.203576
1.576826 0.723380
1.548317 0.716140
0.433101 2.999709
1.359323 1.654835
1.537390 0.574686
1.319437 1.677349
1.378330 1.342632
0.777085 2.187352
1.557217 0.605848
1.665027 0.398515
0.466763 3.251468
1.486378 1.342087
0.872519 2.375646
1.283096 1.668119
1.305389 1.674402
1.071828 2.307164
0.284938 3.568327
1.310638 1.697476
1.496216 1.402925
1.195062 1.882447
-15.929744 0.444143
1.585558 0.965366
1.565540 0.784221
0.647683 3.058483
1.309775 1.673573
1.364432 1.760271
1.424836 1.326443
1.493925 0.904689
1.498342 1.116163
1.418825 1.635970
1.418741 1.673887
1.349817 2.594986
-0.135459 3.617024
1.510278 1.483074
0.865775 2.877224
1.320949 1.679716
1.516749 0.927475
1.473042 0.820370
1.164488 1.353995
1.448640 0.854194
1.438644 1.174402
1.412413 1.325979
1.475207 1.484115
1.554099 0.674974
1.312495 1.816856
1.444327 0.946891
1.539435 0.638371
1.442482 0.844278
1.798183 0.549492
1.007281 2.837934
1.494478 1.313947
1.443701 1.243717
1.418707 1.465538
1.481357 0.831607
-16.402395 0.154760
1.351622 1.774465
1.294489 1.617126
1.305652 1.708011
1.378148 1.292936
1.295920 1.693247
-15.442260 0.571314
1.325024 1.609573
1.328307 1.800725
1.509721 0.832246
1.361616 1.576461
1.577054 0.904578
1.385923 1.399829
1.312893 1.649020
1.244101 1.211982
1.534921 0.791709
1.372902 1.281787
1.524464 0.963726
1.323826 1.640952
0.973723 2.777867
1.644148 0.391739
1.323784 2.440483
1.451387 0.984972
1.379444 1.671949
1.476685 1.302788
1.309342 1.819599
0.922232 2.514629
1.837440 -0.889720
1.664757 0.497343
1.290181 1.597978
1.549933 0.861694
1.077669 2.023770
0.449701 3.076140
1.545606 0.808020
1.481323 0.867100
1.386220 1.791709
1.450958 1.106601
1.531475 1.040636
1.292114 1.773286
1.488577 1.363381
1.436777 3.255302
1.495579 0.948719
1.420639 0.345942
1.305844 1.700421
1.634666 0.344583
1.409743 1.507186
1.283674 1.771024
1.528754 0.871832
1.285266 1.714291
1.534881 -0.028552
1.343659 1.658025
1.412730 2.354308
1.512014 0.940835
1.430562 1.307268
1.364233 0.304922
1.328484 1.723786
1.431653 1.443597
1.298344 1.768250
1.543253 0.580018
1.441255 1.331493
1.392229 1.295856
1.452716 1.227415
1.643378 0.477314
1.309749 1.798166
-12.536171 0.939035
1.464104 -1.099999
1.300610 1.979167
1.383507 0.393066
1.211971 2.713357
1.587140 0.601390
1.463269 1.368582
1.407632 1.728374
1.466866 1.392888
1.373775 0.409654
1.544652 0.728634
1.375007 1.388147
1.562574 0.668243
1.565645 4.327886
1.591839 0.290383
1.584551 0.566094
1.386356 1.287550
1.630589 0.359296
1.464194 1.031328
1.618473 0.438952
1.495671 1.083415
1.287392 1.379390
1.044506 2.878608
1.511131 0.923135
1.350721 1.762045
1.357421 1.766031
-17.249184 -0.981804
1.343114 1.608285
0.384832 3.113286
1.438668 0.910350
1.564957 0.572550
1.452972 1.164482
1.513277 0.899016
1.355760 1.718876
1.660726 0.327747
1.420678 1.333952
1.418877 1.639340
1.435270 1.293052
1.316501 1.636358
1.568017 0.877567
1.476891 1.225372
1.483874 1.125625
1.327759 1.687220
1.305582 1.785481
1.484228 0.312691
-16.913809 -0.812246
1.338030 1.779307
1.425551 1.338391
1.475905 0.931911
1.375005 1.781886
1.347955 3.771733
1.349937 1.751949
1.565351 0.542351
1.400292 1.653720
-17.471058 -0.812258
0.849163 2.176545
1.468814 1.445205
1.317830 1.147377
1.462483 1.145300
1.003389 2.040234
0.767359 2.639228
1.111214 1.707167
1.453155 1.243089
1.278240 1.861311
1.635292 0.486462
1.438508 0.891985
1.378952 1.749870
0.527130 2.393270
1.172085 2.333398
-12.379495 1.091495
1.350767 1.618099
1.316101 1.727359
1.474549 1.120443
1.369115 1.365326
0.575629 3.487982
1.490672 0.846493
1.631807 0.400383
1.396984 1.780084
1.477644 1.008530
1.475814 1.409954
1.499972 2.163996
1.483696 0.402628
1.494466 1.340080
1.567717 0.532897
1.522791 0.781794
1.434337 1.465486
1.453533 0.894575
1.509640 1.127475
1.571914 0.808678
1.491495 1.447654
1.570733 1.539181
1.367092 1.317133
0.916530 1.763469
1.351932 1.629933
1.366923 1.745806
1.625171 1.423299
1.657720 0.460818
1.455702 1.421360
1.336454 1.781298
1.409905 1.240258
0.339195 3.535084
1.100470 1.497901
1.359716 1.228823
1.426524 1.782350
1.374057 1.636917
1.113588 2.781998
0.630856 3.058620
1.004074 2.889536
1.539556 0.457903
1.432392 1.317426
1.371703 1.798874
-16.348223 0.264949
1.498478 0.870774
1.606177 0.337845
1.661714 0.473410
1.077055 2.769069
1.289345 1.799488
1.396843 1.539447
1.598996 0.375017
1.411687 1.248197
1.339045 1.016001
1.513057 0.809574
1.009549 1.956878
1.361886 0.418124
1.420364 1.249058
1.508176 0.979633
1.455352 1.350378
0.958678 2.392521
1.468397 1.307211
1.758888 0.523912
1.566128 0.883529
1.531860 1.790474
1.542832 0.556259
1.324717 1.855374
1.668899 -0.447041
1.376356 1.213134
1.192605 3.259677
1.445321 1.421998
1.388019 1.264356
-15.078433 1.377837
1.495350 0.888191
0.316422 3.584836
1.635992 0.494691
1.631235 0.512129
1.496662 1.417319
1.403741 1.274144
1.075074 2.585450
1.503546 1.008629
1.776656 -0.396901
-15.528416 1.808890
1.307426 1.864200
1.346269 1.807049
0.546917 3.249834
1.595363 1.194420
1.438914 1.485559
1.322106 1.575167
1.336424 1.853860
1.321038 1.810076
1.324876 1.551510
1.314252 1.869373
1.518511 0.597883
1.566259 0.443733
0.837321 2.252203
1.057786 1.510447
1.565038 0.924680
1.448641 1.573547
1.337613 1.662733
1.624373 0.540020
1.678644 -0.476792
1.512608 0.983815
0.718754 3.069908
1.414815 1.345030
0.376232 3.595138
1.308077 1.838748
1.453189 1.271127
1.557419 0.851269
1.371644 1.521159
1.485149 1.345912
1.446484 1.129122
0.793260 2.286860
1.381443 1.270558
1.475815 1.512798
1.492988 1.574265
1.447942 2.689585
1.355129 2.635232
1.533517 0.626423
1.328196 1.861556
-16.851339 0.038323
1.479237 1.471800
1.573297 0.446602
-17.440237 -1.089717
1.362536 1.263999
0.463156 3.036787
0.747039 2.618203
1.638747 0.504319
-16.676405 -0.265291
1.314598 1.518354
-17.108204 -0.933746
1.151360 2.890792
1.448455 1.149626
1.331775 1.522824
1.582299 0.532312
1.355197 1.892172
1.153308 1.588182
1.628223 1.233317
1.328883 1.550421
-0.116817 3.571428
1.000053 1.471130
1.361637 1.203456
1.460404 1.305649
1.193192 1.203701
1.379641 1.786075
1.344326 1.719551
1.303482 1.649264
1.552138 0.578504
1.381428 1.771018
1.390078 2.312357
1.711188 -0.387497
1.609859 0.401247
1.473153 0.884320
1.304283 1.852367
1.052793 1.476379
-16.742519 -0.803162
1.547695 0.491693
1.643695 0.521411
1.418512 1.647903
1.465229 1.528841
1.381964 1.263945
0.764527 2.160746
1.105392 1.480001
1.331418 1.877845
1.044368 2.750095
1.584310 1.008656
1.475085 1.202615
1.442155 1.450328
1.379188 1.289159
1.516821 0.828825
1.457888 0.805153
1.336680 1.816940
1.453192 0.743403
1.337038 1.559672
1.546668 1.021369
1.451150 1.390603
1.445880 1.108076
1.473404 0.785617
1.448043 0.860229
1.332162 1.528722
1.420710 1.309417
1.437838 0.760667
1.593283 0.299912
-16.433630 -0.193647
1.627285 0.455344
1.303233 1.871126
1.488045 1.510949
1.305838 1.533948
1.491697 1.180042
1.506103 0.279864
1.483817 0.738605
1.376211 1.700992
1.446481 1.247167
1.085146 3.719704
1.282755 1.583413
1.183578 2.881934
1.465105 1.471124
1.035194 1.907303
1.593643 0.364236
1.463995 1.060997
1.513481 1.034568
1.310279 1.821631
1.338375 1.792990
1.450497 1.515147
0.315228 3.728964
-17.140598 -0.914519
1.453403 1.497645
1.379654 0.856619
1.191340 2.851432
1.638627 0.430978
1.684058 -0.380548
1.299729 1.785151
1.427059 1.792601
1.171020 2.027837
1.348079 1.871208
1.399966 1.662640
1.659203 1.551990
0.575252 3.502353
1.323682 1.545753
1.444339 1.381696
1.491851 1.269630
1.453701 0.805760
1.432842 1.382026
-16.261398 0.721932
1.464443 0.531920
1.642631 0.414641
1.298629 1.877465
0.544012 2.593249
1.478582 0.782139
1.431331 1.290880
1.307037 0.912571
1.499587 1.438552
0.460269 3.506203
1.473196 0.986165
1.442507 0.910102
1.586769 0.202924
-14.450410 0.298037
-15.970763 0.482979
1.381299 1.743487
1.771006 -0.385986
1.281441 1.834108
1.627683 0.363369
0.922769 2.090394
1.410065 1.562828
0.802567 2.544800
1.318479 1.878924
1.453645 0.840675
1.531024 0.971098
1.079177 1.381060
1.158638 2.470121
1.505375 0.835137
1.568990 0.646540
1.486330 1.180315
1.488681 1.236840
1.139753 2.570947
1.164901 2.537001
1.289042 1.841716
1.556181 0.736264
-16.676224 -0.711120
1.415752 0.425485
-15.803286 1.034463
0.748462 2.180912
1.559080 0.484834
0.939828 3.427348
-2.779761 3.446324
1.498654 1.410664
1.427405 1.413561
1.646329 -0.104171
0.656817 2.440402
1.427386 1.626879
1.297238 1.896176
1.486378 0.759938
1.182757 2.902040
1.169851 2.544620
1.290796 0.900860
0.532973 3.192389
0.380693 3.301403
1.171731 1.391693
1.328648 1.032909
1.450318 1.340614
1.611535 0.278693
1.619654 0.548512
1.289887 1.036001
1.367165 1.639816
1.413969 1.384719
0.928426 2.684541
1.576717 0.477389
1.850335 0.614418
1.209801 0.956140
0.623283 2.523979
1.470304 1.570715
1.302818 1.831371
1.533967 0.870548
1.446195 0.900648
1.474024 1.435006
1.589745 0.409806
0.821518 2.386449
1.164142 2.548497
1.085612 2.476875
0.664347 3.251773
1.471136 1.351450
1.378426 1.260737
1.510308 1.484331
-16.511158 -0.038215
0.640099 2.715110
1.188531 2.519228
1.267813 1.984240
1.323929 1.790733
1.534137 0.781548
1.063316 2.481870
1.425242 2.196094
1.549821 0.597362
1.500003 1.566525
1.387597 1.486618
1.525964 0.575520
1.115668 1.356354
1.600955 0.506907
1.485019 1.375075
1.748447 -0.418885
1.639391 0.219518
1.512412 0.480809
0.388703 3.561606
1.486369 1.398927
-15.884370 0.477764
1.498254 1.335018
1.468975 1.217877
0.754574 5.094580
1.423605 1.200467
1.426287 1.281129
1.423583 1.195582
1.418331 1.433297
1.123395 2.667646
1.432773 1.174313
1.390914 1.180918
1.397123 1.152140
1.054184 2.450327
-11.852239 1.545155
1.398982 1.125032
1.383715 1.142491
1.367221 1.489336
1.448850 1.535003
1.664986 0.266817
1.567504 0.437063
1.357071 1.177922
1.483924 1.077999
0.711041 3.241286
1.509432 1.531988
1.341049 1.557225
1.291963 1.889986
0.823148 3.412173
1.371551 1.547022
1.470112 1.303377
1.446555 1.160816
1.376789 1.164231
1.432282 1.840916
1.383019 1.676035
1.618584 0.569554
0.752914 2.795137
1.477067 0.761935
1.095802 2.885876
1.550527 0.430864
-16.054003 0.130267
1.459095 1.476719
1.468189 1.395071
1.380314 1.149983
-16.179222 0.439168
1.536645 0.793105
1.484969 1.517541
1.327430 1.672511
1.388103 1.189087
1.305841 1.606186
0.873768 2.135732
1.533395 0.866013
1.448483 0.710657
1.564286 0.563615
1.550882 0.598417
-15.954322 1.033190
1.474468 1.326364
1.093933 1.464568
1.427734 1.490759
1.479796 1.272695
1.426391 1.321750
1.658041 0.392964
1.575601 0.697647
1.616401 0.478352
0.905154 2.416091
0.861591 2.151483
1.352169 2.451864
1.496302 1.193675
0.849673 2.425833
-16.385206 0.258226
1.386477 1.142906
-12.776863 0.429758
1.652197 0.379950
1.596082 0.223688
0.607459 3.280720
1.444863 1.416430
1.398072 1.165350
1.322662 1.501869
1.127316 1.430899
1.101876 2.685719
1.298394 1.920654
1.590762 0.281253
1.356426 1.363359
1.300004 1.490674
1.353893 1.946653
1.641134 0.509828
1.491247 2.858607
1.446079 1.556574
1.311855 1.485548
1.453316 0.741910
1.646958 0.497182
1.412477 1.336062
1.560054 0.485051
1.438982 1.559251
1.469818 1.293108
1.375717 1.685018
1.477132 1.109989
1.505669 1.383721
1.324342 1.968554
1.579745 0.868433
1.472291 0.784124
1.703587 -0.462040
1.344847 1.471037
1.335129 2.447762
1.081823 1.289382
1.339469 1.498139
1.576683 0.870093
1.600698 0.281768
1.479299 1.463308
1.509814 1.292253
1.542688 0.551470
1.647442 0.269722
1.284831 1.972197
1.528637 0.652104
1.354882 1.564615
1.658551 0.241261
1.614111 -0.043689
1.332277 1.494968
1.408316 1.741930
1.648406 0.363527
1.384443 1.370809
1.455948 1.422641
1.499343 1.217675
1.307547 1.958200
1.311121 0.760024
1.583731 -1.116952
1.496322 0.767290
1.395589 1.751107
1.341669 1.955176
0.443743 3.425381
1.489083 0.553876
1.493997 1.646949
1.475773 1.460366
1.370652 1.366661
0.904013 2.836739
1.566123 1.077513
-15.198259 1.531140
1.654511 0.650548
1.603843 2.542116
1.659974 0.636137
1.615465 0.322550
1.448196 1.634126
1.510205 1.567443
1.611526 0.391054
1.157017 1.381064
1.334664 1.957618
1.434398 1.627093
1.516705 0.462657
0.945696 2.007288
-17.125486 -1.050540
1.470084 1.650528
1.474793 1.112948
1.526350 0.923661
1.408732 1.286980
1.615543 0.469004
1.783662 -0.486836
0.898742 2.599467
1.504369 4.149571
1.428612 1.128315
1.052837 2.044634
0.857218 2.259271
-15.820518 1.018532
1.503493 0.764530
0.786822 4.346095
1.420841 1.415288
1.439564 2.143084
1.193179 1.413722
1.389903 1.746736
1.476780 1.480181
1.543052 1.644348
1.500020 1.545962
1.627598 0.439359
1.457923 0.893293
1.520272 1.090417
1.723677 0.486997
1.644268 0.210671
1.353234 1.716737
1.629073 0.645371
1.299860 1.974256
1.644803 -0.173122
1.470982 1.619400
1.487479 1.133665
1.609294 0.368355
1.505563 0.701230
1.402401 1.245732
1.576959 0.921072
0.749076 2.199308
1.923428 -0.208417
1.587952 1.068720
1.367407 1.548521
1.507430 0.705338
1.509008 0.722474
1.441442 1.344319
1.385990 1.318143
1.463136 1.467093
1.560340 0.481474
1.435170 0.689419
1.389546 1.144475
1.422352 1.304702
1.339856 1.955066
1.614927 0.221849
1.454825 1.512161
1.657382 0.483417
1.507530 0.660579
1.506662 1.643341
1.485427 0.761516
1.287736 2.623588
1.596857 0.328800
1.355783 1.960929
1.426793 1.835027
1.463256 1.479422
1.601981 0.176654
1.477012 1.377119
1.525865 1.099610
1.301598 1.158944
1.512889 0.558054
0.199911 3.172712
0.844243 2.639421
1.003570 2.473391
1.292132 1.778901
1.637927 0.308773
0.455157 3.093190
1.321811 1.503515
1.655694 0.605985
1.401552 1.601507
1.445114 1.419072
1.503750 0.665831
1.660948 0.401916
1.417921 1.477494
1.479354 1.624990
1.610715 1.515776
1.372464 0.007541
1.063242 2.556879
0.879980 1.978039
0.641312 3.042212
1.538758 -0.139273
1.409172 1.766611
1.596966 0.325867
1.468463 0.801281
-15.458499 1.289962
1.282996 1.488332
1.367311 1.098848
1.487069 1.349419
1.408570 1.084159
1.375589 1.068052
1.466785 1.444196
1.301397 1.500018
1.381846 1.094037
0.937629 2.778434
-0.083737 3.795008
1.632282 0.499398
1.663747 0.411598
1.516101 0.521889
1.382281 1.121803
-16.258999 0.534835
0.482693 2.790475
1.087959 2.288843
1.390937 1.206786
1.645386 0.406778
1.551824 1.024026
1.568002 1.808722
0.867526 2.166941
1.515490 0.384027
1.311431 2.804226
0.793573 2.347109
1.580774 0.583347
1.361519 1.119531
1.648337 0.247991
1.142935 3.628053
1.076226 2.709526
1.803872 -0.493719
1.545824 0.394012
0.151032 3.790513
1.312490 2.900272
1.550111 1.071374
1.546473 0.382305
1.585391 1.114556
-14.804613 1.362854
1.543949 -0.158647
1.427580 1.891473
1.516857 0.355698
1.387145 1.091532
1.116836 1.645781
1.480791 1.222101
1.429495 1.342328
1.195587 2.669990
1.444672 1.621750
1.165965 3.545278
1.152180 2.728458
1.479380 1.488903
1.657305 1.544848
1.579797 0.356441
-15.635270 1.281667
1.461340 1.342111
1.576232 1.140485
1.232553 2.442788
1.149642 2.805613
1.419361 1.126819
1.582945 0.352382
1.644117 0.461167
1.205906 2.306823
1.420586 1.245606
1.588968 0.405883
1.777070 -0.919692
0.537880 2.873680
1.347801 1.905893
1.553636 1.117876
1.649699 0.304936
1.565869 0.514857
1.522052 0.398851
0.544973 2.837449
1.566739 5.574146
-16.904774 -0.777287
1.366110 0.574993
1.483675 1.262138
1.373651 1.328892
1.032851 1.840562
1.366627 1.217756
0.125576 3.558966
1.479573 1.509959
0.485174 2.799190
1.040109 2.665766
1.534583 0.501978
0.608336 3.328578
1.611408 0.441487
1.313469 1.614228
1.461092 1.560804
1.381392 1.442413
1.495938 0.695712
-0.160088 2.728847
1.600169 0.362240
1.632542 0.658828
0.965354 2.366346
0.891190 2.942958
1.598253 0.514761
1.124838 1.336146
1.516123 0.423783
1.061224 2.258648
1.273162 1.800646
1.447342 1.617016
-13.841842 2.937749
1.449339 1.637185
1.406664 1.048143
1.273884 1.816775
1.281387 1.408585
1.213972 1.811359
1.256286 2.953069
-17.198584 -1.381290
1.293371 1.470297
1.379912 1.146352
1.233169 1.819459
1.167837 2.678582
1.339216 1.397926
1.272808 1.786208
1.546698 0.427689
1.241754 1.755113
1.188775 1.475329
1.302927 2.821904
0.249772 3.763989
1.467154 1.446830
1.356113 1.457136
1.467768 1.593540
1.277580 1.760260
0.891373 2.241892
1.304350 1.631998
1.398978 1.175758
1.634876 0.501569
1.155170 2.077931
1.432777 1.247040
1.296826 1.428037
1.568990 1.180741
0.700344 3.294421
1.535256 0.406694
-13.811127 4.371966
0.996433 2.696044
1.339198 2.015818
1.572445 0.775186
1.485163 1.266418
1.181552 3.335141
1.204752 1.695004
1.253440 1.684501
1.418003 1.169368
1.474732 1.399109
0.666299 2.828299
1.246144 1.728701
1.253804 1.671806
1.253011 1.730284
1.628024 0.492081
1.284387 2.022046
1.628215 0.617958
1.464529 1.526403
1.605213 1.722315
1.336883 0.855283
1.589559 1.587193
1.234527 1.716489
0.640238 2.740343
1.206293 1.866050
1.396783 1.088331
0.144980 3.824057
1.501481 2.439825
1.276315 1.844125
1.247410 1.817959
1.222640 1.694187
0.225363 3.617154
1.241369 1.854825
1.447657 1.512109
1.248814 2.608872
1.597191 0.417809
1.649796 0.460167
1.635914 0.596467
1.577740 1.095101
1.416607 1.923104
1.251273 1.826187
1.645999 0.590990
1.232357 1.780908
1.209665 1.858320
1.485029 1.572121
1.397753 1.072819
1.545528 0.908061
0.868297 3.189014
1.664458 0.119511
1.648473 0.733888
1.645794 0.296667
0.875219 2.307681
0.703549 3.064244
1.243069 1.736503
1.124035 2.635733
1.402215 0.997618
1.668157 -0.440830
1.497823 1.333509
1.132653 2.642823
-16.017334 0.444648
1.137988 2.636235
1.589390 0.728086
1.361333 1.035871
1.271682 1.877506
-12.716669 1.475369
1.585538 0.360245
1.548844 1.125152
-16.230679 0.646581
1.640614 0.634403
1.600314 0.478280
1.082891 1.213917
1.379351 1.149580
1.549059 -0.143015
1.097931 2.648008
1.306821 2.016356
1.114416 2.662601
1.392883 2.397470
-15.004450 1.850882
1.606319 0.732505
1.429184 1.038503
1.465421 1.740789
1.439175 1.456104
1.619493 0.126890
1.040385 2.791677
1.213096 1.850849
1.527130 1.034306
1.205828 1.670869
1.389230 1.901482
1.490277 1.691582
-15.591251 0.646599
1.352803 1.637399
1.228102 1.738133
1.252728 2.831633
1.606218 0.162016
1.638600 0.725166
1.425204 0.982295
1.475489 1.542433
1.090677 2.969198
1.505032 1.235189
1.484399 1.739434
1.614310 0.615442
1.416015 1.024955
0.234662 3.657779
0.575276 3.151609
1.481052 1.406653
-15.868333 -1.515734
1.421899 1.063377
0.743718 2.032266
1.468553 1.717013
1.439798 1.687454
1.370521 0.974268
1.431159 1.379374
0.912218 2.928581
1.318672 1.401254
0.710774 2.580801
1.648194 0.617446
1.044074 2.936149
1.496184 0.310096
1.466398 1.627924
1.346546 2.087988
1.439380 1.619841
1.261167 1.596382
1.637195 0.174757
1.383646 1.953845
1.541202 1.730759
0.830494 2.234596
1.471091 1.504059
1.564970 0.022075
1.493181 1.568463
1.216923 1.638863
1.471277 1.701456
1.661551 0.638192
1.631223 0.468697
1.207837 2.607167
1.410846 1.096780
1.131004 1.404457
1.263648 1.661998
1.646569 0.505566
1.589730 0.665358
1.457564 0.622983
0.904711 2.298573
1.216452 1.739471
0.446900 2.792418
0.161578 3.575292
1.405077 1.080099
1.402238 0.995769
1.216710 1.968876
1.479658 1.651731
1.272845 1.900235
1.301012 0.756577
1.426406 1.985090
0.251060 3.788331
1.490855 1.688074
1.236423 1.936217
1.272863 1.956138
0.927036 2.322260
-15.645261 1.182355
-16.427694 0.367822
1.226175 1.939232
1.481855 0.710161
1.006850 2.340708
1.212725 1.951969
1.240617 1.939876
1.378204 1.404701
1.444429 0.640653
0.512720 2.829584
1.628318 0.187850
1.627399 0.525891
1.054412 1.798723
1.318145 1.446137
1.407634 2.527912
-16.360071 -0.125493
1.316489 1.408070
1.405818 1.064998
1.075150 1.432167
1.500800 1.738695
1.454511 1.521623
1.536338 0.405766
1.298614 1.335006
1.323460 1.314961
1.280271 1.575772
-0.024260 4.878080
-0.125718 3.630832
1.645077 0.588587
-17.196775 -0.400174
1.536216 1.217921
0.270062 3.752680
0.462716 2.550774
0.759051 2.416213
-15.827171 0.808006
1.319527 1.377501
1.641418 0.509945
1.368154 1.131938
0.026845 3.225350
0.624616 2.584155
1.625909 0.498089
1.352144 2.901505
1.576433 1.225083
1.334203 2.148060
0.493058 3.151784
0.809249 1.525068
1.620543 0.669159
0.276990 3.739522
1.322714 2.924929
1.621945 0.612504
1.414556 1.039291
-15.442027 0.681089
1.556977 1.719002
1.419333 1.025196
1.655617 0.635600
1.655474 0.709860
1.359192 1.080248
1.476906 1.476166
1.256533 1.917776
1.320166 1.337224
1.620113 0.520558
1.474930 -0.006126
1.697278 0.580366
0.598001 3.284557
0.387946 3.163182
1.231872 1.599937
1.141670 2.962441
0.873332 2.316235
1.261165 1.720107
-0.268825 4.193555
0.942365 2.971869
1.910265 3.871247
-15.687530 0.407050
1.532946 1.206306
1.390075 0.484763
1.428042 0.584210
3.721316 2.130063
-16.641760 -0.944990
-15.060936 2.558991
0.935657 1.541464
1.199015 2.783256
1.310095 1.411761
0.800178 3.177822
1.795635 0.617371
1.248069 0.879561
0.621685 2.988606
1.750714 0.634306
1.393244 0.925230
1.127607 2.790816
1.418377 0.930862
1.261129 1.583637
1.126891 2.887903
1.204054 1.556957
1.335624 1.379276
1.421202 1.942186
1.271457 1.455911
1.525638 1.091771
-0.350715 4.618350
1.437721 0.394130
1.701918 0.257808
1.341783 1.325199
1.198218 2.905253
-15.457107 1.204202
1.394143 1.090839
1.376441 0.990670
1.328704 2.117512
1.263972 1.583353
1.298865 1.479560
-15.353621 0.454700
0.395817 4.261200
1.544956 1.232117
1.380897 0.956198
1.536240 0.321387
1.256171 1.567975
1.571413 0.343521
1.472546 1.692382
1.212963 1.987331
1.273796 2.037942
1.311522 2.022173
1.547869 0.318162
-1.998532 2.831460
1.562266 0.279838
-11.805148 1.641027
1.652648 2.371521
1.425899 0.927759
1.472743 1.721094
1.338865 2.087110
1.345968 2.115595
0.639283 2.357639
1.552805 1.291351
-2.741759 3.856189
1.391269 1.037559
0.267377 4.427229
1.162716 2.826413
1.612802 0.779498
1.560289 0.336828
1.415329 1.113629
1.251593 3.580161
0.793024 2.980409
1.528555 1.350045
1.388343 0.897416
1.265573 1.636434
1.583098 0.285500
1.350000 2.075454
1.584100 0.304453
1.608301 0.751682
0.958381 1.739208
0.861424 3.972507
1.418655 0.942671
-15.955987 1.021181
1.652900 -0.040221
0.561764 2.753300
1.628848 0.748281
0.995229 4.291052
1.627312 0.105178
1.494232 1.623642
0.845433 2.628418
10.976851 -11.529654
1.291473 1.414090
1.082162 1.329955
1.637546 1.299088
1.328922 2.111859
1.189279 2.797379
-11.712565 1.759836
1.556760 0.346236
1.394686 0.962521
1.811570 0.126360
0.751171 2.237359
-17.538971 -1.692353
1.371722 0.277381
0.983775 2.748259
1.505091 1.768485
0.904820 1.562816
1.620388 1.699671
1.599703 0.777741
1.627175 0.744270
1.446763 1.800194
1.283214 1.433057
-15.625071 0.445714
1.206862 0.902179
-14.974414 1.402174
1.629472 0.799692
1.452513 1.749358
1.598400 0.714585
0.483972 2.841029
1.416739 0.953221
1.453656 1.772789
1.428085 0.917264
1.514025 1.246065
1.652066 0.781469
1.222538 1.636845
1.440889 1.810525
1.488377 0.556922
1.590076 0.740126
1.204769 1.533581
-14.359284 1.454199
0.971603 1.795440
0.767001 3.707551
1.282465 2.906635
1.211555 3.167932
1.120968 3.259364
0.982330 2.732432
-14.322582 1.504804
1.643068 0.600900
1.373783 0.926343
1.515502 0.883472
1.689809 0.649599
1.590315 0.752550
-15.010312 0.278737
1.864617 0.918274
1.279620 2.915832
0.943484 2.739990
1.464215 1.787743
1.303892 1.221125
1.535262 1.333250
1.347233 1.428781
1.455984 0.506679
1.479526 1.768716
1.598618 1.968179
1.490025 2.299065
-16.507627 0.385336
1.508007 1.596807
1.136729 1.793173
1.147998 1.825192
1.439108 1.713071
1.283207 2.821446
-1.814268 3.148451
1.622962 0.800604
1.425751 0.920696
1.199316 2.852380
1.125790 1.795417
1.159975 1.868935
1.147370 1.756197
0.836958 2.215339
1.183549 1.862493
1.039408 1.712805
1.588078 1.306679
0.436408 2.784157
1.740018 0.314691
0.436469 2.831363
1.497279 1.682231
1.637290 0.792318
-0.367792 4.252607
1.359862 0.909897
1.573010 1.277351
1.448786 1.766731
1.546507 1.177260
-15.307448 0.984970
1.456655 0.505996
1.395133 0.849274
0.644397 2.839816
1.444992 1.812947
1.250238 2.113415
1.219993 2.080140
1.155771 1.750667
1.403640 0.935942
0.651958 2.729903
1.508889 1.786681
1.365741 0.877084
1.259229 2.069857
1.606558 -0.047446
1.494677 0.335731
0.827820 1.921626
0.329299 3.719710
1.224458 1.575544
1.342556 0.843161
1.371957 0.932888
1.523799 0.337783
1.217505 1.457342
1.276681 1.636924
0.902476 1.670821
1.242851 1.487469
0.363474 3.772992
-0.398272 4.185347
1.397661 0.897466
1.565689 1.735128
0.743025 3.133680
1.358277 0.821018
1.226446 1.657090
1.232349 1.464332
1.503950 0.592995
1.268066 1.439004
1.251316 1.470007
1.274394 1.562486
1.177279 1.958349
1.171190 1.957333
1.176937 1.928396
1.200549 1.720415
1.026530 3.219457
1.534053 1.341211
1.419790 2.343153
1.492246 0.604275
1.570292 0.296830
1.261439 1.451204
1.676863 0.704579
1.519009 1.269658
0.854471 2.399541
0.814901 3.106062
1.209278 0.874911
1.142019 1.720045
0.691270 3.237923
0.546459 3.821250
1.616623 0.703066
0.986698 3.010321
-13.472006 4.350502
1.540808 1.127842
1.385526 0.897533
0.431132 3.597413
1.351536 3.058318
1.623216 0.826500
1.297488 2.834569
0.280930 3.770369
1.471992 1.767662
1.444471 0.347507
0.800688 3.067720
1.606779 0.684413
1.381132 0.889018
1.949914 0.827290
1.530250 1.424969
-16.738268 -0.086815
-13.090830 1.184425
1.019057 3.535528
1.244591 1.434862
1.245781 1.494495
1.172799 3.061721
0.130155 3.975893
1.130582 3.171373
1.117214 3.439052
0.209462 3.874851
0.830741 3.128082
1.334026 1.171204
1.282314 1.279858
1.779575 0.998603
1.349519 1.202006
1.509748 1.826080
0.925585 1.749556
1.266655 1.463299
0.629874 3.961599
1.444024 1.757728
1.525106 1.402563
0.974766 1.623224
-0.100372 3.754212
-16.947670 -0.500356
1.138240 2.799839
1.376675 0.844936
1.047871 2.985852
0.712431 3.468773
1.537632 0.211395
1.449038 2.745305
1.502891 1.866284
0.585906 3.979132
1.583834 1.498489
1.217299 1.499227
-15.454056 1.509595
1.313910 1.200390
-14.742732 0.594477
0.783215 2.192862
1.557587 1.777822
1.210012 1.386174
1.621490 0.856434
1.626851 0.693010
1.404512 0.747654
1.572377 1.463506
1.179938 1.278308
1.463968 1.801445
1.569639 0.239837
0.977393 2.446504
1.255080 1.357524
1.503392 0.509364
1.211331 1.368725
1.267291 0.820763
1.544557 1.936707
1.141916 1.612709
-11.870120 1.479909
1.368021 0.849928
1.230630 1.371968
1.541934 0.247150
1.503892 2.296077
0.784568 3.602429
1.346245 1.152907
1.634605 0.901795
0.299645 3.411993
1.401054 0.834437
1.595544 0.917553
1.635328 0.789128
1.251118 2.536707
-0.129201 3.549000
0.477737 2.860654
1.315514 2.918225
1.503677 1.890808
-11.724666 0.836529
0.802402 2.004865
1.561965 0.225233
0.457022 4.140251
1.614897 0.848261
1.587867 1.480153
0.192754 4.291302
1.190236 1.634940
1.232840 2.951605
0.876817 2.069193
1.649435 -0.045310
-3.029563 3.768751
1.525481 1.479858
0.330170 3.826839
1.290766 1.141870
-16.359177 -0.950000
1.571031 1.354315
1.078870 1.938785
1.415303 0.779526
0.812597 2.001266
-13.081813 1.550441
1.338805 2.770292
1.085043 1.269394
1.296790 3.182724
-15.929188 -1.149370
0.480265 3.558653
-16.455959 -0.743346
1.485576 1.782683
1.092114 1.342108
1.727748 0.867008
1.644244 1.914631
1.113417 3.846921
1.265330 2.739223
-15.658944 1.633531
1.338618 1.065240
1.621476 0.964634
1.599849 0.884032
1.081343 1.355729
1.186149 1.135680
1.111380 1.787683
0.771646 3.689884
0.764846 2.423146
1.068599 0.861861
1.407752 0.497994
0.656509 4.653265
1.381433 0.800954
0.317128 4.428245
0.696136 3.601537
-17.273777 -1.088400
0.771547 2.120219
1.553748 1.321699
1.601811 -0.147289
0.012935 3.792745
1.914192 -0.407148
1.062212 1.842262
0.602299 2.329549
1.399795 0.782876
1.232859 1.385389
0.628431 2.315925
1.266331 1.380523
1.475238 0.180110
1.339733 1.172740
1.264616 1.307509
1.408905 3.289043
1.250754 1.284621
1.550990 2.666702
1.337008 1.164027
1.541465 1.518719
0.771075 3.076094
1.409169 0.746745
-16.316105 -0.541399
1.060128 1.801624
1.584863 1.847624
1.466852 1.851000
1.083972 1.272160
1.643085 0.815903
1.900274 0.645145
1.094665 1.258587
0.688682 2.396375
1.236811 1.286173
1.593332 0.825609
0.375815 2.480217
1.195480 1.587729
1.609400 0.894739
0.508752 2.691279
1.651396 1.013433
0.929352 1.611977
-14.515434 1.004819
1.077411 1.152537
1.391145 0.199276
0.760855 2.916431
0.730712 2.429751
1.931925 -0.468896
1.255275 2.691972
-0.169773 3.283204
-16.730291 -0.970480
0.874901 1.997298
1.426442 0.703994
0.761804 1.503448
1.049393 1.814379
1.729751 0.804138
1.571226 0.174105
1.543304 1.366254
1.535679 1.621324
1.351814 1.089801
-13.847946 0.247899
0.370770 3.016747
1.492353 0.429260
0.216414 3.433426
1.776365 0.820276
1.433981 0.410777
1.647547 1.052711
0.871085 1.955570
1.969880 4.189931
1.583325 0.126846
-15.010785 0.556806
0.873612 2.530069
1.561908 0.179796
1.255021 1.244289
1.375309 2.721388
1.696960 0.420821
1.164687 3.088914
0.759389 2.566082
1.113773 0.685652
-1.084085 4.084751
0.933130 3.010235
1.814373 0.989191
1.033444 2.887337
0.810579 2.943056
1.642374 1.087449
0.883987 2.516515
1.518821 0.160235
1.393683 2.521068
0.453004 1.988503
0.517830 2.682201
-17.015175 -1.384568
-14.257591 -0.030822
1.664665 0.946427
1.214862 0.669308
1.500451 0.355948
1.234578 2.902498
0.890447 2.028538
1.344665 2.881574
1.692784 1.139696
1.266093 1.261789
1.656527 0.993517
1.728951 0.566270
1.458824 0.360512
0.826930 1.664020
1.553499 1.619705
1.393842 0.702578
-16.837637 0.111854
0.829004 3.419435
0.345782 3.031180
1.012708 1.571965
-15.080227 0.927571
1.380383 2.506675
-14.543577 2.526201
1.659349 1.061670
1.546969 0.132457
0.980044 2.444574
0.810807 2.514074
1.427987 0.193769
1.614422 1.176455
1.539852 1.634902
-14.899998 2.325568
1.687065 0.914115
0.902519 3.122720
1.356332 0.591236
1.074748 1.593913
0.542216 2.346771
0.893736 4.042324
-14.030717 1.200299
1.914290 -0.483008
0.763631 1.477181
1.595467 1.985189
0.952462 1.533106
0.975849 1.602002
-3.592243 4.314825
0.231111 4.381985
1.541704 2.013502
1.698749 0.608611
1.732195 1.162937
1.561103 -0.306214
1.269923 1.223022
-0.849028 3.551852
1.357386 0.630615
0.918990 2.732660
1.619736 1.274121
1.635210 1.260804
1.514384 1.635950
1.670568 0.649827
1.123924 1.638242
1.627215 1.208020
0.790774 2.128926
1.676620 0.865963
-17.196184 -1.135250
-0.215214 3.893524
1.215121 1.232640
-16.233700 -0.351996
0.029681 3.646986
1.207305 1.224552
1.531409 1.816487
-16.127733 0.871387
1.571276 2.003969
1.099295 1.592548
0.538559 1.992492
0.743006 3.468250
1.590257 1.086003
0.436200 2.189361
0.372085 3.858752
1.845342 1.706029
1.634165 2.249703
-0.013246 3.131985
0.828650 3.372309
1.678697 4.975857
1.664170 1.355734
-16.677368 -1.088333
-15.877752 -1.004128
1.747200 0.846097
1.623983 1.054005
-1.582752 4.359483
1.700077 1.282994
1.403401 0.603081
1.632879 -0.280388
1.278944 0.585265
1.656983 2.245919
1.639830 -0.454783
1.062960 1.538633
0.881554 1.564505
-15.257615 1.666674
0.978113 2.867137
1.628656 1.113117
0.123065 3.516286
1.592987 1.363870
1.711383 1.350497
1.199501 1.102974
1.238324 1.155834
1.259753 1.193502
-0.314034 2.658363
-16.813389 -1.619223
1.618896 1.134456
-15.087791 0.909208
-16.119999 -0.593798
1.115465 1.566028
1.488262 2.449265
1.764781 0.820165
1.426273 0.553048
1.593462 1.168036
0.502551 3.683428
-16.416079 0.614393
1.592453 1.435804
1.593466 1.438204
0.397292 2.756589
1.646020 1.458489
0.413702 2.865889
0.470262 2.558035
-15.356252 1.629241
1.970352 -0.464410
-15.505732 1.595497
1.273722 1.009649
-2.953030 3.916862
-0.445050 3.742230
-15.316889 0.341193
1.757592 1.095731
1.601335 2.240496
1.620125 1.549826
1.708618 0.860983
1.443189 0.073281
1.239961 0.994483
-16.425140 0.680017
1.604071 1.371473
0.720453 2.088542
1.592676 1.566143
-2.160507 4.193153
1.597240 1.498836
0.498083 1.752760
-0.429236 3.618728
-2.774019 5.939456
0.784421 1.653680
1.683233 1.501568
1.421914 0.450060
0.441661 2.965659
0.695109 3.691504
1.934479 0.127801
-14.892278 0.592474
-11.698257 3.134639
1.793719 0.645306
