-1.223997 4.177230
-1.227721 4.394045
-1.232573 4.052805
-1.245844 4.030341
-1.359123 3.869334
-1.791103 3.524746
-1.816146 3.654258
0.368622 2.539325
0.378353 2.441758
-0.905530 3.719302
-1.072272 3.555178
0.983187 1.367884
0.941174 1.419408
-1.594817 4.142588
-1.661558 4.416116
-1.263352 4.661263
-1.408442 4.510702
-1.091549 3.742790
-0.923259 3.635724
-1.052648 3.654515
-1.902731 4.004018
-2.012820 4.042376
-1.820568 3.198368
-1.831318 3.142334
0.650548 1.686350
0.620877 1.723204
0.697943 1.806566
-1.825553 3.811150
-1.847985 3.820287
-1.810883 3.605396
-1.817892 3.527521
-1.611837 5.071285
-1.683815 5.394912
0.481184 2.391965
0.493115 2.408624
-1.873039 3.815580
-1.888588 3.711107
0.893423 1.493880
0.927464 1.422860
0.958732 1.406659
1.027754 1.696379
1.018019 1.792383
0.980601 1.757360
0.638641 2.208724
0.688109 2.207603
-2.024094 4.172488
-1.934990 4.261078
-1.916359 3.495548
-1.958220 3.379359
-1.526836 4.477120
-1.566599 4.510840
-1.264277 5.318501
-1.357263 5.268482
-1.106673 3.930768
-0.956962 3.865859
-0.872592 4.131516
-0.940490 5.269389
-0.587734 5.304255
-1.818267 3.954272
-1.811740 3.869748
-2.194250 4.044909
-2.158919 4.135359
-2.092854 3.954770
-2.057011 3.878300
-2.152820 4.137299
-2.166979 3.998321
-1.620633 3.480582
-1.714661 3.387567
-1.655625 3.372297
-0.680223 3.819394
-0.676385 3.721699
-2.054590 3.913015
-2.091537 3.832458
-0.862830 4.337381
-0.881302 4.311559
-1.026616 4.380903
-2.029423 4.834826
-2.021932 5.034290
-1.759357 4.952205
-0.782985 3.700324
-0.607056 3.811070
-1.359499 5.197615
-1.336889 5.192586
-1.198631 5.119426
-2.008857 3.650800
-1.925833 3.590111
-1.998585 3.947096
-1.976725 3.932523
-0.227948 3.323076
-0.339266 3.507632
-1.746044 4.090206
-1.760873 4.044682
-0.453915 3.206023
-0.432191 2.926705
-2.234253 4.407954
-1.803557 4.001729
-1.271080 5.139432
-1.310600 5.297615
-1.227964 5.214975
-1.806736 3.228285
-1.891500 3.241933
-1.803811 4.033756
-1.877328 4.076663
0.943252 1.788350
1.014926 1.792495
0.941185 1.798598
-1.719962 3.151663
-1.597464 3.137636
1.163869 1.218852
1.088504 1.308869
-2.171911 4.282292
-2.084521 4.188652
-2.051805 4.221040
0.296187 2.271587
0.413637 2.132353
-1.444999 4.387953
-1.640779 4.354603
0.378429 2.466316
0.231742 2.433845
-1.661315 3.232696
-1.641835 3.357214
-1.982793 3.657062
-1.926832 3.806598
-1.697783 3.823753
-1.636481 3.757721
-1.671893 3.707981
1.762203 0.456441
1.469414 0.132605
-1.945524 3.728379
-1.945318 3.740409
-1.759364 3.056062
-1.871604 3.190634
-2.027020 2.929732
-1.937374 4.107544
-2.024421 4.123001
-1.964296 4.172098
-2.043482 4.168273
-2.110607 4.214486
-2.123705 4.146975
-2.318618 4.589162
-2.318733 4.500758
-2.109553 4.683689
-1.242002 5.084791
-1.335982 5.314575
-1.611752 3.182682
-1.677783 3.108202
-1.970763 3.789398
-2.007683 3.693293
-0.990412 4.334526
-0.838718 4.217235
-1.276411 4.719486
-1.233563 4.639967
-1.853519 3.124713
-1.822159 3.071794
-2.176699 4.227098
-2.097547 4.173638
0.438576 1.924656
0.441271 1.919917
-0.542009 3.947497
-0.714544 4.093491
1.188978 1.269208
1.110862 1.243144
-1.413877 3.891806
-1.366452 3.975390
-2.255399 3.749808
-2.223436 3.696630
-2.293128 3.534832
-2.127860 3.706396
-1.855232 5.038315
-1.867051 4.960885
-1.811952 3.628177
-1.839102 3.531117
0.625433 2.402263
0.498886 2.412766
0.678733 2.227242
0.714853 2.176691
-1.675881 4.817062
-1.731024 4.842663
-1.207503 4.391566
-1.253353 4.164844
-1.286074 4.490509
-1.340255 4.715847
0.333633 2.793422
0.124359 2.822388
1.053332 1.262209
1.073661 1.285049
-1.390159 4.858246
-1.339689 4.867741
-1.967140 3.390607
-1.895750 3.491734
0.693714 1.806661
0.700155 1.797880
-1.571977 4.774508
-1.554389 4.796944
-1.948972 5.254182
-2.032533 5.242596
-1.452873 3.708834
-1.541780 3.823590
-1.302046 3.248342
-1.188076 3.358639
-1.058916 4.135616
-0.751821 4.029981
-1.738106 3.511811
-1.748217 3.451443
-2.040125 3.903363
-1.934340 3.915432
-1.231411 4.263655
-1.247527 4.269931
-1.227465 5.313932
-1.348440 5.171760
-1.149729 4.882335
-1.289438 4.907278
-1.626807 3.000866
-1.711418 2.912193
-1.984891 3.419683
-1.925671 3.411035
-1.849678 3.125148
-1.777217 3.129828
-1.891652 3.266596
-1.770607 3.269273
-2.096453 4.274066
-2.157046 4.151444
-0.062969 2.899214
0.106711 2.674186
-2.015427 4.574494
-1.764369 4.710055
-2.081165 3.726369
-2.130082 3.725101
-1.748966 3.687618
-1.855171 3.740650
-2.070535 4.240738
-2.059902 4.155639
0.988460 1.625231
0.895166 1.558011
-2.194728 3.758357
-2.123998 3.715140
-1.740321 3.935522
-1.848359 3.939058
1.045601 1.283862
0.954114 1.312737
-1.729543 3.352991
-1.728522 3.348682
0.814270 1.481708
0.753852 1.403750
-2.053851 3.918474
-2.171455 3.938884
-1.591979 3.798053
-1.645568 3.700356
-1.733584 5.322872
-2.192708 3.835645
-2.151649 3.982044
-2.100420 4.120033
-2.105919 4.090485
-1.714260 3.550820
-1.699532 3.666567
1.573759 0.849898
1.387028 0.996946
-1.842294 3.842299
-1.840169 3.892773
0.373729 2.493382
-2.158106 3.799555
-2.139419 3.733618
1.137603 1.505004
1.086348 1.492689
-0.639673 3.520856
-0.761276 3.281338
0.408065 2.416584
0.302953 2.321350
-1.682372 3.050653
-1.588980 3.047426
-1.989267 5.170102
-1.381999 3.608347
-1.209005 3.730862
-2.091058 4.062812
-2.067584 4.042944
-1.722453 2.970322
-1.689455 3.056228
-1.763678 4.167286
-1.751240 4.142277
0.630018 1.982735
0.663758 2.054159
-2.072188 3.761077
-2.201321 3.783747
-0.571293 3.750326
-0.686595 3.559967
-1.661437 3.892677
-1.654849 3.971871
-1.933060 4.157047
-1.915652 4.148259
0.912891 1.646808
0.927811 1.624326
0.954147 1.478502
0.958586 1.382007
0.744437 1.985132
0.877144 2.085192
0.160367 2.460460
0.263008 2.587600
1.142595 1.272864
1.193886 1.210276
-1.850119 3.456191
-1.888725 3.375301
0.429005 2.145401
0.429235 2.270907
-1.734926 3.929443
-1.698558 3.975741
-1.829387 4.191402
-1.859331 4.158604
-1.262422 3.342457
-1.553922 3.722296
-2.256675 4.126132
-2.101155 3.966193
-1.625728 3.849595
-1.714754 3.921459
-1.821694 4.204331
-1.962627 4.178638
-1.772955 3.737035
-2.161218 3.726255
1.164751 1.285156
1.126005 1.215983
-1.131978 5.147236
-1.364291 5.305645
-0.641527 3.752738
0.886768 1.371134
0.527531 1.562832
0.568766 1.533203
-1.899352 3.781873
-1.902970 3.817571
-1.772920 4.102902
-1.789716 4.127959
-1.759751 4.023028
1.090455 1.379828
-1.143703 4.117934
-1.284439 3.922872
-1.788694 4.286659
-1.751813 4.195772
-1.856767 3.579059
-1.888028 3.617854
-1.602951 3.126405
-2.000341 4.131830
-2.305278 4.477536
-2.189872 4.669015
-1.932241 3.941825
-1.251921 2.723467
-1.628998 3.004225
0.952042 1.332365
1.041737 1.287102
-0.916718 4.061978
-1.960408 4.183949
-1.932680 4.171154
-1.511295 4.470092
0.279519 2.510602
0.961727 1.272800
0.238690 2.538509
0.234699 2.479027
-1.791624 3.526143
-1.823921 3.538071
-1.232236 5.109889
-1.377694 5.074553
0.452193 2.224848
0.381828 2.587509
-1.964283 4.104035
-1.909724 4.015970
1.004348 1.741488
0.300219 2.425128
0.356612 2.329875
-1.828904 5.273228
-1.906362 5.206270
-2.063354 4.228508
-0.784664 3.906405
-0.726322 4.092894
-1.649777 3.861326
0.413721 2.177412
0.426756 2.188405
-1.788990 3.968505
-1.833336 3.840636
-1.658192 3.734267
-1.711197 3.730301
-2.110631 3.708443
-2.078593 3.693615
-1.159538 4.829109
-1.370845 4.971220
-1.675349 3.925134
-1.690648 3.956528
-1.831522 3.462942
-1.880028 3.503256
-1.468944 2.898196
-1.632266 2.674280
-1.869405 4.190369
-1.976465 3.408974
-1.949342 3.443543
-1.126866 4.629924
-1.370935 4.719145
-1.996226 3.570791
-1.949112 3.553487
1.128955 1.390729
1.199697 1.474144
-0.824532 4.563188
-2.115762 4.226563
-1.586911 3.310357
-1.630787 3.255116
0.322218 2.240582
0.380859 2.148835
-1.027025 4.236206
-0.989065 4.202601
-0.896754 4.518612
-1.105266 4.720984
-1.903195 4.315268
-1.956750 4.427120
-1.278317 5.632446
-1.552941 5.577125
-1.776532 3.286707
-1.793691 3.337771
0.925955 1.497437
0.945256 1.486796
-2.004376 3.781263
0.810113 1.621341
0.866402 1.661377
-1.611771 3.033103
-1.589418 3.571393
-1.678411 3.536567
-1.073786 3.714439
-1.023403 3.757704
-1.599695 3.665944
-1.469653 3.625437
0.837755 1.990421
-1.899549 4.446840
-1.908402 4.374807
-1.737350 3.272990
0.270124 2.620106
0.177188 2.650889
0.213446 2.464208
0.225856 2.536918
-2.144176 3.741997
-1.151350 3.552641
-1.406764 3.759345
-1.686494 3.410440
-1.140478 4.920022
-1.131577 4.860489
-2.008031 3.941756
-1.899678 3.423220
-1.949810 3.369615
-1.381556 4.203165
-1.661906 3.429628
-1.675931 3.486922
-1.989061 4.415232
-2.034731 4.382440
0.645546 1.766099
-1.853036 4.156337
-1.577424 4.304383
-1.706745 4.280046
0.131832 2.706111
0.203690 2.680243
-2.074497 4.157311
-1.409848 4.221235
-1.257550 4.249642
-1.775434 5.149876
-2.193245 3.832251
-1.862666 3.791619
-1.869371 3.825668
-2.183917 3.752467
-1.986962 3.567900
-2.040303 3.667214
-0.962804 4.460961
-1.028906 4.739791
0.309850 2.282442
0.231121 2.018840
-2.011208 3.101580
-1.839113 3.057552
-0.765720 4.219579
0.250336 2.640683
0.255430 2.639300
-1.665155 3.961648
-1.596964 4.035935
0.472181 2.420787
0.484203 2.344858
-1.503419 4.964554
-1.606869 2.906467
-2.171171 4.127574
-1.715128 3.108098
-2.073203 3.847548
-1.551371 5.106376
-1.493883 5.212370
-1.007712 3.531058
-0.973238 3.814638
-1.677874 3.980311
-1.700297 3.965074
-0.512026 3.790178
-1.538033 4.960271
-1.605542 5.001649
-1.098823 4.579877
-2.186979 4.188827
-2.147869 4.155099
-1.497201 3.334760
-1.740226 3.067521
-1.830424 3.071132
1.142276 1.366264
-1.559566 3.286005
-1.505785 3.255724
-1.822277 3.973429
-1.853184 3.211807
-1.882484 3.075788
0.958640 1.789979
-0.399081 3.776370
-0.201774 3.823882
-1.997265 4.286904
0.176832 2.497255
-1.548536 3.912133
-1.507873 4.121618
-1.788896 4.723277
-1.797666 4.152850
-1.846196 4.201731
-2.123151 4.050745
0.717762 1.960530
-1.740090 4.353436
-1.760696 3.277224
-1.931934 4.376922
-1.143275 5.197149
-1.171971 5.256901
-1.912894 4.662310
-1.989497 4.400712
0.863256 1.431126
0.790155 1.998949
0.831231 2.070842
0.692116 1.592875
-1.476521 4.654650
-1.472231 4.480105
1.183061 1.141221
1.137865 1.096478
-1.182312 3.347619
-1.175921 3.402016
-2.150167 4.479198
-2.056538 4.476089
1.013436 1.292356
1.172687 1.264422
-2.183572 4.870292
-2.222605 4.953254
-1.616440 5.141566
-1.549610 5.171899
0.350825 2.559270
-1.692734 3.899635
-2.076917 3.697520
-2.189609 3.686928
-0.603901 4.344776
-0.563766 4.249596
-0.658448 3.398240
-1.100534 4.221449
-0.978693 4.158768
0.784389 1.943684
0.739004 1.860589
-1.960543 3.797686
-1.963933 3.828832
1.045016 1.226343
-1.994389 4.185672
-1.972848 3.491814
-2.133004 4.198065
1.169777 1.330592
-2.078259 4.296658
-1.981915 3.669600
-0.637789 3.351792
-1.356546 3.268403
-2.176646 3.770376
0.192873 2.680422
-1.966576 4.117542
-2.037108 3.990410
-1.779389 3.965058
-2.042836 4.305602
-1.579881 3.315361
-1.486887 3.334416
1.169786 1.092848
-1.174585 4.570256
1.397348 1.024361
-1.558458 5.005110
-1.534235 4.760470
0.086409 2.506968
-0.002218 2.491960
-0.503740 3.746322
-1.982986 4.079510
-1.546845 3.240931
-0.575084 4.340321
-1.914383 3.264909
0.751483 1.852494
-1.739168 3.463329
-1.799170 3.499966
-1.536073 3.040890
-1.883753 3.608709
-1.855931 3.674928
-1.836048 4.023536
-2.033180 5.287549
-1.980110 5.206948
-0.953379 4.671366
-1.065470 4.536657
-1.830451 4.289012
-1.769885 4.155886
-1.260993 3.773489
-0.980262 2.677558
-0.563155 2.620484
-0.218679 3.322279
-0.363918 3.352991
-1.609678 3.577969
-1.821304 3.832499
-1.809461 3.948733
-2.140059 4.245152
-2.182691 4.280326
-1.364331 4.521581
-1.908022 3.260947
-1.899525 4.978189
-2.001518 4.876213
0.496355 2.094294
0.590171 1.576130
-1.732428 3.232263
-1.718602 3.366224
0.171685 2.691080
0.193905 2.673489
0.187109 2.497294
0.142319 2.540457
1.087784 1.054060
-1.677250 3.139402
-1.865501 3.822143
-0.453380 3.271570
-0.449921 3.395816
-1.568249 5.303406
-1.579316 5.091232
-0.652539 6.223954
-1.809510 5.102668
-1.636856 3.770852
-1.506063 4.592136
-1.467177 4.491669
0.658352 2.204481
-2.118611 4.954665
-1.904841 3.928998
-1.390884 5.043830
-1.293622 4.913332
-2.105522 3.998723
-2.179054 4.118832
0.382232 2.396840
-1.563451 3.500519
-0.507842 3.372076
-0.540702 3.484967
-1.751776 3.496560
-1.942825 3.253389
-1.753952 4.108158
-1.742951 4.092448
-1.642574 2.979577
-0.722706 4.595809
-0.928001 4.738402
-2.121090 4.371192
-1.444862 3.142455
-1.627199 3.840262
-0.665301 3.375609
-0.807059 3.429835
-2.086703 4.362431
1.398153 0.437156
-1.684187 3.038197
-1.652597 2.946358
-2.301260 4.972529
-2.326517 5.037517
-1.542084 3.152503
-1.479158 3.101511
-2.179924 4.350543
-1.988799 4.338656
-2.123420 4.000073
-0.950841 4.823479
-1.580811 3.410454
0.364942 2.018347
-1.064818 4.745816
0.897712 1.569019
0.941319 1.612129
0.372484 2.044315
1.368481 0.637957
-1.665250 3.847140
-2.190321 4.383794
-2.150880 4.417465
0.921729 1.435189
0.559770 2.051310
0.385683 2.454992
-1.513645 3.393789
-2.127750 4.167356
-1.065968 4.796759
-1.076942 4.824313
-1.899953 3.849239
-0.656933 5.089466
0.746284 1.786321
0.788688 1.711383
-1.684565 3.542303
1.260667 1.148631
0.854717 1.643940
-1.873163 3.633382
-1.753958 4.232267
-1.874277 4.184850
-1.635463 5.298601
-2.051384 4.443939
-1.171399 4.307884
-1.130587 4.314833
-1.708254 3.751826
-1.707682 3.816650
0.520324 2.569252
0.446630 2.509472
-1.436381 4.431455
0.244877 2.350792
0.270694 2.352133
-1.778220 3.762862
-1.895168 3.416671
-1.928311 3.463226
-1.967941 4.338802
-2.006067 4.360550
-2.176305 4.345910
-0.851244 4.180279
1.155136 1.166636
-1.955398 3.346244
-1.041567 5.179210
-1.963883 4.223258
-1.960424 4.191008
-0.597255 4.129321
-0.598947 3.568579
-1.960429 3.705114
-1.565310 3.715736
-1.495020 3.663602
-1.585879 3.245827
1.292420 1.049130
0.479505 2.322134
-1.004507 4.968347
-1.550079 3.094728
0.750140 1.633230
0.867283 1.548046
-2.178598 4.365194
0.296729 2.281072
0.366116 2.713825
-1.548052 3.354917
-1.298587 5.591396
-2.084445 3.937510
0.700291 2.039060
0.661067 2.041266
0.012140 3.056813
0.100670 3.041902
-2.077509 4.238540
-0.811136 4.816441
-0.875042 4.984120
-1.688387 3.444732
-1.934554 4.179557
-2.028762 4.178765
1.243187 1.360151
-1.812390 3.118416
-1.463356 3.413968
-1.518411 3.274700
-1.957746 4.426347
-1.916242 4.394279
-1.796712 3.951051
-0.788566 3.220222
-0.888994 5.939301
1.055852 1.482754
1.064903 1.479583
-1.214743 5.133389
0.140587 2.482626
-2.131526 4.426478
-2.051572 4.352687
-1.552654 3.350774
-1.574773 3.311772
-1.918264 3.642750
0.432772 1.910211
-1.853917 4.096191
-1.964857 3.548298
-2.128115 3.740763
-1.501314 3.474420
0.512026 2.164334
-1.655576 3.839869
-1.669342 3.950149
-1.341922 5.116517
0.335133 2.279261
-1.784704 3.077438
-2.064583 5.327444
-2.016004 4.264727
-1.795270 4.300398
-1.957720 5.204862
-1.836382 3.304948
-1.811538 3.308358
-2.168804 5.282104
-2.171311 5.159762
1.758568 0.936164
-1.335340 4.316622
-1.262876 4.424509
0.285621 2.310448
0.209292 2.741460
-2.188330 3.913379
-1.850014 3.878952
-2.199519 4.296392
-1.579416 3.196282
-2.153646 3.784285
-1.585940 5.122210
-1.606697 5.203401
-1.019008 4.456998
-1.044819 4.744408
-1.857204 4.286741
0.580868 2.508444
-0.522800 4.203477
-0.802264 4.385067
-1.801548 4.374512
-1.954867 3.316060
-1.984905 3.629313
-2.030754 3.620512
-1.563436 3.383542
-1.829510 4.251799
-2.079532 4.960199
-1.958813 3.795401
-1.973979 3.711603
0.812489 1.356568
-1.507029 4.088984
-1.119087 3.889853
-1.955238 4.441692
-2.630706 3.255030
-2.112597 5.195808
-1.270980 4.859084
-1.278007 4.838388
-1.958706 4.060311
-1.407168 4.744141
-1.778059 3.386972
-0.290370 2.970932
1.193995 1.179387
-1.774805 3.043409
-2.098646 4.952471
-1.642993 3.978477
-1.735929 3.110689
-1.712338 3.103831
0.281599 2.078065
-0.538201 3.916206
-1.572173 4.807667
-1.715001 4.962791
0.399328 2.638482
-1.683975 3.356324
-1.691887 3.246849
-2.173296 3.996683
0.290838 2.624520
0.163245 2.353231
0.932982 1.666687
-2.115784 4.225898
-1.912691 4.048947
-1.848304 4.975116
-1.744619 3.540261
-2.045399 3.998876
-1.967165 4.015202
-1.885120 3.937030
-2.143311 4.439878
0.215427 2.674454
0.209621 2.633395
0.925098 1.228015
-0.931001 4.953924
-1.978056 3.520414
-0.845052 4.975997
-0.982002 3.963130
-2.338042 5.278009
-2.054319 4.411016
-2.084986 4.336181
0.648589 2.018859
-1.673766 3.741440
-1.991560 4.349882
1.299677 0.982796
-2.183391 4.059013
-1.625700 3.375616
-2.225884 3.525053
0.904425 1.340357
-0.236075 3.610949
0.670582 2.194046
-1.356791 4.671801
-1.627580 3.683849
-1.610029 3.781323
-1.203140 3.952592
-1.720098 2.961765
-1.632260 2.984579
0.704314 1.920179
-0.720791 3.647469
-1.002044 4.696054
-1.818150 3.608876
-1.838397 3.544789
-2.321135 5.200543
-1.759257 4.112966
0.757345 1.584063
0.782063 1.628594
-2.160290 3.548372
-0.123675 3.397980
-1.872719 3.271547
-1.469774 3.413511
-0.155145 2.495517
0.110686 2.459481
-1.996190 4.210861
-2.200548 4.284084
-1.526236 3.138811
0.837077 1.756053
-1.510686 4.976170
-1.969114 3.223762
0.475871 2.134774
1.166830 1.259178
-1.802366 4.199775
-1.555870 3.072703
0.464010 2.365936
-2.166695 3.650973
-1.487463 3.360917
0.189875 2.516519
-0.087853 2.381069
-1.816865 4.150164
-1.824410 4.609334
0.936386 1.412341
-2.201197 3.627972
-1.226360 5.460099
-1.366563 4.518837
-1.732731 2.985014
-0.614065 3.352999
-1.964640 4.399737
-1.363766 4.797809
-0.915350 3.428678
-0.678263 4.323199
-1.426079 4.295346
1.194443 1.316675
1.819113 0.120410
-1.719674 4.000031
-2.242758 5.204270
0.705101 1.754502
-1.568042 3.500200
-1.587645 4.034610
-1.998422 4.810761
-2.240706 4.329600
-2.171586 4.433004
-2.199294 3.848532
0.121242 2.409240
0.201845 2.322330
-1.702144 4.659564
-0.517670 3.746737
0.288864 2.497968
-1.869504 4.331345
-2.164580 4.410583
-1.833748 4.370955
-1.954375 3.947066
0.833218 1.975845
-1.843272 3.767018
-1.896507 3.836169
-1.063772 3.459309
-1.689439 3.109063
-1.598844 3.176229
1.084689 1.063110
-2.192231 4.856476
1.198194 1.489162
-0.203184 3.530905
-0.210580 3.701549
-1.687242 4.090100
-1.494374 3.304691
0.440495 2.585317
-2.156548 3.667736
-1.832076 3.641076
-1.858470 3.714425
-1.826609 3.756376
-1.769778 4.329312
-1.823097 3.624237
-1.866064 3.629742
-1.945781 5.359483
0.552266 1.838174
-1.938557 4.444367
-1.799803 4.388828
-1.858670 3.669093
-1.678283 5.240566
-1.836724 3.655322
-1.559977 5.338466
-1.699564 4.023261
-1.596192 3.835065
-2.164234 3.848498
-1.641078 3.587624
-1.851821 3.719402
-1.882355 3.737667
-1.391621 3.478560
-1.784880 3.540124
-1.755708 2.983781
-1.737563 3.586808
-1.826465 3.221363
-2.007634 3.667882
-1.820785 3.727072
-1.868554 3.647563
0.566663 1.839212
-1.880828 3.642614
-1.813429 3.589948
-1.844922 3.681506
-1.404813 5.180399
1.132576 1.550229
-1.789863 3.540867
-1.589096 4.054954
-1.579090 3.105627
1.278884 1.145431
-2.019721 4.181164
-1.657557 4.190881
-1.822943 4.426943
-1.760738 4.075536
-2.090492 5.233888
-1.863668 3.701895
-1.048241 3.395239
-1.805315 3.575799
-1.863121 3.702962
-1.796680 3.537367
0.308674 2.634228
-2.161954 3.601273
-2.145525 4.140390
-1.827437 3.653055
-1.870809 3.661408
-1.527254 3.434133
-1.773487 4.276211
-2.113279 3.589201
-1.826945 3.733137
-1.613578 3.058866
-1.880583 4.371804
-2.099890 3.750952
-1.932921 3.432042
-1.614696 2.926214
1.248646 1.084260
-1.637634 3.575415
-0.777157 3.548936
0.396844 2.648968
-1.780182 3.515473
-1.772981 3.573666
-1.093001 4.844246
-1.877164 3.749060
-1.759148 3.483543
-1.794895 3.510052
-1.743585 3.571078
-1.746531 3.484461
-1.518841 3.563504
0.281547 3.027784
-1.780493 4.174581
1.633174 0.569020
-1.796517 3.486503
-1.004207 5.989082
-1.802417 3.007705
-1.790029 3.480507
-1.829913 3.535854
-1.875829 3.564651
-1.846223 3.715910
-1.734977 4.070498
-1.874444 3.607547
-1.864432 3.613516
-2.153692 4.405801
-1.955642 4.322835
-1.775882 4.314241
-2.097379 5.377147
-1.838868 3.583474
-2.105206 4.262126
-1.754353 3.407675
-1.746586 3.619442
-1.780190 3.602068
-1.649150 3.915300
-1.891328 3.578840
-1.877737 4.322919
-1.750045 3.503111
-1.482411 3.184941
-1.782133 3.577600
-1.829873 3.715397
-0.894375 4.498489
0.153173 2.377042
-1.758135 3.635444
-1.043260 3.881999
-1.800339 3.528114
-1.440856 3.601748
-1.754723 3.659587
-1.881370 2.957597
-2.030803 3.244693
-1.906896 3.338739
-1.824755 3.103049
-1.833215 3.575354
-1.466069 4.272255
-1.739556 3.479628
-1.353665 4.971984
-1.648988 3.709206
-1.252553 5.535386
-2.135191 4.521711
0.652176 2.249345
-1.278883 5.084893
-1.854789 3.545948
-2.197901 4.321969
-1.682554 3.314973
-1.796948 3.656855
-1.972458 3.810875
0.671045 1.973223
-1.343655 5.671684
-1.762627 3.632901
-2.022315 4.167836
0.641093 1.649599
-1.824530 3.468347
-2.320681 3.885191
-1.968123 3.770234
-1.873750 3.749973
-1.775899 3.486899
0.869087 1.877490
-1.759617 4.364141
-1.827121 3.605421
-1.874581 3.527904
-1.880916 3.657157
-1.782987 3.140784
0.362569 2.095511
-1.817077 3.682187
-1.536705 3.302917
-1.780223 3.630483
-1.788599 3.582593
-1.830239 3.564812
-1.742479 3.470685
-1.849947 3.653758
-1.189185 5.655497
-2.171549 4.145144
-1.799002 3.593750
-1.493893 3.535537
-1.788156 3.617746
0.221380 2.838479
1.051719 1.533276
-1.596280 4.123008
1.351283 1.048524
0.217172 2.795087
-1.768819 4.302780
-1.852151 3.953375
-1.691437 4.001165
-0.549807 4.294449
-1.856372 3.802281
-1.824672 3.781443
-1.771428 3.473048
0.385174 2.565739
0.165944 2.747567
-2.068997 3.267485
-1.850079 3.548522
-1.806299 3.892867
0.720399 2.343498
-1.689283 3.413258
-1.661362 3.338197
-1.792507 3.651729
-1.858848 3.686475
-1.830961 3.793767
-1.381150 3.626480
0.643122 2.426941
-1.699067 3.417464
-0.153892 2.891417
-1.841455 3.578424
-1.849789 3.603116
-1.723851 4.907802
-1.816276 3.729571
-2.016725 3.592880
-1.845114 3.788299
-1.755597 3.640929
1.172869 1.390980
-1.721178 3.757760
-1.740868 3.514745
0.920092 1.884085
-1.319307 3.361985
-2.109667 4.026387
-0.152344 3.127888
0.156458 2.497524
-1.884705 3.605706
-1.884955 3.815649
-1.727420 2.769750
-1.856001 3.570158
-1.817999 2.953597
-1.776572 3.542689
-2.193839 3.645999
-2.194202 3.733161
-1.748195 3.537972
0.410145 2.373087
-1.856434 4.040326
-0.805568 3.358251
-1.073647 3.518085
-1.866745 3.754748
-1.975958 4.093358
-1.943376 3.472235
-1.830463 3.578984
-1.470185 3.650618
-1.793905 3.456966
-1.781703 3.650094
-1.028637 3.533320
-1.878623 3.801636
0.799448 2.009573
-0.015084 2.859070
0.997956 1.694518
-1.803180 4.393111
-1.443707 3.206831
-1.366331 5.485832
-1.878573 3.594198
-1.810228 3.603030
-1.877273 3.692902
-1.915870 4.314086
-1.817542 3.617074
-1.851385 4.216396
-2.156568 4.889720
-1.820314 3.711896
-1.997087 4.018100
-1.750043 4.298326
-1.746165 3.515863
-1.673320 2.953692
-1.657029 4.076096
-0.504484 5.972435
1.194855 1.083117
-1.853652 3.807088
-0.262385 3.542588
-1.321767 4.656765
-1.739829 3.408952
-1.743500 3.379305
1.035478 1.581655
-2.105768 5.262363
-1.870890 3.646803
-1.433462 2.905327
-1.779639 3.560668
-1.830283 3.565961
-1.664596 4.559737
-1.807335 3.560842
0.952949 1.406820
-1.739372 3.627438
1.224422 1.121776
-1.502841 3.388230
-0.897422 4.379929
-1.489011 2.961050
-1.742734 3.411500
-1.743438 3.382345
-1.737117 3.857444
-1.727230 5.045029
-1.776917 3.510749
-1.853134 4.258987
-1.530101 3.403936
-2.256353 3.307281
-1.839853 3.806270
-2.149905 3.696321
-2.114970 3.858152
-2.011568 4.316471
-1.759317 3.637423
-1.848550 3.595800
-0.526081 3.577489
-1.944675 3.797510
-1.961024 3.802276
0.158487 2.798876
-0.012472 2.891975
-0.224296 3.468639
-1.985247 4.514202
0.968378 1.798642
-2.136884 3.625268
0.078643 2.895804
-1.836464 3.768405
0.216357 2.669322
-1.505108 2.963765
-1.811672 3.385091
-1.779673 3.404466
-1.935536 3.821047
-1.891213 3.637392
-2.036869 4.522465
-1.947834 3.777939
-1.842251 3.719535
-0.609697 3.879168
-1.823000 3.737758
-1.944329 4.465977
0.113319 2.718420
-2.133387 4.329444
-1.810681 3.707990
-2.132102 5.090781
-1.746393 3.457714
-1.790710 3.738505
0.085933 2.646354
-0.675875 3.507993
-1.894554 3.829745
-1.496662 2.989708
-1.795861 3.735949
-1.905880 3.787155
-2.016480 4.464183
-1.630092 5.068985
-1.777671 3.748863
0.778212 1.481613
-1.924588 3.681115
-1.828283 3.535439
-1.787283 3.632702
-1.958745 3.716981
-1.360412 4.529611
-1.776760 3.728135
0.400315 2.225307
-1.956023 3.717181
-1.862460 3.759507
-2.032503 3.462704
-2.282306 3.807604
-1.539765 5.272929
-1.747785 3.414885
-1.888408 3.497160
-1.808256 3.381643
0.454535 2.063828
-1.766679 4.302471
-1.952437 3.802231
-1.882439 3.645407
-1.745194 3.556289
-1.756164 3.574194
-1.894200 3.712136
-1.867154 3.474248
-0.603812 4.500152
-1.759260 3.752307
-1.926084 3.797799
-1.404285 4.882832
-1.917284 3.727545
-1.845669 3.460059
-1.015786 3.493390
-1.874983 3.799711
-1.884563 3.802613
-1.737867 3.725950
0.931183 1.976023
-1.867428 3.122535
-1.464843 3.661493
-1.758245 3.617245
-1.741015 3.257801
-1.168728 5.597989
-2.063752 4.183659
-1.820591 3.525972
-1.863864 3.453163
-0.864323 5.297884
-1.965745 3.724925
0.504181 1.725420
-1.822272 3.022611
-1.918619 4.531836
-1.933620 4.485501
-1.916033 3.791927
-0.755056 4.593612
-1.855715 3.495925
0.937173 1.901209
-1.833471 3.633774
-0.497900 2.908870
-1.896020 3.703984
0.446841 1.992028
-0.500171 3.936740
-1.858146 3.700758
0.577369 1.788718
-1.788770 3.752671
-0.875627 5.164585
-0.883400 4.800391
-0.885000 5.030087
-1.925484 3.798909
-2.114453 4.110478
-1.784844 3.422629
-1.715174 4.092342
-1.828492 3.692740
-1.483435 3.130458
-1.779822 3.742895
-1.944772 3.320275
-1.648700 3.137522
0.746331 1.761690
-1.836127 3.490461
-1.958666 3.964684
-0.916774 3.130089
-1.908904 3.645107
-1.953060 3.706186
-1.888208 3.779944
-1.778157 3.444773
-1.127804 4.318803
-1.839774 3.576400
-1.913078 3.844199
-1.929513 3.864079
0.563390 2.285861
-1.936060 3.857263
-1.790130 3.604262
-2.056949 4.813234
-1.345819 5.218457
-1.633627 2.969121
-1.544010 3.050976
-1.840179 3.491498
0.576507 2.455690
1.207164 1.045902
-2.173468 3.974931
-1.948443 3.789753
-1.947719 3.683084
-1.835074 3.203114
-1.820996 4.063879
-1.816680 2.998471
-0.497621 3.238593
-1.895046 3.863631
-1.578383 3.529892
-1.957371 3.866225
-0.813473 5.328803
-1.837479 3.810024
-1.744947 3.744057
1.040343 1.753124
-1.749233 3.525689
-1.414327 4.168910
-1.964793 3.782400
-1.793095 3.460437
0.842283 1.725704
-1.906967 4.559640
-1.747821 3.731689
-2.071024 3.669602
-1.763950 3.591915
-1.829664 3.638449
-1.762357 3.604973
-1.957302 3.867273
-0.687738 4.264730
-1.780856 3.384172
-1.876634 3.546578
-1.884608 3.517245
-1.743090 3.443538
-1.907946 3.752724
0.085204 2.663465
-1.868902 3.654975
-1.875570 4.357651
0.575753 2.489386
1.225330 1.178563
-1.879510 3.525186
-1.873220 3.759096
-1.836795 3.902031
-1.912248 4.143651
-1.649342 4.132796
-1.480628 3.283344
-1.890204 3.881780
-1.856095 3.878007
-1.921969 3.890017
-1.916363 3.834790
-1.797933 3.750878
-2.011455 4.268880
-1.828452 3.227699
-0.912922 5.370427
0.695241 2.354877
-1.581661 3.947521
-1.977451 4.530982
0.332278 2.643113
-0.027953 2.632684
0.363808 2.726800
-0.799332 4.480329
0.901025 1.603358
-1.753625 3.646570
-1.817216 3.752947
-1.739464 3.695407
-1.867224 3.459546
-1.927485 3.777841
-1.853849 4.233149
1.807583 0.168355
-1.662335 3.502719
-1.696087 3.496649
-1.742903 3.511325
-1.435534 4.689455
-1.943546 3.952214
-1.888816 3.784566
-1.585185 3.796529
1.157027 1.157491
-2.330921 3.353242
-1.710846 3.485123
0.735596 2.032974
-1.820002 3.511759
-1.962678 3.750391
-1.848174 3.902714
-1.064007 4.065823
-1.695782 3.378307
-1.732707 3.398426
-1.946469 3.856081
-1.778063 3.589598
-0.869650 4.012870
-1.589540 3.899378
-1.515289 3.525686
-1.810166 3.392931
-1.081135 4.437835
-1.941601 3.634528
-1.657902 3.342866
1.275329 0.961522
-1.984998 4.536145
-1.671729 3.368155
-1.988281 4.368914
-1.957957 3.624031
0.049442 2.776848
-1.734259 3.453278
-1.812434 3.395800
-1.957179 3.656070
0.248383 3.012011
0.390654 2.661377
-1.805063 3.460619
-1.800397 3.666762
-1.793889 3.744042
-1.903129 3.619827
-1.158480 4.879751
-1.725066 3.541414
0.353794 2.412278
-1.519837 2.963070
-2.125476 4.338272
-0.607718 4.520705
-0.961503 5.205286
-1.762381 3.580063
-1.816768 3.766427
-1.713399 3.386071
-2.129915 4.412555
-1.851306 3.530589
-1.832246 3.605583
-1.686290 3.441104
-1.140662 5.539382
1.139904 1.217100
-1.862246 3.834012
-1.827719 3.493088
-1.867880 3.704357
-0.397094 3.813151
-1.914653 3.809845
-2.145117 5.076153
-1.893503 3.631953
-1.745005 3.461367
-1.480079 3.439483
-1.931153 3.893996
-1.567960 4.729409
-1.898592 3.845582
-1.229112 4.533457
0.749989 1.436742
-0.997027 4.686286
-1.668266 3.102494
-1.963745 3.815409
-1.916897 3.600595
-1.900419 3.732248
-0.439773 2.812146
-1.693825 3.411077
-1.859197 3.858215
-1.605417 2.889781
-1.823283 4.313974
-1.908698 3.230768
-1.800479 3.858907
-1.743778 3.810870
-1.835310 3.757945
-1.948750 3.674755
0.484057 2.257817
-2.006434 3.773287
-2.076682 3.716838
-1.823695 4.337686
-1.872410 3.846175
-1.109956 3.995970
-1.711875 3.457651
-1.023847 3.930552
-1.678671 3.468176
-1.923858 4.583578
-1.794828 3.386970
-1.677793 3.960063
-1.766648 3.477359
0.241691 2.879407
-2.179384 3.807815
-1.796972 3.749993
-0.608366 3.330424
-1.913581 3.657271
-1.812570 3.552979
-1.704189 3.840902
-1.753113 3.433201
-1.956587 3.865811
0.143352 2.318276
-1.710741 2.810766
-1.745914 3.749371
-1.931245 4.222708
-1.874145 3.825018
-1.921687 3.712242
-1.740132 3.464661
-1.928482 3.673493
-1.869985 3.628038
-1.901386 3.772285
-1.740436 4.053299
-1.692672 3.562669
-1.805909 3.319694
-1.661346 3.751069
-1.745728 3.671778
-1.858805 4.302416
1.013167 1.969886
-1.951745 3.810992
-1.685624 5.424645
-1.039351 5.115194
-1.700669 3.590680
-1.688877 3.593233
-1.864715 3.504801
-1.803998 3.366901
0.761435 1.517933
-1.856396 3.699134
-1.679182 3.512352
-1.948067 3.936004
-1.768233 3.300438
1.281482 1.292730
-1.917689 3.602455
-1.815184 3.550419
-1.686931 3.507225
0.119155 2.448451
-2.101144 3.995415
-1.934628 3.922194
-2.003992 3.373497
-0.652263 3.767942
-1.746569 3.579260
-1.944904 3.972855
0.883374 1.979418
-1.979583 4.437363
-1.730143 3.535929
-1.825871 3.656394
-1.846299 4.864679
-1.751241 4.761683
-1.922035 3.969612
-1.693220 2.836683
-1.687213 3.374964
-2.143329 4.192500
-1.947983 3.892694
0.479775 1.673690
-1.827573 3.796520
-1.661395 3.397721
-1.318401 5.463340
-1.904595 3.647056
-1.748777 3.685791
-1.819938 3.843321
-1.893472 3.859005
-1.748857 3.761050
-1.667115 3.589920
-1.037006 4.655552
-1.697585 3.524050
-1.929456 3.680200
-1.673548 3.345644
-1.772104 3.811188
-1.746332 3.808657
-1.738959 3.290213
-1.746793 3.863791
-1.701388 3.300548
-1.923102 3.638597
-0.880456 3.231802
-1.893705 3.979338
-1.748510 3.744195
-2.050325 3.543625
-1.698450 3.297267
-1.434801 3.524370
-1.989555 4.110587
-2.120591 4.854774
-1.838156 3.736259
-1.757750 3.815764
-1.833114 4.342184
-1.741329 3.397845
-1.809906 3.579923
-1.808046 3.779911
-1.872887 3.477464
-1.719560 3.451903
-1.521968 3.024575
-1.723699 3.353191
-1.530646 5.302540
-1.861954 3.836547
-1.776583 3.348529
-1.596258 2.768179
-1.651417 4.160920
-2.089374 3.868813
1.207214 1.087186
-1.760347 3.452455
-1.093521 4.072242
-1.477813 3.555873
-1.238096 3.102404
-1.724581 3.366856
0.519168 2.354082
-1.865779 3.448672
-1.889653 2.929372
-1.197811 3.102355
-0.697310 3.659889
0.389322 2.015141
-1.855285 3.145511
-1.955593 3.953013
-1.704711 4.269141
-2.074783 4.592251
-1.910478 4.464998
-1.670614 4.235920
-1.726248 3.534151
-1.762594 3.778507
1.070392 1.213884
-1.679798 3.349389
-1.961636 3.943943
-2.160335 4.602659
-2.263457 5.108688
-1.743203 3.325864
-1.933025 3.616674
-1.800023 3.503967
-1.674330 3.413243
-2.094278 4.515461
-1.960245 3.895692
-1.350798 4.324833
-0.709228 4.463671
-1.812294 3.645961
-1.830603 3.635826
0.413721 2.092314
-1.910537 4.081812
-1.868511 3.881645
-1.880884 3.743729
-1.885113 4.564596
-1.513926 5.108590
-1.984485 4.485339
-1.669328 3.324314
-1.736269 4.147458
-0.843083 4.029051
-1.886305 4.572004
-1.761874 3.793245
-1.745749 3.343181
-1.905788 3.877698
-1.797704 3.794009
-1.847414 3.359506
0.305218 2.459425
-1.896054 4.326361
0.018178 2.712628
-1.750269 3.634760
-1.528056 4.921717
-1.929682 3.752284
-1.473076 4.225845
-0.176367 2.692022
-1.270225 5.648250
-2.254514 3.885430
-1.891306 3.587004
-2.193157 4.546894
-1.535253 3.154881
-1.663830 3.342347
-1.944943 4.133189
-1.749817 3.719703
-1.767374 4.557636
-1.860590 3.404640
0.703493 1.771039
-0.915057 5.095834
-0.991530 4.397871
-1.620608 3.811115
-1.864376 3.422649
-1.839982 3.438926
-1.669870 3.535208
-1.837988 3.838511
-1.871944 3.770817
-1.678869 3.471355
-1.801448 3.556576
-1.675083 3.567437
-1.741199 4.494117
-1.441866 3.133394
-1.777925 3.676734
-1.866949 3.676519
-1.719035 3.519512
-2.017698 3.253314
-1.671005 4.242671
-1.936104 3.628631
-1.769233 3.388955
-1.762203 3.724172
-1.933276 3.788350
-1.620410 5.649880
-1.849002 3.406344
-1.762919 4.570412
-1.616477 4.255437
-1.810380 3.816126
-1.623660 4.134009
-1.693973 3.293437
0.026269 2.722884
-1.723579 2.933434
1.217181 0.949831
-0.169842 2.383699
-1.782148 3.780180
-1.834421 3.489810
-1.879002 3.462127
-1.808443 4.359935
-1.834099 4.285561
-1.958665 3.650271
-1.731888 3.381266
-1.780851 3.440348
-1.754674 3.541968
-1.919330 3.720211
-1.441456 2.819672
-1.720548 3.341133
-1.676758 3.391570
1.274581 1.030577
-1.858370 3.431217
-1.911454 3.868924
-1.763207 3.322800
1.323862 1.327537
-1.847938 3.385472
-1.615205 3.028440
-1.841781 2.992093
-1.839672 3.883115
-1.917854 3.946157
-1.582158 3.054807
-1.853882 3.719738
-0.135215 3.511768
-2.180798 4.527566
-2.123023 4.567704
-1.676759 3.532313
-2.028234 3.529399
-0.773311 6.161968
-2.240139 4.140365
1.206459 1.216399
-1.733753 3.531788
-2.100941 4.231474
-1.948429 3.894259
-1.780251 3.794808
-1.624048 4.212983
-1.799331 3.628998
-1.810434 3.819649
-1.735630 3.359408
-1.883584 3.892501
-2.148770 4.006427
-1.844294 3.622748
-1.654452 2.877702
-1.770716 3.364044
-1.721062 4.094046
-1.823848 3.423156
-0.892384 4.397912
-1.537237 3.339397
-1.726124 3.487437
-1.899483 3.566392
-1.859138 4.521257
-1.831316 4.458242
-2.038076 4.555597
-1.767097 3.624043
-1.803660 3.683609
-1.966553 3.982554
-1.779530 3.640739
-1.728294 3.504611
-1.910887 3.539871
-1.036064 5.100455
-1.687503 3.322447
-1.712450 3.345563
-1.901090 3.540818
-1.860787 3.501430
-0.471910 2.950083
-1.035780 3.487900
-1.465104 3.393760
-1.934295 3.816585
0.733234 2.710748
-2.142699 3.879028
-1.943574 3.237037
-2.353968 3.246753
-1.936427 3.013386
-1.892245 3.653671
-1.900039 3.542756
-2.060137 5.223805
-1.746976 3.326404
-1.714245 4.229554
-1.849184 3.563612
-2.934924 4.631992
0.500300 1.961647
-1.534124 3.773023
0.701808 2.115321
-1.909608 3.863489
-1.793640 3.424712
-1.660642 3.440312
-0.894140 3.635116
-2.061803 4.580084
-1.692391 3.367435
1.094407 1.366407
-1.692834 3.522175
-2.350557 4.257258
-1.950221 3.786786
-1.391448 5.187624
-0.007034 2.770388
-1.856339 3.398768
-1.822717 3.573349
-1.820889 3.395894
-1.317240 3.207248
-1.770262 3.816128
-1.897738 3.643878
-1.677269 3.598851
-1.870397 3.933648
-1.723153 3.613392
-1.577335 3.618477
-1.812010 3.529425
-1.673687 4.159225
-1.901056 3.729550
-1.680309 3.358525
-1.471254 2.932544
-2.247224 4.206738
-1.828511 3.623013
-1.801604 3.445694
0.457982 2.156611
-1.690481 3.615757
-1.554655 3.785146
-1.784688 3.578757
0.225111 2.731640
-0.510190 2.957515
-2.088747 3.828651
-1.749288 3.335784
-1.796848 3.433759
-1.947980 3.712757
-1.402931 3.240489
-1.851854 3.890932
-1.049756 3.882093
-1.629169 3.877331
1.215069 1.188945
-2.048948 3.539103
-2.287576 4.291686
-1.714505 3.358297
-1.552613 3.717182
-1.930597 3.920461
-1.906499 3.538133
-2.325722 4.102702
-2.266554 4.275487
-1.777910 4.491571
-1.642917 3.294126
-1.834067 3.677988
-1.807177 4.589911
0.631212 2.168922
-1.886786 3.436562
-1.681981 3.477006
-1.958378 3.546485
-1.670912 3.637707
0.603101 2.346826
-1.819661 3.669226
-1.666591 3.644964
-2.138508 4.435993
-1.839114 3.743300
-1.739127 3.733707
-1.809685 3.324707
-1.880876 4.413126
-1.961416 3.819665
-1.740152 3.807792
-2.009702 3.863519
-1.748478 3.747848
-0.547038 3.990723
-0.940512 4.704786
-1.913842 3.383115
-1.957492 3.602011
-1.739034 3.624263
-0.264347 2.630302
-1.740552 3.809892
-2.029763 3.834001
-1.422182 4.912640
-1.844218 3.931172
-2.034111 3.832410
-1.906183 3.879628
-1.834943 4.435699
-1.603923 5.633812
-0.012704 2.867023
-1.706096 3.557666
0.737037 1.837747
-1.751701 3.613664
-1.713539 3.410507
-0.971405 3.914060
-1.708212 3.435008
-2.074687 4.194335
-1.828565 3.871027
-1.925362 3.940466
-1.816074 3.869308
-2.239969 4.014407
0.983200 1.063641
-2.233768 4.222119
-2.193019 4.519283
0.222615 2.655922
-1.725505 3.157894
-1.687076 3.611666
-1.931199 4.440642
-1.771909 3.434074
0.636387 2.010334
-1.993848 4.498605
-1.820133 3.803922
-2.353020 4.288093
-1.430007 3.683921
0.230049 2.464855
-1.938613 3.791345
-1.849652 3.560354
-2.030563 3.888128
-1.748914 3.337840
0.424003 2.457712
-1.969038 3.571451
0.637902 2.043885
-1.726472 4.070168
-1.847665 3.461970
-1.840010 3.808303
-1.415119 3.122415
-1.661878 4.228741
-1.767029 4.581267
-1.971980 3.953043
-0.506675 4.091556
-1.681925 3.358931
-1.881803 3.875744
-2.036240 3.913556
-1.870350 3.946651
-1.885190 3.485749
-1.953793 3.706151
-1.728961 3.430755
-2.045521 3.919948
-1.973323 3.856078
-1.969223 3.963875
0.055410 3.027929
-1.833173 5.675837
0.736285 1.956336
0.703769 1.868023
-1.116518 3.959175
-1.785687 3.514722
0.695490 1.953229
0.975529 1.153826
-1.898506 3.856326
-2.041279 3.964364
-1.863653 3.421541
-1.706166 3.222937
-2.118256 3.289083
-2.137497 4.354769
-1.959052 4.005866
-1.694367 3.287478
-0.712131 3.507896
-1.775308 3.529091
-1.490613 3.746442
0.622629 2.007141
-2.072569 3.820686
-1.899306 4.033865
-1.677140 3.471466
-0.284208 4.090385
-1.702269 3.673501
-2.209896 4.970006
-1.752065 3.821918
-1.716288 3.640946
-0.938002 4.726329
-1.791305 3.066559
-1.629356 4.317848
-1.996445 3.971615
-1.745252 3.382018
-1.900930 3.669670
-1.749738 3.761179
-1.990831 3.909732
-1.921830 4.496561
-1.878792 4.136738
-1.734553 3.284231
-1.867368 3.651103
-1.897092 4.047844
-1.724333 3.496617
-1.788498 3.313576
-1.590142 4.428910
-1.585824 4.991669
0.657420 1.930942
-1.952258 3.913267
-1.935627 3.567113
-1.895479 3.822201
-2.046158 3.851110
-1.893183 3.659963
-1.844929 5.089109
-1.670459 3.522789
-1.937666 3.802547
0.892610 1.916712
-2.019812 3.764130
-1.754193 3.711542
-1.832927 4.532557
-1.720172 3.311258
-1.998482 3.914807
-0.673732 4.525883
0.676444 1.949190
0.790834 1.762773
-1.839517 3.645981
-2.032406 3.939820
-0.590117 3.327804
-1.655528 2.832189
-1.889750 3.984509
-1.588285 4.318362
-1.862891 3.691575
-2.044208 3.796941
-1.924006 4.019907
-1.980725 3.768035
-1.741004 4.469785
1.135478 1.660396
0.660802 2.555892
0.773393 1.814126
-1.854815 3.856032
-1.689432 3.430354
-1.597211 3.777648
-1.442269 3.766145
-1.971308 3.871904
-2.140293 4.595933
-1.796646 3.405433
-1.682531 3.633308
-1.777146 2.912645
-1.697720 3.373075
-1.819937 2.969679
-1.676292 4.149264
-2.007378 4.343872
1.070319 0.933987
-1.725368 3.665718
-1.744411 3.315886
-1.690195 4.411520
-1.898018 3.932409
-1.505733 3.668793
-1.817365 3.878590
-2.018661 3.754845
-1.568673 3.083582
-1.784917 4.621356
-0.329509 4.107564
-1.890395 3.403671
-1.885898 4.727205
-1.907756 3.698736
-2.003504 3.974254
-1.937056 4.039577
-1.380336 4.145638
-1.926753 3.585160
1.060286 0.962717
-1.485703 4.631883
0.772519 1.816676
0.726024 1.872376
-1.955562 3.808499
-1.853425 3.755851
-1.938286 4.034827
-1.801219 4.723550
-1.799819 3.637863
-1.774614 4.732330
-1.876006 3.492112
-1.800586 3.775944
-1.527292 3.056371
-1.687232 3.241826
-1.851351 3.811801
-2.123954 3.633293
-1.911397 3.679117
-1.623630 4.511984
-1.932353 3.637631
-1.965834 3.876404
-1.783882 3.815883
-0.898253 4.022064
-1.585132 4.496104
-2.104386 4.033009
-1.712697 4.549377
-1.651813 5.518029
-1.784901 4.549925
-1.522096 3.537630
1.264746 1.208538
-2.000312 3.889935
-2.019660 3.780326
-1.849485 4.706910
-1.738932 4.676932
-1.762588 3.463984
0.786836 1.782720
-1.014064 5.065668
-0.506938 2.981165
0.577755 2.068448
0.002548 2.967311
-1.951647 4.019949
-1.585168 4.517775
-1.973702 3.845959
-1.830112 3.240478
-1.670417 4.444487
-1.726488 3.612028
-2.010971 3.969922
-2.046626 3.956419
-1.355158 5.664739
-0.891272 5.194235
-1.627478 4.300107
0.841269 2.143159
-1.743129 3.286366
-2.194605 3.936959
-1.791329 3.268100
0.336402 2.714520
-1.685679 3.656988
0.684739 1.966581
-2.247558 4.162599
-2.333449 4.119008
-1.828609 4.608087
-1.716349 3.479292
-1.936699 3.778021
-1.775046 3.879630
-1.963168 3.855581
-1.799544 3.278478
-1.971996 3.809739
0.642254 2.016125
-1.664816 3.346609
-1.940457 3.627376
-1.833472 4.477467
-1.996746 3.817084
-1.890476 4.370089
-1.768597 3.840733
-1.018140 4.540426
-1.249423 4.816116
-1.804691 3.280293
-1.733632 3.244803
-1.728958 5.212759
-1.761296 3.872201
-1.807600 3.694998
0.937473 1.646638
-1.862710 3.441526
-1.797407 3.863214
-0.013997 2.983759
-1.908563 3.589712
-1.942107 3.970790
-1.709589 2.925896
-1.847592 3.846879
-1.812615 3.430936
-1.926202 4.095186
-1.754282 3.405268
-1.945287 4.010583
-2.036917 3.858768
-1.666545 3.432268
0.940728 1.460294
-1.758441 3.734246
-1.813259 3.261097
-1.502976 3.694111
-1.826071 3.839790
-1.886520 4.624014
-1.766585 3.294964
-1.857269 3.609146
-1.775141 3.316475
-1.709645 5.390790
-2.010932 3.910589
-2.028561 3.852306
-1.829760 3.784400
1.152111 1.177847
-1.978262 3.921768
-1.846871 4.598062
0.795538 1.807645
-2.032982 3.823141
0.779116 1.893136
-1.766736 3.576227
-1.778562 3.648495
-1.619004 4.428620
-1.768324 3.784912
-1.617441 4.593390
-1.926289 3.749733
-1.492802 3.830553
-1.008636 4.170713
-1.904305 3.598603
-1.582170 3.438543
-1.700616 3.406861
-1.807348 3.810327
-1.855659 3.805331
0.568676 2.087389
-1.171508 4.739637
-1.660834 3.666983
-2.354178 5.218983
-1.711606 3.233409
-1.946642 3.970472
0.701854 1.760191
-1.742110 4.046956
-1.969111 4.594315
-1.712809 3.988203
-1.412348 3.904097
-1.839655 3.767997
-1.737272 4.465202
-1.721281 3.628265
0.947664 1.685225
-1.816318 3.740463
-1.940964 4.356037
-1.578549 4.789196
0.621751 2.110333
-1.808218 3.886228
-1.977149 4.058398
0.766432 1.715991
0.058710 2.699325
0.795696 1.761790
-1.718822 3.277971
0.775773 1.706986
-1.901815 3.814069
0.709655 1.792571
-1.233274 3.402114
-1.835364 4.716507
-1.968196 3.883408
-1.933963 3.999904
-1.701492 3.447341
-1.867030 4.104705
-1.932462 3.737039
0.613121 2.042338
-2.013797 4.046744
0.665705 1.895264
-2.143123 4.542086
-1.862896 3.779515
0.519139 2.121233
-2.036364 3.980994
-2.018825 3.856077
-1.705052 4.590487
-1.754664 3.880619
-0.907608 4.938500
-1.775655 3.472628
-2.144246 4.476696
-1.782353 3.637419
-1.696772 3.910705
-1.752236 3.260027
0.673062 1.782033
-2.000240 3.913292
-1.635966 3.175375
-1.675516 3.578237
-1.870381 3.459785
-1.942126 3.866092
-0.011600 2.733378
-1.895051 4.034193
-2.044949 3.607817
-0.665640 3.491342
-1.932324 3.581922
-2.353952 4.177701
-1.553900 3.271606
0.260764 2.453573
-1.891278 3.443194
-2.247564 4.096324
-1.789631 3.352532
-1.933758 3.559004
-0.662614 4.629740
-1.757980 3.274045
0.961304 1.160897
-0.519095 3.126411
0.119589 2.155663
0.266726 2.390936
-1.783319 3.525233
0.764439 1.867534
-1.937636 3.957389
-1.709739 3.337780
-2.016951 4.010285
0.604212 2.108411
0.758388 1.665664
-2.034478 3.999824
-2.029355 4.552941
0.777214 1.740638
0.551448 2.156180
0.590601 1.583382
0.510169 2.195545
-2.031568 4.657128
0.665431 1.867621
-1.869757 4.727562
-1.684841 3.253183
-2.197700 4.339431
0.510583 2.007652
-1.688872 3.470168
-1.798211 4.542596
1.263868 0.919984
-1.711848 3.670551
1.371956 1.090748
-1.680004 4.236449
0.671322 1.776552
-1.878745 3.897395
-2.011132 3.816879
-1.678259 3.707599
-2.035213 4.730394
-1.067294 3.989815
-2.541959 4.288987
0.553154 2.030594
0.686163 1.907953
-1.811962 3.797813
-1.774814 5.674479
-0.212833 3.922987
-1.930902 3.659155
-1.791144 3.814708
-1.722114 3.714536
-1.720019 3.715983
0.711382 1.959437
-1.719810 3.643269
-1.760839 3.868104
-1.986097 3.684275
-1.971076 3.703567
-1.067262 4.098386
-0.670620 3.652776
-1.153331 4.356410
-1.781664 3.221622
-0.606294 5.059982
-0.683986 4.271233
0.637534 2.026854
-1.776565 4.396492
-2.003591 4.047783
-1.591927 4.518388
1.555241 1.286107
-2.016509 4.023769
-1.836100 3.943279
-1.792523 3.753212
-1.828014 3.671974
0.564660 2.083296
-1.452756 3.729698
-1.714749 3.730104
-2.016711 3.961416
-2.291469 3.952694
-2.035965 3.707659
-2.023124 3.751604
-1.927452 3.510353
-2.179070 5.677514
-1.746871 3.246986
0.567631 2.187996
-1.905688 4.042881
-1.949768 4.263194
-1.917972 3.518428
-1.852146 3.340795
-0.774319 5.398667
-1.859375 3.357443
-1.702400 4.364834
-1.896925 3.542043
-1.052987 3.296342
-1.901829 3.271379
0.869202 1.734050
-2.097240 5.452922
0.685365 2.033803
-1.616052 4.643294
-1.953903 3.512018
-1.847490 3.924037
-2.197812 4.291473
-1.799148 3.527529
-1.741363 4.183300
-2.294979 3.940298
-1.737457 3.444837
-1.642720 4.632703
0.711286 2.051671
-1.816646 3.643474
-2.147337 3.833010
-1.822882 3.372483
-1.588396 4.709560
0.595489 2.106459
-2.016183 4.629846
-1.921719 3.840025
-1.944602 3.559536
-0.789374 3.288960
-1.739824 4.731049
-1.851648 3.296578
0.878291 1.737519
-1.781728 4.449588
-2.351025 4.019940
-2.015064 4.018604
-1.849131 3.299997
-1.716479 3.215000
-0.221381 3.877964
-1.706404 4.688848
-1.730046 4.215998
0.775953 1.751700
-1.688737 3.401618
-1.966566 3.854769
-1.898362 3.449457
-2.030243 3.689330
-1.945989 3.728266
0.100532 3.361327
-1.525978 3.431165
-2.013081 3.978276
-1.872459 3.971252
-0.364612 3.693522
-1.648011 4.734283
-1.798091 3.267412
-1.678482 4.589568
-2.310945 3.849257
0.649046 1.886883
-1.674766 3.729872
0.666460 1.985885
-1.933628 3.827896
-2.003573 3.723495
-1.802005 4.822413
-2.259013 3.866561
-1.642748 2.945526
-2.010640 3.803675
-1.858754 3.309089
0.830946 1.262931
-1.974114 3.211030
-1.838495 5.449917
0.871100 1.733802
-1.709817 3.626821
0.851054 1.609705
-1.744891 4.862134
-2.023036 3.892203
0.587686 1.958433
0.848120 1.629747
-1.698678 4.672982
-1.966291 3.519556
-1.744533 2.643421
-1.453068 4.593275
-2.195895 4.448155
-1.756492 3.352864
-1.873322 3.513430
0.695609 1.983768
-1.968218 4.051939
-1.830058 4.255396
-1.534744 5.419076
-1.949208 3.499240
-1.919050 3.924138
-1.676143 3.324122
0.522608 2.079962
0.659370 1.886904
-2.615861 4.416711
-0.108879 3.006835
0.708250 1.814199
-1.931062 3.526229
0.540903 2.415198
-1.741481 4.759807
-1.930940 4.632405
-2.255282 3.760173
-1.868311 3.852626
-1.564362 5.749847
-2.047768 3.399085
-1.818524 4.891858
-1.852522 4.062574
-2.036311 3.792843
0.590129 2.020163
-1.991249 4.059892
0.562477 2.135629
0.570853 2.199431
-1.433919 2.922543
-1.831152 4.004155
-1.891592 3.445404
-2.158287 4.997109
-1.720326 3.693971
-1.809250 4.628827
-1.999299 3.679285
-2.052563 4.536219
0.710614 1.869582
-2.012169 3.679929
-1.793624 3.322724
-1.902277 3.716970
-1.664676 3.362055
-0.664366 3.876262
-2.071780 4.591240
-1.976220 4.497738
-1.850309 3.396843
-1.822502 4.510517
-1.554239 5.194458
-2.307371 3.943488
-1.780850 3.875044
-1.667623 3.555354
0.841783 1.727537
0.643028 1.912217
-1.596947 4.642597
-1.969013 3.486253
-1.824215 4.048521
-1.832653 3.317502
-1.498811 5.414344
-1.899929 3.081576
-0.704444 4.926532
-0.959407 5.306046
-1.644442 4.345229
-0.805874 4.842918
-2.302294 4.408576
-2.307547 4.315739
-1.830030 3.436801
-1.511539 3.732821
0.762718 1.847082
-1.696416 4.111959
-1.667087 4.402020
-1.868297 3.663029
-1.836210 3.693569
-0.509630 4.421538
-0.970820 3.850141
-1.620670 4.704764
-1.775280 4.722994
-1.485295 3.895900
-1.971310 3.126064
-2.018835 3.971488
-1.672652 3.263040
0.461367 2.145645
-1.893949 3.560370
-1.981301 3.679520
-1.811887 4.085458
-1.730790 3.511971
-2.029115 4.034986
0.514084 2.002693
-1.915153 4.605520
-0.966202 5.227665
-2.208906 4.416297
0.736055 2.002066
-1.834365 4.658222
-2.275584 4.320038
0.598411 1.875551
-1.510919 3.708955
-1.473647 3.935064
-1.757724 3.267026
-1.984988 3.149292
-1.870020 3.574094
-1.673942 3.711474
0.724930 1.754086
-1.629508 4.466237
0.937651 1.352240
-0.958574 4.299147
-1.931620 4.501391
-1.480011 3.974561
-2.001534 4.011791
1.108426 1.525183
-1.958581 4.027654
-1.894608 3.861226
0.668743 1.825307
-0.856086 4.265348
-1.950248 3.558552
-1.975447 3.820742
0.673475 1.910617
-1.615091 3.428292
0.702222 1.962825
0.587772 2.127454
-1.686254 3.602047
-2.115392 4.376200
-1.850003 3.948087
0.820991 1.719889
-1.824893 3.990393
-1.887115 3.341114
-1.914317 4.313551
-0.838396 4.730374
-1.715467 3.417728
0.689254 2.027167
-1.988085 3.713166
0.513248 2.024043
1.206521 1.113138
-2.348481 3.944371
-1.931970 3.923331
-1.792096 4.359496
-1.728757 3.539212
-1.473055 3.873771
0.481181 2.249025
-1.032451 3.331236
-1.788081 3.823996
-1.794149 3.868932
-1.901697 3.649761
-1.608186 3.355063
-2.319966 5.591378
-1.758062 5.494538
-1.389580 3.199743
-1.774758 3.517171
0.619256 2.053733
-1.193551 4.335411
-1.674359 3.163652
-1.684157 3.184008
-1.720246 4.285794
0.866391 1.619738
-1.606022 3.396364
-1.069238 4.096071
0.779644 1.861521
-1.599154 2.770861
-1.936960 4.109190
-2.236266 3.976064
0.713128 2.061530
-1.809307 3.648507
-1.922186 3.639734
-1.745586 3.405029
-1.959919 4.128460
-2.230491 4.163503
0.753071 1.720318
-1.681081 3.353642
-1.782991 3.454359
-1.883519 3.611787
-1.692808 3.209092
-1.614292 3.377872
-0.671015 5.898995
0.821305 1.620568
-1.715815 3.414086
-0.589888 3.602305
-1.925040 4.087108
-1.819219 3.517441
-1.854961 3.812582
-1.850874 3.743942
-1.809694 4.467876
-1.943128 4.390708
0.476911 2.153029
-1.852027 3.317378
-1.843917 3.903780
0.869392 1.385597
-1.995264 3.766194
-1.762326 3.221975
-1.761849 3.593599
-1.722318 3.369657
-1.626679 3.366822
-2.079363 3.595768
-1.785125 3.596755
0.454666 2.218080
-2.035816 3.687385
-1.969811 3.988055
0.740975 1.801616
-2.015782 3.755742
-0.005338 2.855162
0.660560 2.308381
-1.627880 3.370168
-2.161413 4.383330
-1.731098 3.167351
-2.382957 3.966411
0.481538 2.146581
-1.604024 4.622358
-1.856635 3.374139
0.478232 2.270663
-1.001319 4.297571
-1.831609 3.308709
0.087970 2.962845
-1.819701 3.472601
0.854171 1.735846
-2.565403 4.069993
0.889923 1.771935
-1.135236 5.566340
-1.023913 4.161637
-1.678382 4.518423
-1.755154 3.882659
-1.721790 3.211069
-1.969301 3.551459
0.817123 1.764368
-2.255898 3.425882
-1.962672 4.457322
-1.740358 3.310528
-1.900474 4.134904
-1.552781 3.374436
-2.146324 3.442041
-1.686202 3.449599
-2.251909 4.173546
-1.838199 4.507047
-1.702729 3.232374
-1.846567 3.606492
-1.762525 3.844543
-1.714052 3.311548
-2.022307 4.047712
-1.942327 4.701107
-1.521378 3.920423
-1.723168 3.190709
-1.720077 3.911232
-1.813592 3.601144
-1.986302 4.107230
-1.819895 3.919372
-2.211481 3.844725
-1.623362 3.404333
-1.861347 3.774904
-1.692160 3.703896
-1.776394 3.676689
-1.695574 3.610965
-0.638543 3.729852
0.819640 1.319018
-1.917386 3.888479
-1.884311 4.011711
-1.938066 4.084494
0.254229 2.854057
-2.018875 4.105988
0.604877 1.920412
-1.863991 3.922947
-1.956757 3.910745
-1.964544 4.087132
0.966757 1.932224
-1.734760 3.195429
0.324938 3.187353
-1.778554 4.078976
-2.159386 4.546554
-1.200027 3.988834
0.534926 2.016656
-2.224988 5.546006
-1.957930 3.899865
-1.610031 3.518138
-2.033271 3.909317
-1.850454 4.385903
0.272566 2.153717
0.495303 2.219371
-1.994874 4.002224
-1.947121 3.475388
-1.065002 4.675229
0.805299 1.966936
0.763954 1.895262
0.854092 1.787826
1.170843 1.000540
-1.590638 3.364924
0.439261 2.220366
-1.948290 3.596398
-1.869529 3.330417
-1.675779 3.502645
0.672635 1.779394
-1.637583 3.477011
0.676779 1.854883
-1.450818 3.773112
0.784709 1.258043
-1.894112 4.086582
-1.981168 4.115629
-1.721892 3.167909
-2.042960 4.118618
0.664164 2.049065
-0.420930 3.466315
-1.782523 3.260466
-2.046691 3.795312
-1.651842 3.429757
-1.979266 3.754505
-1.511925 4.409635
0.222333 2.150415
-1.875213 4.900851
-1.737908 3.513291
-2.216064 3.432459
-1.838271 3.396825
0.635690 1.953504
-1.999121 3.850560
-1.982185 4.692904
-1.766586 3.698683
0.500860 2.250522
-1.745673 3.862264
-1.847965 3.493770
-1.917443 3.392301
-1.945233 4.721776
-2.064456 3.516896
-1.709583 4.725303
-1.634092 3.253297
-1.646614 3.409824
-1.946988 3.749598
-1.988335 3.694767
-1.519862 2.879944
-1.627648 3.258584
-1.679925 3.144343
-1.832330 4.482649
-1.512520 2.836139
-1.444168 2.363162
1.105792 1.368585
-2.037146 3.728253
-1.647121 3.228730
-1.048119 3.920584
1.132952 1.452072
-1.003213 6.025572
0.456945 2.154297
-2.318967 4.103817
0.650613 2.119127
-0.219160 3.463527
-1.757407 3.904171
-1.559352 4.117050
-1.867794 5.637177
0.567619 2.263574
0.791183 1.612549
-1.688598 2.721535
-1.586548 3.213044
-1.058349 4.810015
-2.038418 4.129414
-1.899190 4.030879
-1.694028 4.266981
-1.544631 4.272091
-1.616664 3.571361
0.454677 2.097656
-1.982629 3.620157
-2.348120 4.269346
-1.678150 4.129375
-0.146578 3.041690
-2.189466 3.502237
-1.743166 3.568847
-1.011220 4.192183
-2.001889 3.892972
-1.906957 3.504211
0.565050 2.267532
-1.852659 3.295828
-1.584481 4.995487
-1.592924 3.326944
-1.657844 3.519172
0.782269 1.907759
-1.831021 3.566832
0.598037 2.251158
-2.041201 3.654431
-1.577571 3.354734
-2.036966 3.655402
-1.587248 3.494145
-1.768489 4.235830
-1.696684 4.411185
0.528604 1.934944
-1.843507 3.927156
0.964072 1.521577
-0.297769 2.791379
-1.608615 3.275442
-1.680993 3.482898
-0.056161 2.775176
-1.725819 3.152990
-1.499521 5.597628
-2.137062 3.541884
-0.851968 4.142683
-1.867820 3.940812
-1.617722 3.403418
-1.952025 3.483840
-0.537390 4.945787
-2.036633 3.996212
-1.430344 4.364170
-1.568283 4.216477
0.547014 2.233040
0.777309 1.881575
-1.911540 4.123037
-1.981508 3.534484
-1.500916 3.330722
-2.035831 3.675004
0.438651 2.055277
-2.027729 4.101820
-1.498249 2.791422
-1.611667 3.225038
-1.809153 4.680233
-0.229896 3.416278
-1.902642 4.566454
-1.635297 4.546414
-1.585856 3.317339
-1.830179 3.346060
-1.949584 3.914914
-1.934151 3.887337
-1.566351 4.109345
-1.687234 5.612419
-1.657387 3.379926
-1.814764 4.648220
-1.531075 2.965759
0.955930 1.598678
-1.889009 3.818155
-1.514868 3.866941
-1.733751 3.188576
0.541465 2.183320
-1.981710 3.725943
-0.704246 4.894679
-1.757894 3.775942
-1.608392 4.016630
-1.657140 3.485431
-1.643763 3.248597
-2.289068 3.837789
-1.740392 3.952169
0.838489 1.744429
0.627750 2.158361
0.532718 2.168804
-1.905571 3.462277
-1.831306 3.557261
-1.780390 3.963267
-2.328784 4.400273
0.797272 1.653105
0.954621 1.539844
-1.790791 3.347633
-1.823984 4.843131
-1.827136 3.864383
-1.971007 4.032681
0.643586 1.848221
-1.590736 4.360877
-1.745844 4.473904
-1.956866 3.758047
0.959924 1.522173
0.521247 2.121845
-2.020525 3.744005
-1.504007 4.583062
0.948835 1.094882
-1.445054 3.780014
-1.877380 3.607195
-1.958874 4.879061
0.593687 2.027665
-1.587701 3.288512
0.863894 1.549820
-1.774835 3.942518
-1.609165 3.355498
-1.575120 4.349941
-2.210217 4.195759
0.730073 1.701301
0.570962 1.924917
-1.686375 4.624367
-1.579688 3.970484
-0.539178 4.027817
-1.757317 3.273321
1.106649 1.000432
-2.331012 4.739209
0.428532 2.275424
-1.794607 3.366229
-1.777656 3.903448
-1.941955 4.003906
-1.982208 3.977569
0.771585 1.799432
-1.484598 4.217216
0.249834 2.762982
-2.103830 5.258359
0.207842 2.674478
-1.731475 5.304359
-2.412934 4.267391
-1.833840 3.478264
-1.932004 4.010741
0.610523 1.829637
-1.715641 3.406833
-1.947417 4.777218
-0.367912 3.315883
-1.626325 3.239061
0.441714 1.777833
-1.843418 3.490743
-1.504706 3.105500
0.607407 2.189522
-1.746604 3.373060
-1.682862 3.284339
-0.637152 3.622938
-1.763212 3.705142
-2.003042 4.864608
-2.168573 4.038214
0.794746 1.597774
-1.993580 4.069339
0.559425 2.256221
0.969969 1.075874
-1.732897 3.310524
-1.727125 3.651581
-1.822317 4.015428
-1.768693 3.440377
-1.775061 3.505833
0.469447 2.244222
-1.915716 3.749777
-1.514806 4.457143
-1.983508 4.786704
-1.479414 3.347353
-1.622983 4.480479
-1.731368 3.785317
-1.672403 3.798278
-1.948760 3.475234
0.419683 2.801111
-2.003471 4.014376
-0.608537 3.528695
-1.849458 3.443134
-1.667088 3.771079
-0.592288 3.152886
0.493475 2.164411
-2.031530 3.698185
0.879161 1.520753
-1.622257 3.214469
-1.693929 4.736204
-0.712216 4.598113
-1.912150 4.323301
0.462004 2.353162
-2.024676 3.607644
-1.957977 3.740171
-1.845411 3.943805
-1.906290 4.904114
-2.035377 4.083668
1.261003 0.988339
-0.934851 5.678008
-1.963032 3.594287
-1.692653 3.754353
-0.978269 5.440238
-1.491812 3.818432
-2.105433 4.299388
0.553375 1.938807
-0.969129 4.408971
-1.678571 3.464370
-1.788269 3.584052
-2.218358 4.011553
0.927358 1.516585
0.294727 2.800496
-1.826162 3.995746
-1.642630 3.495040
-1.925040 4.074618
-1.796213 3.192972
0.881907 1.640306
-1.952866 5.562416
-1.611130 3.314194
-1.647031 3.484720
-1.757334 3.828181
-1.672097 3.786802
-1.995806 3.723665
-1.460106 3.853422
-0.566838 3.541203
0.760765 1.920785
-1.703203 3.709848
-2.002886 3.278480
0.451657 2.298627
-1.611318 4.206890
-1.716843 4.875936
-1.971107 3.855103
-1.773860 3.673241
-2.197038 3.950645
-1.930023 4.122068
-0.535400 3.897291
-1.793705 3.541373
-1.994131 3.817427
-1.777519 3.350821
-1.932616 3.621068
-2.232261 4.335219
0.802186 1.862417
0.576525 1.961567
-1.771986 4.708714
0.678768 1.672297
-2.328415 3.924202
-1.778424 3.849252
-1.444237 3.888766
1.348652 0.842340
0.638929 1.967456
-0.186123 3.131801
-1.813301 3.911525
-1.897637 4.627388
-1.943423 4.890169
-0.334923 3.058443
0.674467 2.168982
-1.763903 3.151304
-1.733179 3.786226
-2.193303 4.314101
-2.080744 4.868095
-1.873972 3.849572
-1.957248 4.021210
-2.029594 4.832328
-0.826138 5.600346
-1.428351 2.884367
-1.847618 3.614935
-1.852805 3.330857
0.430609 2.516295
-1.445806 4.044159
-1.685075 2.452507
-1.807449 3.601113
0.810821 1.699727
-0.990904 2.919728
-1.998565 4.094196
-1.874392 4.301760
-1.780270 4.684639
-2.046430 4.703187
-1.981621 5.254147
0.786162 1.653753
0.690811 1.826714
-1.596572 4.634913
-1.932727 3.497954
-1.849170 3.492964
-1.597497 3.582328
-0.627729 3.903072
-1.607205 3.266825
0.116971 2.599425
0.636278 2.114826
-1.193532 5.375606
0.887610 1.546460
-1.710296 3.298697
-1.557144 4.464382
-1.317136 5.589473
0.931569 1.651789
-1.661551 3.669149
-1.600659 3.580124
0.133777 2.441491
1.573075 1.138426
-1.712103 3.757678
0.359435 2.820989
-0.750090 3.789332
-1.434389 4.543160
-1.956521 3.839136
-1.594863 3.478267
-1.757591 3.183245
0.377280 1.885406
-2.031742 3.644998
-2.810433 3.777393
-2.076312 3.936979
-1.730976 3.277750
-0.035798 2.694091
-2.283345 5.411278
-1.862313 3.931978
-2.056152 3.929745
-1.944622 4.173728
-1.589084 3.534876
-1.951114 4.072593
-1.731249 4.060622
1.149170 1.190992
-1.803686 3.739808
0.109017 3.778066
-1.621145 3.585716
-1.900275 3.726085
-1.753825 4.572366
0.480371 2.082027
-0.611644 4.212352
-2.020089 3.826643
-1.627658 3.977312
1.237921 0.862060
-1.974669 4.098110
-1.809497 3.946544
-1.690296 4.911969
-1.786758 3.344549
-1.923155 3.372897
0.664835 2.103873
-0.610549 3.436649
-1.889204 4.597363
-1.637409 3.270859
0.939716 1.455483
-1.987823 3.637147
-1.662031 3.713642
-1.458129 3.604418
-2.086842 4.051876
-2.078511 4.041165
-1.874992 5.373887
-1.777693 3.341455
-2.062807 3.971699
0.744647 1.940879
-1.739814 3.886743
-1.052091 5.379853
-1.747520 3.147790
-1.854593 3.703906
0.600861 1.887370
0.351279 2.303423
-1.912248 4.761857
0.362722 2.219421
-1.933045 3.778839
-1.088209 4.723698
-2.086508 3.925386
-1.812816 4.339345
0.365667 2.225813
-1.697204 3.754779
-1.901282 3.544621
-0.497140 3.306051
-1.913511 3.973189
-2.238272 5.260142
-1.763894 3.157168
-1.812809 3.836138
-2.067572 4.004152
0.533095 1.948442
-1.949615 3.379760
-1.927787 3.412197
-1.530354 4.037613
-1.691976 3.463580
-2.023109 3.726506
-1.986746 3.815550
0.682342 1.924889
-2.074131 4.058105
-1.798222 3.961244
-1.723009 3.329804
-1.618665 5.595596
-1.906716 3.573187
-2.105509 3.961672
-1.853541 4.932179
0.880109 1.519762
-2.326108 3.985466
-1.881037 5.044288
-1.763835 3.700463
0.870521 1.725137
-1.468882 3.885764
-1.655565 3.580778
0.429567 2.276876
-0.540530 3.608371
-1.562806 4.493862
-1.792498 3.760296
-0.726240 4.004453
-1.566334 3.923103
0.680494 1.731215
0.668151 1.666067
-1.894309 3.834825
1.188255 1.903545
-0.740734 3.171394
-1.106818 5.553735
-1.713765 3.188928
-2.121633 3.490310
-2.092229 4.040100
-1.826040 3.709772
-0.547534 3.399818
0.547017 2.225916
-1.912939 4.046257
-0.911120 4.357865
-1.639819 4.835682
-1.819465 3.666079
-1.640499 3.146782
-0.567819 3.381096
0.438575 2.110681
-1.984744 3.950325
-1.520404 3.931573
-2.218750 3.906476
-1.378453 4.816675
1.282760 0.934524
-1.284500 5.440530
-1.871077 3.851241
0.568653 2.087763
-1.958292 4.985294
-2.122448 3.916706
-0.554672 3.719240
-1.770820 3.248374
0.499272 2.146825
-1.732444 3.781913
-1.981976 4.709587
-1.965266 4.974270
-1.891223 3.825007
-1.822017 3.990565
-1.783047 5.637537
-0.487319 3.475492
-2.046786 3.638757
-1.636687 4.275699
-2.071286 4.651359
-2.133620 4.690962
-1.679335 4.779149
-0.704016 3.802628
0.671190 2.062325
0.701960 1.930214
-0.046365 3.103385
-0.565028 3.430862
0.746884 1.597544
0.743998 1.955988
-2.113496 3.914668
-1.929486 5.025352
-1.989031 5.027578
-1.870465 3.685971
0.385533 2.225305
0.185163 3.033643
-1.663557 3.601694
0.799660 1.477954
-2.006601 4.137210
-1.746266 4.956684
-1.787103 3.371824
-1.673164 4.243723
-2.170794 4.740462
-2.032837 4.012081
0.360894 2.258174
0.688179 1.838258
-1.759821 3.670791
-0.680211 3.793588
-1.976194 3.090517
-1.587247 3.565745
-1.836107 4.051839
-2.035695 4.540839
0.753844 1.781255
-1.931762 3.417231
-1.685146 4.861386
0.456134 2.132887
-1.802537 3.950245
-1.925901 3.379385
-1.588081 3.369377
-1.874280 3.247251
-2.329097 4.345193
-1.831541 3.287055
-1.775489 4.940396
-1.626730 3.173968
-1.736091 3.468938
0.885504 1.840098
-1.693233 3.375786
0.846669 1.716501
-1.797727 4.629444
-2.063113 4.019344
-1.715959 3.741225
0.601734 2.013605
-0.943462 4.525195
-1.469569 4.633448
0.595911 1.747587
-2.012424 3.695019
0.925775 1.614583
-2.161787 4.624995
-1.662804 3.245952
-1.993613 4.801298
-2.118730 3.850906
-1.616886 4.599787
-1.981330 4.176923
-0.987169 4.283298
-1.964538 2.848540
0.542269 1.997823
-2.073668 3.849566
-0.742836 3.933201
0.786715 1.770470
-2.072273 3.905138
-1.712764 3.591142
-1.450658 4.691173
-1.890075 4.110347
-2.032495 4.203444
0.132447 2.253108
-1.719147 3.566157
-2.086637 4.706746
-1.456809 4.518873
-1.815285 3.944462
-1.769191 3.843940
-1.488892 3.986990
-1.605257 3.339336
0.886921 1.875037
0.819821 2.201104
-1.797046 3.390720
-1.774976 5.313093
-2.054905 3.846453
-2.080729 3.686873
1.028930 1.411560
-1.713419 3.800981
-2.056899 4.027947
-1.987867 3.654699
-1.931111 4.986024
0.869723 1.828116
-1.640534 3.513515
-1.471092 4.002670
-1.991899 3.835090
-1.375924 5.791669
-1.777158 3.977583
0.855002 1.745996
-0.687571 3.926548
0.538698 2.229865
-1.884550 4.089705
-1.925560 3.422806
0.614553 1.744440
0.109349 2.936606
-1.966634 4.861044
-1.596026 3.302692
-1.612500 3.532993
-2.099035 3.903772
-0.598907 4.872211
-1.948227 3.434694
-1.773910 3.615853
-1.825959 3.228864
0.404854 2.112758
-1.932609 4.001070
0.487280 2.169100
-1.832336 4.582706
0.732220 1.816336
-1.933679 3.494316
-1.503818 5.432246
-1.795136 3.494209
-0.808934 3.551176
-1.728453 4.762421
0.687865 2.102954
-1.915346 4.716259
-0.498702 3.257459
-1.563902 4.709589
-1.797951 3.526342
-1.475581 3.856185
-2.306678 4.558652
-0.551528 3.628947
-0.898280 5.670052
-1.868952 4.027278
-2.081018 3.852064
-2.089626 3.898213
-1.680001 4.603865
-1.743622 3.968399
-1.910679 4.918614
-1.920312 3.556994
-0.597418 3.651076
-2.073396 3.950438
-2.017782 4.172198
-1.709970 3.445891
-1.978389 3.990865
-2.121637 4.017172
-2.082785 3.949583
-2.204610 4.080858
-1.825551 4.130498
-1.939085 5.677964
-1.651366 3.199889
-1.475626 3.575577
-1.951591 3.600450
-2.345410 4.868276
-0.548231 3.469297
-1.918209 4.414302
-0.114797 3.094071
-1.994116 4.158012
1.395394 1.007960
-1.827693 4.027454
-1.976114 3.959956
-1.523607 4.362623
-2.662470 4.704758
-0.175439 2.773179
-1.453211 4.160629
-1.868199 4.943800
-0.198976 3.365284
0.960599 1.644965
0.864531 1.869517
-2.030930 3.656013
-2.106420 3.874455
-1.633279 3.211503
0.807256 1.707067
-1.836858 4.078658
-0.566841 3.340891
-2.051522 3.896681
0.859747 1.833470
0.590411 1.744538
-1.750917 5.018481
-1.646408 3.428093
-1.600771 3.530316
0.892531 1.519534
-1.762498 3.551779
-1.950389 3.386217
-2.031808 3.944037
-1.628213 4.861583
-0.514441 4.833272
-1.735242 4.816891
-1.953095 3.976361
1.190807 1.663788
-1.875077 3.984036
-1.945130 3.636592
1.045524 1.445755
1.392713 0.788798
-1.669354 3.072594
0.534057 1.930519
-0.777618 4.090591
-1.804629 3.929122
-1.857251 3.786890
1.280369 1.300071
0.874261 1.778690
-2.033918 3.117923
-1.453416 4.541059
-1.725148 3.062494
-1.692157 3.768279
-2.010203 3.696961
-1.664968 3.338341
1.480476 0.807196
-1.682978 3.687459
-1.895552 3.817209
-1.549588 4.632349
0.927847 1.520594
-1.517875 4.394050
0.397187 2.820183
0.638806 1.944343
-2.108314 4.031075
-2.089928 3.902274
-1.958283 4.200968
-2.110497 4.109452
-1.918211 5.549242
-2.070902 3.853600
-1.645956 3.289976
-2.014204 3.832410
-1.586814 3.189811
-1.980046 3.667704
-1.750973 3.139092
-1.825276 3.237242
0.613048 2.064058
-1.932213 5.067738
0.481085 1.989555
-2.019341 4.023345
1.323947 1.100309
1.258402 1.480171
-1.796941 3.192208
-1.747833 3.892988
-1.767809 3.873196
-1.476389 4.103714
-1.781339 3.964173
0.498254 2.102297
0.656643 2.076539
-1.645768 3.389637
-1.676884 3.292854
0.627990 1.983940
-1.601415 3.541505
0.705661 1.841214
1.046003 1.484317
-1.851519 3.315870
-2.118265 4.122668
-1.953997 4.211699
-2.044829 4.907958
1.290041 0.842896
-0.515587 3.794968
1.292691 1.503763
-1.973136 4.152464
-0.537223 3.563859
0.920899 1.466043
-1.459480 4.022228
-1.641071 3.451278
-0.266064 3.146979
-1.992289 3.573762
-1.445124 4.553784
-1.962950 4.152017
-0.453412 3.250982
0.801521 1.847356
-1.672214 3.586678
-1.671377 3.229139
0.911966 1.436242
-1.151531 4.296168
-1.808648 5.046480
-2.043492 3.560447
-2.032477 3.590405
0.696434 1.675403
-1.838057 4.110942
-1.943705 3.556198
-1.672080 4.153552
-2.091246 4.116150
-1.685353 3.141881
0.548644 2.192431
-2.081661 3.875877
-0.797335 3.788967
1.039759 1.503596
-1.925189 3.400757
-1.700578 3.791036
-2.030368 4.203463
-1.830377 3.245666
-1.946813 5.015346
-1.815496 4.055828
-2.048712 3.889896
-1.942533 3.955947
-2.164756 4.166012
-1.982580 3.545514
-1.060140 5.018862
-2.030862 3.595583
-2.293005 3.372109
-1.844707 4.684420
-0.760294 3.524042
-0.763387 3.984325
-1.667571 3.123574
-2.079422 3.929440
0.678933 1.501901
0.379693 2.435087
-1.920087 3.839733
-1.789856 3.363442
-0.315934 3.692842
-1.279223 3.722332
-1.874686 3.236962
-1.951402 4.165315
-1.395242 4.795635
0.808767 1.902628
0.183271 3.017802
-2.017813 4.188233
-1.929831 4.021375
0.514597 2.172828
-0.932860 3.975134
-1.758883 3.810390
-2.047024 4.033926
0.966395 1.705264
-1.408211 3.698259
0.698625 2.115702
-1.993974 3.524990
-1.880331 4.464775
0.851001 1.840357
-2.142127 4.737080
-0.003097 2.785699
-1.845026 3.301017
0.385700 2.132379
-0.323569 3.316494
-1.901296 3.654388
-2.070984 3.982556
-2.043669 3.983992
-1.767895 4.183548
-1.490997 3.532748
-0.574506 3.662271
-1.705770 3.104389
-1.807338 4.865516
-1.570445 4.685552
-1.895348 3.850101
-1.625348 3.542130
-1.679658 3.512757
0.774348 1.603587
0.658105 1.857289
1.002321 1.839022
-2.123629 4.113295
-0.656029 3.594243
-1.843095 3.034909
-2.015579 4.766483
-1.803319 3.915866
-1.521544 3.702658
-1.830075 3.973205
-1.638086 4.302077
-1.724940 3.937304
-1.829003 3.825926
-1.890337 3.835237
-1.796878 3.188251
-1.720817 3.121307
-1.974319 4.866742
0.994077 1.567735
1.004617 1.444708
-1.714707 3.730061
0.436865 2.205747
-1.923424 3.587455
-2.009427 3.675880
-1.838636 3.245984
-1.997475 4.116219
-1.996383 3.570832
-1.687734 3.198691
0.660738 2.051496
-0.252613 3.315912
-1.646067 3.202570
-1.929769 4.958727
-1.921995 3.423650
-1.592197 3.325937
-1.603858 3.220639
-1.630337 3.645614
-1.774972 3.269978
-1.653764 3.646981
-1.711780 3.756640
-2.018071 4.103997
-1.978247 3.997028
0.996727 1.553087
-1.815738 4.097845
-1.176037 4.097373
-2.052385 4.137508
0.459526 2.051522
-1.752732 3.851029
0.426126 2.255889
0.662134 2.113398
-1.632840 3.279224
-1.835770 3.810412
0.816993 1.813430
-1.744315 3.537498
-1.554404 4.001855
1.010482 1.398466
-0.423894 3.562133
-2.097045 4.051310
-1.766298 3.896986
-2.481894 4.462876
0.802196 2.005314
-1.393450 4.153927
-1.532359 2.753752
-1.884852 4.009247
-2.269193 3.761293
-1.414105 3.650640
-2.327627 3.823927
-1.626669 3.665571
0.671908 1.993826
0.567394 2.326716
-1.917240 3.988595
-1.987025 3.538338
-1.803864 3.930091
-1.511908 4.169013
-1.176942 4.079771
0.740967 1.743252
-2.096334 3.848931
-1.780190 3.415059
-1.590371 3.489574
-2.118744 3.810989
-1.598605 3.611143
-0.556470 3.641369
-1.332308 3.735053
-1.870653 3.562430
1.295822 1.393882
-1.696571 3.374246
-1.699379 3.787338
-1.209823 4.712345
-1.053800 3.922630
0.454092 4.959867
-1.781956 4.046276
0.506810 2.332577
-1.837011 3.359092
0.544193 2.352858
-1.689706 3.578738
-1.940361 4.109303
-0.510824 3.505447
-1.870694 3.376062
0.687897 1.913900
-1.683634 3.225651
-1.328761 3.554678
-1.355373 4.390769
-2.080715 4.095127
-2.088874 3.816228
-1.777892 3.351378
1.022738 1.549754
-1.404511 3.556203
1.045406 1.399084
-1.776356 3.734340
-1.146137 3.865294
-1.788005 3.993293
-1.865259 4.618419
-1.406590 4.269213
0.739635 1.919650
0.949378 1.488701
-1.469682 4.343590
-1.755298 3.373676
-1.999628 3.784797
-1.890600 3.719851
-1.749614 3.354734
-2.108636 3.864568
-1.647022 3.285548
0.481694 2.403490
-2.017090 3.734718
-1.574732 2.677606
-1.593431 3.471994
-1.468730 2.967698
-1.851353 3.645422
0.963513 1.567866
-2.157202 4.446154
-1.813779 4.024285
0.371107 2.328290
-1.898425 4.021861
-1.910668 3.601622
-1.944851 3.378811
-1.706985 3.844778
-1.879005 5.063086
-1.472544 3.442246
-2.219470 3.989192
-1.848464 4.007617
-1.654275 3.334868
-1.707034 3.807395
-2.010124 3.796105
-1.834587 4.107121
-1.468330 4.705614
0.616181 2.002686
-1.856848 3.423702
-2.026471 3.926384
-2.064275 3.763908
-1.731976 3.069448
-2.015583 3.914444
0.857689 1.449207
-0.769277 3.949447
0.666089 2.313917
-1.434316 4.293521
0.807837 1.768620
-1.305345 3.938444
-1.677461 3.710468
0.519371 2.255091
-0.771528 3.566670
-1.988037 4.081632
-2.292720 3.850868
0.328946 1.837042
-2.019960 3.240083
-0.878427 3.800690
0.545931 2.324563
-0.551532 3.741735
-1.419838 3.137390
0.988435 1.501195
-2.305779 3.701399
-1.972536 4.374767
0.429390 2.071409
-1.688401 3.312555
-2.037181 4.143614
-1.781941 3.928324
-2.231353 4.514064
-1.766392 3.905577
-2.027334 3.700995
-2.094483 3.767734
-1.948632 4.189439
-2.342156 4.593123
0.755849 1.673986
-2.482236 3.699676
0.313421 2.364304
-1.836443 3.598893
-1.630274 3.541958
-2.112873 3.872224
-1.489848 3.197522
-1.822950 4.112364
-1.714612 4.623247
0.768576 1.520641
-1.069405 4.010435
0.317491 1.917812
-1.835337 3.246030
0.283382 2.434462
-0.651490 3.562464
-1.783159 3.908371
-2.043763 4.625907
-1.606726 3.608587
-2.552243 4.466356
-2.115982 3.774449
-1.374145 4.236763
-0.333836 4.138040
-0.459731 3.527745
-1.634418 3.427398
-1.890743 3.695529
-1.642882 3.215642
-1.799722 4.026505
-2.275798 3.784310
-1.528731 4.201539
-1.774001 3.913531
0.473310 2.372352
-1.171160 4.279368
-1.902603 3.787771
0.338910 2.410432
-1.920040 3.539931
-1.475895 4.706871
-1.703318 4.363661
-1.465477 4.869616
0.767376 1.875328
1.006161 1.392932
-0.805243 3.638372
0.922579 1.658789
-1.848763 3.896605
-2.115818 4.099953
-1.742512 3.532897
-1.499546 4.910107
-0.873624 4.063855
-2.114661 4.073782
-0.556909 5.179509
-1.778823 3.996208
0.495797 2.228788
0.902439 1.364151
-2.237204 3.729918
-2.019245 5.013526
-1.629760 3.461710
-2.542014 3.906580
-1.696114 3.826113
-2.030424 3.740291
-1.798909 3.274791
-1.953169 3.453182
-1.416656 4.538640
-1.825709 3.453130
-1.882168 3.281162
-0.689754 4.082466
0.622365 2.064628
-2.159331 3.774664
-1.818060 3.982614
0.455735 1.994812
-2.337644 4.511289
-1.912090 3.948871
-1.101703 4.070387
-1.856983 3.565102
0.783820 1.653863
0.326055 2.411507
0.775036 1.846370
-2.016858 4.173482
-1.945831 4.095806
-1.924305 4.174665
0.992683 1.572837
-1.627658 3.395936
-1.453357 4.859298
-1.141859 4.199526
1.218696 1.315648
-1.869596 3.625459
-1.547965 3.912485
-0.699408 3.960269
0.644855 1.960224
-2.023521 4.136695
-1.510852 4.099595
0.541762 2.307641
-1.858106 4.065409
-0.530676 3.530836
0.650057 1.992212
-1.644022 4.371067
-1.305005 3.568107
-1.836294 3.777021
-1.891967 3.381338
-1.814399 3.825761
-1.601700 3.116509
-1.337565 3.915683
-1.859690 4.960621
-1.462820 4.586020
-1.597465 3.558546
-1.576313 3.698587
-1.834563 5.547483
0.010666 3.396874
-1.863042 4.058273
-1.168796 3.891242
-1.770002 3.435061
-0.446731 3.110175
-2.109960 4.016832
-1.559135 4.865717
-1.612755 4.649738
-1.037509 4.912239
-1.948262 3.256296
-1.544495 3.952009
-1.813208 4.239713
0.475969 2.169892
-2.015447 4.923482
-1.996782 3.621173
-0.810657 3.926261
0.511728 2.084437
-2.075050 4.071122
-1.928662 3.373975
0.506072 2.276630
-0.513936 3.887303
-1.857560 3.365572
-0.597633 3.596137
-2.631446 4.653059
-1.931628 4.068733
-1.592387 3.119885
-1.545037 4.161229
-1.967177 3.471513
-1.654720 3.310095
-1.407362 3.473486
-1.807362 4.927504
-2.340470 4.549039
-2.072892 4.144588
0.510752 2.139920
-1.307450 3.477181
0.292666 2.470118
-1.802528 3.965255
1.046019 1.428582
0.677517 1.666590
-1.759413 4.055103
-1.926150 4.633994
0.830603 1.760070
-2.316795 3.743932
-1.713751 2.837168
-1.565929 4.754048
-0.542789 3.144123
0.423198 2.403185
-1.664915 3.495028
0.339941 2.316868
-1.760023 4.049714
-1.061470 4.085527
-1.892339 4.213384
-1.666394 3.090698
-1.280371 5.819018
-1.971792 3.558794
0.922908 1.509433
-1.290601 4.846517
0.958441 1.419347
-0.921866 4.097468
-1.029329 4.029415
0.853948 1.455070
-2.021426 3.259656
-1.789921 3.608581
0.314578 2.293411
-1.327417 5.003511
-1.711991 4.251107
-1.845286 3.280814
0.788096 1.578684
-1.694888 3.271382
-1.927682 3.598497
-1.670699 5.055976
-1.393564 3.474883
0.862890 1.224807
0.022108 2.791150
0.729307 1.613833
-1.987445 4.705377
0.723034 1.982335
0.816650 1.672816
0.287301 2.507417
-1.307031 4.480892
1.007256 1.525415
-1.603279 3.974609
0.819911 1.610755
-1.957038 3.387336
1.210461 0.773793
-1.907493 3.610935
-1.293006 3.525072
-1.652143 3.166005
-2.224790 3.769108
-1.615674 3.234957
-1.777125 3.971547
-0.550580 3.643230
-1.344030 4.522573
0.777228 2.185972
-2.084331 4.107700
-1.779744 2.783036
-1.371220 4.758004
-1.708351 4.950041
-1.594897 3.371317
-1.972526 4.004204
-1.639989 4.919086
-2.101136 4.008536
-2.081600 3.785967
0.746352 1.717731
-1.812572 4.048594
-1.311699 4.717265
-1.564520 4.526232
-1.651206 3.410408
-2.079005 3.902849
-1.888880 3.259581
-1.776507 4.768041
-1.884360 3.948222
-1.744760 3.530006
-2.036824 4.259663
-1.997328 4.255866
0.620132 2.235747
-1.298246 4.629209
-2.272007 4.589848
-0.633140 3.282909
-2.103579 4.184447
-1.716341 3.404797
-2.069316 3.910630
0.913754 1.573239
-1.726617 4.251521
-2.208705 4.182939
-0.516999 3.897423
0.959260 1.779584
-2.024358 3.911466
-2.104826 4.151044
-1.745229 6.265283
0.285382 2.292701
-1.236713 3.677713
0.558593 2.225646
-1.511362 4.779839
-1.663303 3.881315
-1.540176 4.317452
-1.291676 4.574406
-0.547963 3.333110
0.759858 2.020125
-1.368086 4.865672
-1.758216 3.756931
-2.522479 4.644149
-2.194925 4.716669
0.381374 2.443286
-1.757395 3.639568
-1.295203 3.932877
-1.974677 4.284365
-1.976424 4.277492
1.037773 1.521988
-2.102251 3.226623
-1.285765 4.599948
-1.972687 4.957473
-0.953179 4.566048
-0.960776 3.660740
-1.325304 5.049109
0.897146 1.406724
-1.907269 3.992994
0.308918 2.445601
0.470874 2.361145
-1.284238 3.883605
-1.384138 5.194260
0.493010 2.118165
-1.928553 4.765459
-1.981242 3.959872
-1.797189 3.438772
0.099385 3.173657
0.468100 2.235699
-1.587486 3.299605
-1.903951 4.643833
-1.481659 4.561626
-0.719871 4.212619
0.936026 1.753121
-2.263331 3.881852
0.517717 1.911095
-1.840861 4.203703
-1.878924 3.854168
-1.070592 3.815491
-0.776589 3.717027
-1.967913 3.897251
-1.984787 4.283425
-0.049482 2.611993
-2.262472 4.111724
0.007149 2.942055
-2.180941 4.120363
-2.024056 3.734733
0.498263 2.144037
-0.714749 3.671544
-1.315346 3.412773
-1.791728 3.219771
-2.086856 4.036228
-1.783250 3.971709
-1.361606 4.768017
-2.043521 4.272235
-1.596092 3.458918
-0.686685 3.676877
0.512560 1.868994
-1.902981 4.205262
0.254809 2.646656
-1.743036 3.294787
0.681796 2.131912
0.327042 2.369560
-1.162763 4.440305
-1.509155 4.202597
-1.415222 4.813868
0.355488 2.258418
-1.747465 3.122341
-1.377390 4.609321
-1.904604 4.139044
-0.873710 4.091557
-1.070907 3.699207
-2.249615 3.843339
-1.884795 3.277050
-1.984593 3.572945
0.764264 1.711053
-1.660896 3.079513
-2.034735 4.507606
-0.259304 3.006893
-0.573101 3.616969
-1.757605 4.057180
-2.112644 3.753706
-1.664334 3.811316
0.419518 2.469857
-0.741081 3.692036
-1.118087 3.884981
-1.960120 3.517272
-2.244422 4.161656
-0.175424 2.929724
-1.192760 4.233448
-1.916369 3.354916
-0.990298 4.254810
-0.665027 3.939691
-2.095246 4.118467
-1.625972 2.993816
-0.973059 3.772360
-0.014569 2.972552
-2.006793 4.251775
-0.544855 3.221660
-1.980678 3.859561
-0.610160 3.930642
0.489264 2.337732
-0.313809 4.117220
-1.176690 3.866406
-2.007503 3.828241
0.603576 4.577952
-1.691753 4.998696
0.341428 2.300778
-1.798838 4.155075
-1.465497 4.830157
-2.229015 5.353891
-1.253242 3.712643
-1.801639 3.937356
-0.530018 3.911475
0.722768 1.446115
-1.646714 5.340891
-1.934378 4.263566
-1.698018 3.679153
-1.701687 4.280828
-1.672895 3.074706
-1.427257 4.303927
-1.646593 3.734123
-1.781015 4.377272
-1.869506 3.487225
0.309974 2.408597
-0.655260 3.790402
0.957322 1.680499
-1.852320 3.989629
-1.927067 4.258902
-1.670460 3.267206
-2.148052 4.401489
-1.662300 3.866601
-1.352048 4.909519
0.852986 1.911157
-1.492990 4.694328
-1.659125 3.477074
1.192137 0.999267
0.859711 1.828200
1.286409 1.227277
-1.594043 4.771189
-1.619664 3.155187
0.761396 1.949251
-1.960421 4.141624
-1.903341 4.267319
1.003797 1.437247
-1.728038 3.808973
-1.694187 2.889097
-1.347584 4.589818
-2.041153 3.547890
0.873863 1.967028
-0.637569 5.070115
-0.203033 2.819565
-1.389973 4.612274
-2.077368 4.194839
-1.954290 4.294034
-2.379104 4.144718
-2.049756 3.763083
-1.807287 3.735011
-0.040270 3.281151
-1.589364 3.701253
-1.476966 3.464191
-1.775410 3.620457
-1.282230 5.380222
-1.931506 3.612723
0.959806 1.397964
-1.493685 4.928502
-1.936948 3.344170
-1.326558 5.016292
-1.391384 4.252248
-0.566804 3.344335
-1.999918 3.702400
-0.889118 3.963308
-2.288233 4.186519
0.548003 2.333787
-1.489473 3.043739
-2.073168 4.088973
-1.480889 5.030355
-1.614635 3.460834
-1.628239 3.591597
-1.668156 3.483469
-0.534515 3.669947
-1.528869 4.090142
0.292301 2.698460
-1.905604 3.655672
0.913885 1.410308
-2.034735 4.047445
1.352273 1.902993
0.306961 2.342057
-1.821855 3.267342
-1.695805 3.224093
-2.050913 3.710788
-0.316943 3.485011
-1.877882 3.156945
1.156389 1.110684
-1.312124 3.856718
-1.307751 4.230096
-2.043673 3.070109
0.600915 1.981230
0.222603 1.845820
-1.272702 4.212500
-1.502265 4.668026
-1.815062 3.162513
-0.668633 4.128099
-2.018101 3.631222
1.294926 0.790327
-1.882838 4.063425
-1.503494 5.030962
-0.730478 3.416512
-1.219534 3.525445
0.333900 2.557648
0.824959 1.956187
0.656313 2.532146
-1.948181 4.106853
-1.955515 5.145534
-1.611097 3.745301
-2.190703 4.446997
-0.085662 2.594503
-2.309091 3.748514
-1.716307 4.733271
0.615640 1.963476
-1.681108 3.102502
-1.934957 4.190954
0.532338 2.188060
-1.687861 3.071368
-1.953764 4.266300
-1.397615 5.168522
0.755963 1.922754
-1.794227 3.455432
-1.767732 4.048790
0.634521 1.713134
0.369479 2.502720
-1.827035 3.963012
-0.909002 3.641491
-1.905274 4.273392
-1.830314 3.188379
-2.341313 4.091259
-1.994474 4.280495
-1.863477 3.397496
-2.121362 3.894844
-1.747952 4.264713
-1.052510 3.896859
0.678971 2.086884
-1.973529 4.139656
-0.727461 3.627064
-1.633527 3.340872
-2.033661 3.968534
-2.081211 4.787844
-1.248132 3.684043
-1.657094 3.677994
-1.977914 3.495309
-2.082654 4.055661
-1.943064 3.393921
-1.499369 4.957211
-1.596436 4.689217
0.339968 2.535320
-0.887492 4.051534
-1.888802 3.432844
-0.594296 3.794995
-0.876484 5.466994
0.301347 2.521842
-1.808210 3.805016
-1.536567 3.357413
-1.811312 4.082627
-1.611619 3.692974
-1.790022 3.291240
-2.092163 3.939924
-1.757149 2.749327
-0.616705 3.875027
0.164702 2.361617
-1.846604 3.929970
-2.202195 3.918459
-1.864454 3.171233
-1.984785 4.285689
-1.977500 4.697304
-1.845452 4.658576
-1.919535 3.305246
-2.134336 4.591004
-1.021866 4.233538
0.625379 1.687493
-2.072088 4.287971
-1.591208 2.823776
-1.994935 4.269636
-1.990229 3.509989
-1.304066 3.274303
0.472465 1.951226
-2.007061 4.626308
-1.756318 3.699708
-0.804116 5.600009
-1.603333 3.691524
0.290324 2.404761
-1.996305 3.499030
-1.200045 5.061565
-1.608079 2.083275
-1.930512 3.307969
0.348596 2.244737
0.824397 1.962431
-1.667359 3.016332
-2.027749 3.791338
-1.174474 3.663438
-1.515085 3.261094
-1.315025 5.054427
-1.928069 4.104411
-1.892747 4.951902
-1.677243 3.500900
0.796176 1.304367
-1.148572 4.809355
-1.643696 4.793656
0.445965 2.230053
-1.252367 5.015875
-2.063124 3.792493
-0.385290 3.714158
1.010835 1.527120
0.793357 1.738021
-0.447455 3.772268
-1.386200 4.829855
0.594916 2.191976
-1.806371 3.998252
-1.398159 4.229097
-1.767238 3.962790
-1.749602 5.003790
0.743065 1.537569
-0.769060 3.450177
-1.637273 4.991681
0.916910 1.368473
-1.973247 3.490783
0.725298 1.644201
-1.842551 3.185439
-2.123409 4.058002
-0.862000 3.705006
-2.210521 4.305023
-1.504525 4.015250
-2.060252 3.872022
-1.652746 3.739598
-1.597032 4.527926
-0.958587 4.160646
-1.984913 3.500984
-1.581437 4.599128
-0.296458 3.448121
0.446824 1.917393
-1.844614 4.171953
0.483719 1.956180
0.218041 2.807461
-0.941303 3.468126
-1.826279 3.235214
0.501094 2.357800
0.205290 2.445917
-1.388196 4.426722
-1.187428 4.462223
-2.014776 4.134246
-1.976051 4.474804
-1.775687 3.922061
0.342559 2.233781
-0.887825 5.631393
-2.098530 4.558912
-1.190667 4.673229
0.152390 4.476692
-1.263449 4.267223
-2.083212 3.582097
-2.025884 3.623834
0.203819 2.340919
-1.700489 3.013930
-1.688179 3.108258
-1.903741 3.489255
-2.019919 3.584163
-1.967018 4.258916
-1.759650 3.793090
-2.033651 5.119187
-1.478282 3.887473
-0.966605 4.315972
-2.225876 3.686467
-1.590367 3.053679
-1.217269 4.167680
-1.597774 3.578972
-1.185184 4.116561
0.253783 2.486958
-2.014053 3.677371
0.450430 2.404230
-0.760001 3.821277
0.489248 1.720679
-2.105701 4.237800
-1.591147 3.042129
-0.656581 4.241705
0.999966 1.634226
-1.824111 4.168736
-0.445497 3.218371
1.025833 1.515970
-1.754480 3.119941
-2.321874 4.261477
-2.044461 4.258965
-1.610819 3.726151
-2.194761 4.884434
-1.584054 4.120437
-1.226666 4.707136
0.803830 1.546554
-1.326859 4.482160
-0.229206 4.180487
-1.460763 4.968319
0.889055 1.914210
-1.487198 3.110286
-1.389478 4.083534
-1.660230 3.843156
0.490523 2.439516
-0.828925 3.932221
-1.691638 3.954743
-1.520807 3.249708
-2.077110 3.766466
0.875831 1.563344
-2.148355 4.739932
0.472533 1.950196
-1.628697 4.609866
-1.656376 3.403631
1.291190 0.787817
-2.099684 3.886747
-1.882079 3.612850
-1.266343 3.660740
-1.405536 3.127413
-1.372571 4.680482
-1.071237 4.327970
-2.045744 3.518147
-2.120718 4.809860
0.532961 2.371096
-2.165624 4.038044
-1.747396 4.134549
-1.328424 3.911002
-1.217025 4.524029
-1.705960 3.913799
-0.724631 5.270225
0.349377 2.230548
-1.133929 4.927222
0.578506 2.394844
-1.239704 4.609734
-1.848781 3.932150
-2.003889 3.894893
-0.092992 3.020839
-1.871368 3.368052
0.523337 2.026081
-0.474496 3.734428
-1.268744 5.160891
-1.029725 4.120138
-1.376262 5.584093
-1.213393 4.308166
-2.142792 4.009352
-2.040034 3.539179
-1.921683 4.172393
-1.999322 5.056050
-1.958436 4.221583
-1.922439 4.458774
1.031663 1.626076
-1.992987 3.491412
-2.052831 5.062221
-1.536399 4.648724
-1.852271 4.036917
-2.043863 4.278391
-2.160407 4.076129
-0.344660 3.399530
-0.829141 4.387935
-1.700458 3.035595
-1.325833 5.310840
-1.684040 3.510849
-1.800328 3.097311
-1.122514 5.194733
-1.732330 3.802529
-0.627319 4.134778
-1.590542 3.003552
-2.092965 3.759115
-1.518766 5.106900
-2.163157 3.910326
-2.107667 3.775352
-2.151323 3.926577
-1.425637 3.503973
-2.137498 3.936162
-0.756076 3.305368
-1.577002 4.313565
-0.603198 3.774190
-1.649541 3.468597
-2.035677 3.448325
-2.030997 3.510105
-1.298069 4.825788
-2.107688 4.263294
0.642392 2.506459
-1.529457 3.301394
0.819426 1.609229
-1.749811 3.201765
-2.017442 4.328232
-1.911360 3.319051
-1.703440 3.515856
-2.196375 3.981052
-1.132137 4.762771
-1.152842 4.963728
-1.978285 4.342044
-0.325246 4.352131
-1.690508 4.304743
0.714009 1.609494
-1.733300 4.700883
-1.344442 3.214894
-1.803045 4.751614
-0.703607 3.002217
-0.731333 3.635327
-1.765554 3.959554
-1.558203 3.437409
0.630809 1.754439
-2.092303 3.919428
-0.832889 3.965836
-2.065623 3.669573
-2.072238 3.631672
-0.622199 3.254176
-0.646127 3.325792
-1.180463 4.502186
-2.345527 3.697097
0.936975 1.349009
-0.713686 3.450628
-0.880158 4.330469
-1.349260 3.289902
0.402553 2.528900
0.654512 1.937588
-1.601837 3.782472
-1.315135 4.996091
0.994116 1.716724
-1.507181 2.472482
-1.185195 3.931957
0.213343 2.419258
-1.446615 5.205393
-1.532349 3.136603
-2.060913 4.236148
-2.197989 3.970072
-1.606474 3.796014
-0.856612 3.690707
-1.742337 4.137560
0.921428 1.511238
0.726247 1.979788
-1.867136 4.263686
-1.867113 5.190901
-2.038579 4.346244
-2.111048 3.288666
-1.240133 4.073271
-2.165595 4.112630
-0.729289 3.585431
0.649130 2.358388
-2.158941 4.039946
-1.638465 3.345975
-0.797708 3.602518
-1.955746 3.302177
-1.598223 3.101229
0.928119 1.788270
-1.344388 3.963837
-1.948102 4.706400
0.277571 2.241873
-1.387305 3.378829
-1.775679 4.104415
0.237147 2.409279
-1.536202 4.727050
-1.499250 5.177894
-2.012520 2.826296
-1.588491 3.446512
-1.968083 4.181796
-1.592817 3.819824
-1.840265 4.181359
-0.615914 4.062788
0.568369 1.746109
0.955317 1.331806
-1.674860 3.946326
-2.184248 4.120167
-2.131475 4.083528
-0.738084 3.746488
-1.436153 3.761207
-2.127261 3.955914
0.700840 1.772836
-1.068506 3.711609
-2.071251 4.221690
-2.104621 3.646074
-0.781895 3.828431
-1.644089 4.060044
-2.185270 4.186763
-2.006229 4.148743
-1.614460 3.419361
-2.292287 4.034421
0.915395 1.825092
-1.592854 3.206561
-1.727263 4.973385
0.992247 1.594195
-1.524017 3.252567
-1.323545 4.443995
-0.663900 3.608647
-1.631766 3.478958
-1.719915 3.146906
0.604498 2.326597
-2.130440 4.116148
-1.906424 4.709924
-1.719938 3.556226
-1.983490 4.240388
0.738850 1.738741
-1.258995 4.995262
-2.333542 3.978107
-1.813607 4.985570
-1.552196 3.300956
-1.339044 4.250800
-1.687749 3.411702
1.396667 1.102973
-1.531641 3.221856
-1.878763 2.788174
-1.406642 3.923000
0.441339 2.472596
-1.576671 3.078389
-1.894074 4.341092
0.878557 1.888860
-2.298398 4.385225
-1.541189 3.108101
1.075186 1.445412
-2.121463 5.644732
0.825226 1.366707
0.886277 1.456610
0.574254 1.783497
-0.776118 3.834426
-1.933205 3.263712
-2.153810 4.200418
-1.418369 5.304405
-1.486324 2.698292
-1.511117 3.234211
0.397150 2.517068
-2.099769 3.855433
0.836438 1.558029
-2.210552 4.697919
-1.553900 3.151328
-2.317490 4.649077
-1.771190 2.989807
-2.148197 4.766143
1.091293 1.020037
1.029237 2.585243
-1.587668 3.754156
-1.990288 3.580538
-1.332603 4.853418
-2.026387 4.275337
0.293781 2.155595
-1.582908 2.786134
-2.353968 3.640175
-1.166765 3.608772
-2.637229 4.885498
-2.134727 3.866135
0.769110 1.970044
-1.969768 3.377334
-2.045698 3.377672
0.348790 2.144964
-0.318002 2.937070
0.547550 2.024828
-2.097051 3.703350
-2.138615 4.954838
1.070441 1.539662
-2.032737 3.422333
-1.699848 4.030114
-1.598655 3.230571
-0.663697 4.002729
-1.615474 3.765545
-1.755848 4.047118
-1.761820 3.834918
-1.939523 4.247333
-0.233838 2.807094
-1.598206 3.808323
-2.001909 4.244002
0.399888 2.042697
-1.457585 3.572398
0.622525 1.746828
-2.206256 4.099204
-1.391448 5.721485
0.673498 1.832585
-1.721978 3.680479
-2.259593 4.225359
0.648999 1.957332
-2.025858 4.453489
-1.676631 4.005217
0.470529 1.986470
-1.630639 3.097438
0.941181 1.757371
0.377078 2.051743
-0.264534 3.028385
-0.620177 3.991473
-1.061821 4.442086
-1.442552 5.041510
-1.634229 3.022012
-1.814827 3.055199
-1.563481 3.545605
1.102569 1.660243
-0.389450 3.737735
-1.769821 4.212735
-1.848705 2.942569
-1.966544 4.914085
-1.689575 4.321500
-0.729532 5.358706
-1.548546 3.115111
-1.153919 5.310045
-1.852175 3.298115
0.902685 2.120145
-2.664733 3.933769
-0.602099 4.889239
1.807861 0.192813
-1.347308 4.095673
-0.625553 3.759818
-0.602739 4.112845
-2.354879 4.381568
-1.660889 4.520910
-2.339609 3.591269
-1.557509 3.523568
-2.166327 3.882954
-2.166559 5.005663
-2.961749 4.149030
0.687691 1.421209
0.737276 2.282731
-0.303859 3.656625
-0.615753 3.792536
-1.707739 3.015286
-2.159886 4.200293
-2.180741 4.235825
0.024391 3.496668
-1.538115 5.228763
-2.158303 4.277228
-2.093931 3.276841
-2.145422 3.952400
-1.946454 4.857615
-2.658830 3.931702
-0.147122 2.756416
0.890801 2.555200
-2.052177 3.674942
-1.884908 3.099693
0.230166 1.997573
-1.488456 2.697796
-1.128388 4.111192
-2.250416 3.535130
0.877691 1.998650
-2.039468 3.432430
0.728607 2.218237
-0.957662 3.574701
-2.009383 5.598577
-2.153451 3.904739
-1.877350 3.129031
-2.207452 4.042116
-1.513242 4.357289
-2.385175 4.589253
-1.457922 5.247801
-2.108626 4.868331
-1.835427 3.128493
-1.510957 3.987371
-1.870495 3.139431
-1.728627 2.929411
-0.387042 2.919051
-1.649091 3.615519
-1.562141 3.591131
-1.661872 4.868005
0.150668 2.058750
-2.060577 3.386441
-1.977355 3.409063
-1.586716 2.970316
0.168148 2.584118
-1.540894 4.804418
0.117281 2.824612
-1.507897 3.247990
-1.084094 4.351993
-1.871368 3.065349
0.300384 2.739510
-1.915258 4.305324
0.885151 1.833902
-1.688768 5.182540
-1.210325 3.366239
-1.653814 3.849865
0.632469 2.303250
-1.330707 4.210253
0.912281 1.830874
-1.285004 4.481805
-1.528702 2.763875
1.052311 0.780313
-1.515177 2.676811
-0.872362 4.443220
-1.635687 3.252362
0.829564 1.778401
-1.984572 4.423465
-1.577249 3.442249
-1.558357 3.960249
-2.122805 3.714584
-2.252832 4.169721
-1.745952 3.938464
-0.729861 5.640827
-1.563565 3.161903
0.202332 2.451036
-1.983323 3.390492
-1.860446 3.088239
0.459491 1.602003
-1.873924 4.113432
-1.021574 4.910655
0.937591 0.894141
0.699290 2.477201
-2.181150 3.982394
0.478595 1.960226
-1.490967 3.997295
-2.056915 3.639839
0.782345 1.539991
-0.700960 3.351340
-0.593254 3.823689
-1.826609 3.282173
-1.423933 4.255214
-1.245891 3.844493
-1.574778 3.417885
-1.413797 3.262491
-1.744841 3.391607
0.715388 1.944257
-0.464958 3.030819
-1.964408 5.147353
0.591886 2.260278
-1.563367 3.492428
-1.979869 3.653677
-2.181784 4.260625
0.874591 1.963180
-1.706794 2.623637
-1.583746 4.883699
-2.140569 3.785595
-2.209302 3.592737
-1.954432 5.476614
1.272520 1.699585
-1.809158 4.044509
-1.830644 4.267951
-2.006333 3.503282
0.290073 2.186278
-0.997166 4.609846
-2.531692 4.945874
0.171155 2.459370
-1.271614 4.346224
0.470259 1.844730
-1.955550 4.068657
-1.166850 3.920512
-2.589446 3.355812
-0.341858 3.287704
-1.588087 3.791626
0.258562 1.845819
1.956286 0.447396
-1.744763 4.269083
-2.092496 3.334253
-1.709808 4.098049
-1.702058 4.114589
-1.490998 5.020020
-2.248131 5.425691
-1.710648 4.722842
-1.879016 3.220792
-1.721469 4.111736
-1.629954 3.696440
0.971312 1.168728
-1.727375 4.131071
-1.750724 3.238991
-1.587659 3.858415
-1.876755 3.086516
-1.496964 5.955659
-1.806720 4.289540
-2.137446 3.993491
-1.559792 3.321282
-1.730638 3.768917
-1.972532 4.394029
-1.796190 4.248553
-1.514141 5.371249
0.390018 2.034504
-0.558700 4.388315
-0.322652 4.439923
-1.677680 5.156980
-2.008906 2.986640
-0.734995 6.335823
0.271191 2.337022
0.657729 2.407774
0.967882 2.066296
-2.005325 3.404336
-1.919731 4.427270
-1.692501 4.112857
-1.047217 4.943954
-1.091031 5.498976
-0.721318 3.246724
-1.761711 4.246527
-2.480595 4.038470
-0.912721 3.783097
-1.006671 3.665872
-1.274032 5.491827
0.465425 2.028671
-0.914633 4.020129
-1.169807 4.963804
0.585690 2.156017
-2.630461 3.895895
-2.402972 4.152427
-1.978543 3.292093
-1.951357 4.404721
-2.076263 3.521918
0.747033 2.071318
0.887750 2.044879
-1.759195 4.245710
-1.603128 3.956948
-2.059531 3.099559
-1.526448 3.592087
0.708703 2.268310
-2.310835 4.409505
0.468516 2.587158
-1.150890 4.066238
-1.523899 3.707288
-1.909545 4.388794
-2.019754 5.503260
-2.000835 3.321766
-1.629889 3.958787
-1.341556 4.005272
0.399613 2.943816
0.876972 1.420848
0.886032 1.924031
1.174310 1.382964
-1.896300 2.934772
-1.489079 4.193631
-1.348081 2.938084
1.211064 1.573054
-2.028983 3.577719
0.240874 2.229769
-1.961162 3.447896
-1.744286 2.971851
-1.514254 3.068144
-2.309837 3.670112
0.341395 2.128243
-1.265359 4.565231
-2.021703 3.387694
0.186403 3.190403
-2.204589 4.088860
-2.278319 4.085191
-2.697306 3.134583
-2.117091 3.553226
0.689961 2.072753
-1.729406 4.037868
-0.933224 5.015530
-0.789960 4.421709
-2.050583 3.471475
-0.932495 3.386281
-2.221968 4.619878
-2.010612 3.422640
0.081289 3.789762
-0.887666 3.733561
-2.232918 4.010638
-2.061650 3.555345
0.699151 1.514014
-1.474758 3.274066
-2.209650 4.097996
0.932516 1.925930
-0.729323 4.150974
-2.105249 3.476408
-1.443807 4.584837
-2.336077 3.978075
0.723460 2.397946
0.675152 1.384146
-1.547148 3.704220
-1.459758 3.275422
-1.873341 3.016824
-2.394957 4.382887
-0.953227 4.993210
0.972047 1.645772
-0.395558 3.593776
-2.213949 3.954419
-1.458680 3.211116
0.691466 2.333062
1.019974 1.861752
-1.886390 5.335973
-2.250752 3.940489
0.486971 1.832143
-2.342644 2.903905
0.487551 1.600287
-0.807552 3.006996
-2.368926 4.274300
-2.613146 5.622324
-1.101946 3.739077
-2.032625 3.333615
0.468876 2.802685
-1.548432 3.389537
1.133374 1.496214
-1.814417 4.226992
-1.668657 3.838893
-1.342415 2.968089
-1.713018 2.840967
-2.303414 4.859218
-1.333220 2.822510
-1.489316 3.071186
-1.494917 3.065533
-0.581875 5.305480
-2.129340 3.752787
-2.242886 4.990550
-2.159411 3.666767
-0.636173 3.080986
0.795496 2.350570
0.361901 2.724599
-1.417095 2.749101
-1.245093 4.728224
1.769822 0.586839
-1.997384 3.390773
0.710181 2.259204
-2.246379 3.847664
-2.455673 5.183815
0.296063 2.513993
0.334081 2.112963
-1.420439 2.916753
-1.125991 3.461329
-1.732610 5.287577
-1.999106 5.448329
-1.392706 3.187905
-1.594895 4.097404
0.794922 1.377875
-1.351442 3.936187
0.976402 1.639830
0.261170 2.159531
0.999537 1.852227
1.193471 1.574623
-2.197506 3.602711
-0.791353 4.284711
0.455777 1.941091
-1.508889 3.484448
-0.403143 2.909100
-2.247647 3.850889
-2.017157 3.257902
-2.000232 3.277073
0.703246 2.307770
-1.607478 4.085226
1.034023 2.310278
-2.267132 4.868623
-2.008308 3.243726
-0.917070 4.991477
-2.046424 3.243668
-2.028646 2.914760
-1.499901 2.501267
-2.235815 4.734111
-2.346742 4.328544
0.292172 1.998792
-1.503470 3.237180
-2.120939 3.456719
-2.331436 4.759725
-1.477966 3.549230
0.917476 1.920199
0.698667 2.184912
-0.973733 3.607631
0.605186 1.598049
-0.985863 3.159115
-0.619945 4.866206
-1.460739 3.331112
-2.888416 4.803640
0.325874 2.050907
-1.460574 3.427581
-2.535420 3.834637
-2.555877 5.145545
-2.384291 4.402276
1.014344 0.945628
0.825965 1.912145
-1.498883 3.091516
-0.298761 3.702055
-2.136772 3.583969
-1.492776 4.361440
-2.245269 4.924097
-1.243538 3.742444
-2.339358 3.108999
0.590557 2.743617
1.450725 1.545027
1.021402 1.845758
