-8.939936 4.736494
-9.090852 5.012503
-8.452825 -4.173960
-8.341232 -4.101956
-4.118652 -3.625525
-3.544224 -3.470794
-9.241796 3.148235
-9.461682 2.961291
-8.010979 3.511224
-8.081968 3.228283
-7.953238 3.437508
-8.621602 2.699858
-8.636647 2.650793
-9.903632 2.862062
-10.068387 2.767551
-8.868624 3.511644
-8.902096 3.358608
-9.137404 2.937626
-9.145207 2.993556
-2.035881 -6.223659
-2.208695 -6.355412
-8.387288 -5.381422
-8.445106 -5.405692
-8.292459 -5.312550
-8.265730 -5.068738
-7.941160 -5.429457
-7.926875 -5.273325
-2.793346 -5.437125
-2.584287 -5.029931
-2.393321 -5.324267
-7.784533 -5.255357
-7.663396 -5.201881
-8.112261 -8.913985
-7.987581 -9.127273
-7.342062 -11.058738
-7.875850 -10.567587
-1.864735 -7.126475
-2.010148 -6.895135
-2.071190 -6.708328
-9.576242 3.346709
-9.769347 3.256997
-9.764522 3.276377
-7.308323 0.817374
-7.394413 0.824354
-7.647878 3.261390
-7.447039 3.752365
-8.826970 1.182876
-8.659530 1.181446
-8.544119 1.203715
-7.708605 1.151818
-7.911286 1.216731
-8.589647 4.243088
-8.706075 4.427663
-8.706701 4.305741
-7.740013 3.425425
-7.883086 3.231476
-7.837000 3.507707
-8.044576 1.244912
-8.241070 0.793622
-8.396985 1.232393
-2.947665 -5.957537
-2.729288 -5.769626
-8.077553 -6.758888
-8.223501 -6.989442
-9.217314 3.525982
-9.494405 3.686754
-7.823103 1.408506
-7.747329 1.540093
-7.867582 1.553118
-7.874934 2.287762
-7.919717 2.504312
-7.733491 2.386961
6.917959 -17.533741
6.682242 -17.400743
-8.420115 0.828203
-8.413987 0.800806
-7.903228 1.809030
-7.661210 1.943394
-8.201566 -6.627671
-8.169716 -6.542053
-7.932534 -6.413594
-8.648934 -3.771067
-8.618343 -3.864201
-8.713892 -3.831945
-8.968064 1.499231
-9.160082 1.642726
-8.442745 2.012235
-8.281036 2.162903
-9.700266 3.432982
-9.521600 3.403767
-7.688321 2.750796
-7.638381 2.968820
-8.623721 2.582777
-8.778961 2.549686
-7.817494 3.605702
-7.866031 3.757184
-8.247534 -3.332644
-8.434604 -3.431716
-9.099367 4.804437
-8.729674 4.766437
-8.583922 5.008314
-8.420550 4.251100
-8.514690 4.263981
-9.982792 -1.683429
-9.218477 -0.644611
-9.583068 3.695107
-9.725089 3.562950
-6.987276 -1.307785
-7.116531 -1.646399
-9.234700 3.637936
-9.222183 3.608040
-9.259727 3.635673
-7.534744 -0.212654
-7.629873 0.028382
-15.280972 20.033209
-10.421198 20.331945
-7.629936 -10.259191
-7.897217 -9.845995
-9.006347 -1.959528
-9.049997 -1.816324
-9.596621 3.617824
-9.731976 3.589003
-7.646696 3.128057
-7.817048 3.040028
-8.104416 -4.951770
-8.094925 -5.079410
-9.463684 2.893061
-9.692780 2.925922
-8.771061 3.481639
-8.777555 3.243190
-9.005638 3.622644
-8.871586 3.814451
-8.302530 -6.118841
-8.449821 -6.138338
-8.418712 1.231233
-8.244768 1.157536
-8.835567 4.337443
-8.667660 4.444509
-8.248989 -4.541445
-8.296733 -4.633332
-7.839041 -14.262609
-7.449740 -14.696996
-8.580850 -4.198701
-8.815186 -4.193536
-10.394813 3.720164
-10.161740 3.619405
-4.361553 3.597800
-3.197720 2.802693
-8.408947 4.161002
-8.421394 4.265317
-8.156576 4.046332
-7.955046 4.037292
-9.334052 3.012367
-9.409700 3.016554
-9.208220 3.781692
-9.363528 3.658954
-8.628498 3.502509
-8.750529 3.309340
-8.277107 1.925162
-8.441487 1.734640
-8.667436 -4.007895
-8.846761 -4.155760
-8.381545 -4.397088
-7.933703 -4.531661
-8.479859 -3.927288
-8.298678 -4.146508
-8.518197 1.975240
-8.260129 2.109345
-7.839671 1.971994
-7.767042 1.883025
-8.400607 -5.952148
-8.490067 -5.949013
-8.148865 -4.749155
-8.008175 -4.644229
-8.681430 3.632870
-8.551823 3.701519
-7.531389 -14.148762
-7.543324 -14.522594
-9.098802 3.369934
-8.991217 3.444991
0.662177 -9.585552
-0.456730 -9.225857
-8.545412 -3.514980
-8.819267 -3.508609
-9.380178 3.467304
-9.280691 3.238686
-7.945618 1.416691
-8.220303 1.440971
-8.693218 -4.291029
-8.852178 -4.245431
-8.243125 3.155535
-8.278132 3.200379
-8.472008 0.887140
-8.369150 0.986720
-7.735963 3.021581
-7.534884 3.113820
-9.764960 3.741774
-9.478239 3.696047
-7.874416 0.666964
-7.749238 0.617357
-8.602679 3.063181
-8.628081 3.188255
-8.575456 -3.345265
-8.551372 -3.546617
-8.441670 -2.246052
-8.030138 -1.973420
-8.338349 3.182032
-8.291965 3.166486
-8.201224 2.905643
-8.143044 3.051942
-7.741681 3.182964
-7.807881 2.619582
-8.707793 -3.266147
-8.712806 -3.063253
-7.843109 0.976747
-7.812396 0.771526
-7.854570 3.382939
-7.847134 3.352503
-8.160721 -4.734491
-8.079669 -4.590971
-8.210034 3.061057
-8.177443 3.103835
-8.218204 3.204928
-8.212571 3.167843
-8.992012 3.777562
-8.882565 3.760616
-8.021014 -7.210832
-8.005377 -7.282533
-8.298057 1.941304
-8.327900 1.966116
-8.268160 3.168057
-8.240338 3.101863
-7.835970 2.649439
-7.680544 3.073848
-8.129499 3.045095
-8.211846 2.938247
-9.165237 3.750948
-9.310698 3.611445
-8.266476 3.217382
-7.856659 2.811948
-7.690283 2.783824
-4.486911 -2.979760
-4.779160 -3.413786
-7.719483 2.223754
-7.781693 2.152259
-8.357400 4.168924
-8.345768 4.152822
-1.473192 -7.287763
-1.472839 -7.000398
-8.296846 3.320060
-8.283380 3.357767
-8.051130 -6.828806
-8.064713 -6.943578
-8.154321 2.997134
-8.202582 3.037336
-8.136191 3.080991
-8.745488 4.222684
-7.635541 2.648486
-7.859842 2.876553
-8.352123 3.286345
-8.382465 3.319769
-8.073207 0.842661
-8.159525 0.914823
-9.496863 2.961778
-9.728734 3.088761
-7.771560 2.297418
-7.617237 2.503352
-7.507494 -6.832739
-7.776867 -6.728419
-9.053136 3.732533
-8.953414 3.816753
-3.539497 -4.727581
-3.093745 -4.406455
-8.128633 3.030683
-8.158092 2.942803
-8.192597 3.163881
-8.099808 3.106087
-8.249532 2.933578
-8.301991 3.030452
-8.010632 -4.307689
-7.999422 -4.457590
-8.699471 1.877053
-8.833551 1.747460
-8.738919 3.383779
-8.794293 3.458861
-8.296350 3.449752
-8.531457 3.352165
-8.516129 -3.075766
-8.251883 3.087821
-8.350600 3.110142
-8.359878 2.950423
-7.549038 0.060775
-8.271254 3.264834
-8.253782 3.277373
-7.466614 1.664075
-8.134589 1.418901
-8.091304 1.647749
-8.271524 3.071736
-8.262851 3.098397
-8.157758 3.306591
-7.954489 3.253569
-8.437018 3.051756
-8.266745 3.098504
-9.631514 3.620311
-9.624366 3.796702
-9.268946 3.559167
-9.423670 3.565222
-8.230582 2.997178
-9.606717 2.852703
-9.593998 2.775055
-8.507366 -8.046560
-8.171658 -8.345265
-8.599493 -3.881032
-8.697780 -3.730552
-9.877756 2.903287
-9.786868 3.164634
-7.685589 0.366203
-7.409980 0.578079
-9.407729 2.571941
-9.180662 2.561932
-8.150986 -1.337536
-8.339925 -1.546305
-8.565366 -4.793085
-8.842411 -4.608928
-8.367363 3.013660
-8.305737 2.921083
-8.298139 3.288280
-8.240417 3.365568
-9.197335 1.714580
-8.116423 3.070211
-8.192725 3.079784
-8.516060 -6.340731
-8.439136 -6.129885
-8.607674 4.346468
-8.646881 4.406864
-9.142653 2.611213
-9.147770 2.796374
-8.131267 3.330788
-8.088815 3.313816
-9.123051 3.779448
-8.141479 2.818378
-8.197390 2.768619
-8.087452 3.043957
-8.224983 3.010550
-8.566622 1.916326
-8.762700 1.766959
-9.430624 4.758340
-9.388309 4.484168
-6.794567 2.084372
-8.730417 -4.248179
-8.850691 -4.467565
-8.179097 2.893718
-7.997642 -6.671536
-8.047494 -6.663332
-8.202593 3.279934
-8.163728 3.251500
-8.145981 -6.969536
-7.950775 1.009233
-7.972207 0.999531
-7.343952 -9.589591
-7.439778 -9.452958
-8.787877 3.854315
-9.644467 3.661225
-9.716625 3.534863
-9.403640 3.676454
-9.405160 3.702304
-8.814577 3.305675
-8.847713 3.464629
-7.447405 -13.568642
-8.422893 -6.214125
-8.351202 -6.115555
-8.509597 -6.388731
-8.492444 -6.520101
-8.254866 2.913783
-8.340827 2.973607
-8.143835 3.218212
-8.206427 3.317205
-8.600262 1.175078
-8.840540 1.217608
-8.980566 3.849807
-8.330880 2.807413
-8.485765 2.684085
-8.330204 3.518744
-8.237659 3.520648
-0.794814 -6.791939
-0.896859 -7.831087
-8.115463 2.887593
-8.236242 -4.414736
-8.359882 -4.385041
-7.671412 1.696863
-7.905573 1.753993
-8.273771 3.340908
-8.330403 3.220523
-8.284047 1.215954
-8.312557 1.154168
-9.783462 3.683329
-9.424696 3.953683
0.321999 -10.169418
-8.206112 -7.276415
-8.000821 -7.196343
-8.382720 3.477284
-8.317542 3.420874
-8.926521 3.066788
-9.024047 2.915954
-8.319434 2.948897
-8.236132 2.911519
-8.263698 3.433703
-8.306062 3.458770
0.369997 -10.328112
0.725097 -10.073006
-8.103362 2.836208
-8.186403 2.807468
-8.165207 3.310360
-8.116642 3.350920
-8.187592 4.066085
-8.190908 3.903943
-7.983576 2.877829
-8.087745 2.640405
-8.193227 3.204229
-8.117765 3.192745
-8.297619 3.100050
-8.281619 3.091628
-7.502472 -2.417636
-7.269303 -1.961740
-7.724120 2.162460
-7.958034 -1.231856
-8.318149 -1.388995
-7.771632 0.502677
-7.913062 0.569086
-8.979672 2.534535
-8.970510 2.516044
-8.549164 -2.807133
-8.841678 -2.700748
-8.209346 1.069808
-8.162608 1.256014
-9.015664 3.668240
-8.944591 3.598798
-8.158625 3.028577
-8.235002 3.096321
-7.761950 -15.117187
-7.532660 -14.983004
-8.757599 -2.709699
-8.487886 -4.634912
-8.384222 -4.634667
-8.104359 3.330487
-8.734176 -0.323835
-8.606640 -0.425986
-9.806178 3.152037
-9.911118 3.041641
-9.877190 -3.513067
-10.030060 -3.778290
-8.315145 3.458930
-7.643597 1.447270
-7.651063 1.547467
-8.174344 3.171510
-8.228547 3.145750
-7.216191 -8.377251
-7.293464 -8.312676
-8.232438 1.880230
-8.017584 1.970671
-9.725856 3.634318
-9.654231 3.632795
-6.812273 2.008615
-7.119522 2.374902
-8.335272 3.326218
-8.332081 3.225303
-8.625233 -3.182467
-8.368313 3.491066
-8.311720 3.391124
-8.509665 3.017024
-8.272098 2.994902
-7.528255 2.966505
-2.145955 -6.826307
-8.555486 3.018630
-8.812939 3.137280
-8.061297 -4.009984
-8.215564 -3.905269
-8.223042 2.809748
-8.182743 2.848560
-8.121382 3.030363
-7.956522 0.706249
-8.224204 0.551953
-8.343036 -3.010514
-8.155594 0.667497
-8.090685 0.483293
-8.622574 3.973882
-8.598096 3.906353
-8.060423 -7.599703
-8.212533 -7.497225
-9.905654 3.327478
-9.927362 3.414767
-9.149166 3.365775
-9.062914 3.231717
-8.320016 3.028537
-8.313432 2.977876
-7.349250 -14.043537
-7.471791 -13.848205
-7.639791 -4.315083
-7.507664 -4.324224
-9.087297 -6.109518
-7.876262 0.715067
-7.874457 0.626575
-7.499156 3.407553
-7.869205 3.583112
-6.752911 -0.166773
-7.634040 -6.433180
-7.659266 -6.676983
-8.315840 2.847125
-9.769058 4.659166
-9.719858 4.463572
-8.683315 2.446547
-8.352753 2.811405
-8.345504 2.894593
-8.455322 4.059342
-7.788265 -6.221632
-8.101843 3.282119
-8.202863 3.287413
-8.436471 4.329567
-0.462941 -9.276664
-9.154291 3.735019
-8.958047 3.674481
-7.960921 -6.023844
-8.434581 1.652076
-7.632224 0.669221
-7.878162 0.576396
-7.941574 -7.114676
-8.029551 -7.277915
-8.234043 2.843129
-10.089257 4.449888
-10.023663 3.343171
-7.341329 -9.802534
-7.922913 -10.352417
-8.300668 -3.307989
-8.378327 -3.337684
-8.140704 -7.480074
-8.781531 -3.015148
-8.801140 -3.087315
-8.266719 -6.597427
-8.392977 -6.458443
-9.085682 4.014519
-8.332582 3.291916
-8.306118 3.341329
-7.830328 1.007296
-7.727480 0.738111
-8.495488 4.138795
-8.345892 4.117221
-8.034099 -6.127527
-8.190836 -6.245294
-7.708253 -7.051209
-8.740103 -4.667404
-8.750227 -4.780717
-9.196240 3.534602
-7.606117 -15.274141
-8.234821 2.895524
-8.908294 3.937202
-8.660195 -4.863597
-8.682485 -4.905691
-8.381908 2.924547
-8.372201 -0.081950
-8.690562 -4.309355
-7.614457 -14.414001
-7.711590 -14.717855
-8.068499 3.699200
-7.833126 -6.816900
-7.706951 -6.886020
-9.818964 3.378685
-10.063596 3.482482
-8.316613 3.375835
-8.271928 3.473286
-8.177167 2.636146
-8.108897 2.604816
-8.344120 2.805583
-8.331332 3.182254
-8.384814 4.361809
-9.017029 1.477263
-8.930283 1.537485
-7.632303 -6.819210
-8.605632 3.360306
-8.626509 3.228764
-8.092141 3.249891
-4.111840 -4.446385
-8.340657 3.436956
-8.237238 3.450135
-9.495173 2.845808
-9.567935 2.802891
-8.109700 2.666256
-8.229255 2.657262
-9.994052 3.221617
6.317238 -17.750471
6.644842 -17.736395
-9.520661 2.360767
-9.744381 2.570036
-8.360948 -2.900820
-8.106944 2.721455
-8.153003 2.630517
-6.931220 -16.569826
-6.779274 -16.149412
-7.532935 -8.146110
-9.335590 3.777711
-8.163032 3.367266
-8.124877 3.385840
-8.346013 3.669926
-8.560609 -4.909719
-7.293728 -7.443347
-7.119267 -7.685122
-9.901348 -11.883044
-9.882159 -12.018830
-8.425232 3.272336
-8.511197 3.269389
-8.601425 -2.385699
-7.593923 0.601597
-8.243752 1.706862
-8.283570 1.709908
-7.741038 -5.998899
-8.174046 1.933348
-8.389937 3.351454
-8.217525 3.140076
-8.101946 3.472567
-8.129565 3.453008
-8.371336 2.816824
-8.236542 2.900836
-7.892776 -7.603553
-7.911309 -7.311540
-7.979414 2.986340
-8.213614 2.326709
-7.993241 2.392330
-8.229055 3.473825
-8.086489 3.381798
-9.117772 -2.606215
-8.017471 2.992706
-7.935244 3.782212
-8.509958 3.174362
-8.399503 3.062533
-8.783609 3.608390
-8.731894 3.626053
-6.699856 -15.988466
-6.715162 -16.188673
-8.192120 3.086473
-8.118011 3.150890
-8.543232 3.116356
-8.230537 2.999783
-8.097713 3.055165
-8.393111 3.285159
-8.532258 3.304938
-9.315459 3.257240
-8.158806 2.882682
-8.109703 2.876593
-7.147095 -10.777553
-7.388956 -14.202141
-7.545280 -14.499677
-8.303136 3.178758
-7.921213 0.820691
-7.337919 -3.287861
-7.557039 -3.287402
-8.397192 0.827333
-8.287498 0.750090
-8.232531 2.612441
-8.096369 -3.060457
-7.956768 -3.444674
-9.168216 2.141822
-9.674623 2.069337
-7.999818 -9.089627
-8.023975 -8.590224
-8.596040 -4.802065
-8.530026 3.126201
-8.015676 3.000319
-8.073159 3.024807
-7.649975 0.620960
-7.885460 0.471034
-8.251569 2.607070
-8.838332 4.400280
-10.399384 -2.403745
-8.364702 3.048250
-8.304396 2.959104
-8.332549 3.666018
-8.255065 3.580395
-7.947934 2.838934
-7.966897 2.772048
-8.097545 3.002330
-8.105742 2.972961
-8.024429 -5.232028
-7.829340 0.878983
-9.052169 2.016622
-8.898794 2.139888
0.870986 -10.745714
0.855600 -10.550614
-8.134892 3.299560
-8.097681 3.313973
-7.632108 -6.489947
-7.907773 -6.663327
-9.560203 2.985458
-8.284519 -6.492681
-8.522268 -6.540378
-8.447354 3.340966
-8.450423 3.351176
-7.795801 1.152715
-7.904760 1.128281
-8.231891 2.263564
-8.227468 2.058852
-8.054738 1.565629
-7.926142 1.593898
-8.169474 2.698970
-9.528533 3.675154
-8.792342 -4.194246
-8.618764 -3.991992
-8.299934 3.652870
-8.317416 3.616945
-9.260619 2.020414
-5.102374 -2.312918
-8.540886 3.441562
-9.375784 -0.669373
-9.624160 -0.694367
-2.559720 -5.554833
-7.116308 -8.651709
-7.222239 -9.064154
-8.583748 2.023042
-8.713411 2.063895
-8.297293 2.816131
-8.338774 2.757929
-8.161364 3.422731
-8.158995 3.429525
-8.019700 2.896594
-7.942851 2.898091
-8.124753 2.750190
-8.360161 3.283054
-8.248638 -6.871348
-8.278697 3.539739
-6.878312 -0.138639
-7.301491 -0.309961
-8.430467 3.488899
-8.436662 3.481504
-7.927320 2.969029
-8.045952 2.770530
-8.523166 3.195443
-7.999571 4.031854
-6.688695 -9.627906
-7.072658 -9.484200
-8.023927 2.910861
-8.206521 3.512723
-6.539346 -1.935656
-5.488882 -2.909041
-8.483179 3.390527
-8.255139 3.341501
-8.325234 3.227170
-7.939600 1.061036
-8.322288 3.471204
-8.172850 0.026387
-8.851882 -3.326595
-8.562442 -3.430912
-9.402745 1.982415
-9.375703 2.202298
-8.257601 0.986463
-8.234303 1.155867
-5.909072 -0.704160
-8.931348 0.232846
-8.744617 2.782519
-6.853923 -0.268289
-7.087113 -0.418384
-8.472273 -3.033324
-8.270404 -3.076291
-8.445529 3.114023
-8.332286 3.526997
-8.286001 1.705335
-8.518721 -3.871931
-7.739583 -14.825645
-7.739418 -14.838252
-8.346192 -5.073707
-8.442147 -5.035660
-8.489553 -2.737886
-8.580851 -3.932406
-8.021964 -4.820394
-7.957440 -4.772260
-8.299104 3.508782
-8.044982 3.119419
-8.410376 2.339795
-7.788112 0.461057
-10.113107 -2.918297
-9.731028 -2.231441
-8.072163 3.098840
-8.402401 3.233287
-8.528672 3.312517
-7.953517 2.623903
-9.276921 2.770975
-7.833011 -5.479185
-7.723200 -5.663852
-7.935007 -4.398448
-9.483113 2.563344
-8.007388 -6.481630
-7.991602 -6.423811
-7.880798 0.449761
-8.486028 -4.036051
-8.377804 -3.958407
-8.463430 3.513348
-8.438705 3.442937
-8.966560 -7.441512
-9.711345 -1.331325
-9.178344 -1.213176
-8.180884 2.741765
2.784098 -12.235461
2.071342 -12.473768
-8.342448 2.865957
-8.324284 2.777445
-7.054556 -15.845098
-8.498032 3.214543
-8.331835 2.918703
-8.312202 2.995909
-8.385263 3.532892
-8.928219 3.558409
-9.012208 3.787296
-7.790601 -7.098425
-9.694262 3.471661
1.956626 -17.129002
-4.261579 -2.967352
-8.391703 3.368217
-9.630782 4.430954
-9.322062 4.017769
-5.338481 -1.428246
-4.942949 -1.680660
-6.835972 -6.714318
-7.841425 0.999263
-8.567196 1.240644
-7.754284 0.972559
-8.273482 3.143562
-8.065967 2.882854
-7.881272 3.507636
-7.568614 -0.135264
-8.180565 3.274203
-9.901446 3.210538
-8.054993 -7.908513
-8.705176 2.694306
-9.295791 1.690841
-9.169417 1.708713
-10.801686 18.811296
-7.441314 0.107439
-8.542474 3.376406
-8.408437 3.510678
-9.484784 2.404742
-9.428977 2.339749
-7.038819 -16.199877
-7.066469 -15.969503
-8.258181 2.008391
-7.767991 0.571402
-8.138590 2.761887
-7.975493 3.201898
-8.036704 3.119451
-7.883953 0.165232
-8.416492 -5.393730
-8.088083 3.443197
-8.202908 3.428054
-9.604000 2.883743
-10.051120 3.369349
-6.008582 -0.565551
-7.963033 2.799232
-7.970350 3.183435
-1.175629 -7.734705
-8.006216 -5.130678
-8.094489 -4.917131
-8.305640 2.598286
-8.322938 2.652576
-7.552138 0.963375
-7.588435 0.782622
-8.268671 -6.890136
-8.562424 -5.293459
-8.758135 -6.235538
-8.725554 -6.410594
-8.430695 2.961522
-8.299427 2.680016
-8.099579 2.620184
-8.161042 2.680405
-9.638829 -0.164340
-8.300214 -5.273132
-7.824913 0.950565
-8.395926 3.164204
-8.486055 3.189887
-8.013948 -3.619065
-7.955185 -3.806870
-7.214835 -8.739406
-7.819948 -7.768306
-8.845634 -3.383572
-8.698008 -3.561993
-8.134957 -4.085481
-8.480062 -5.120261
-9.094488 3.657813
-7.667948 -7.491962
-8.056325 2.934564
-9.377564 3.287555
-9.634926 0.011292
-8.122817 3.446305
-8.122099 3.436569
-7.708000 0.208950
-7.191303 -9.984824
-7.310828 -6.091900
-4.098713 -3.448658
-8.453061 3.033547
-7.961926 2.607576
-7.961496 2.621166
-8.073208 2.598933
-8.293057 3.617552
-7.958306 2.984766
-7.934274 2.906036
-8.791896 3.635445
-8.814975 -5.300556
-8.470920 2.938089
-8.354245 2.600734
-8.822416 4.359220
-9.986968 3.058862
-10.088356 3.127512
-7.234449 -9.726597
-8.439805 3.206467
-8.232169 2.451359
-8.041961 4.859571
-8.514008 4.734343
-7.140160 -15.899487
-8.286908 0.823030
-8.392793 0.937234
-8.400151 -5.662445
-8.204534 3.132868
-8.455098 3.480655
-8.531953 3.442989
-8.119000 2.530720
-8.299353 2.641752
-9.029823 4.332493
-8.251715 2.797914
-8.330150 2.996656
-7.809618 -7.701154
-7.925329 0.726049
-8.185457 0.724745
-8.522290 3.633132
-8.086899 3.252147
-7.940326 -3.770082
-8.919886 3.982655
-7.427731 0.166505
-7.471069 2.580528
-8.402960 3.551892
-8.795215 -2.664600
4.625207 -15.863736
-8.646466 2.541849
-8.143219 2.860425
-8.110703 2.884511
6.637012 -17.379383
-7.957990 -7.848164
-8.461266 3.050416
-7.409354 0.313595
-7.550475 0.328826
-7.884995 -6.159849
-7.757645 -6.327768
-9.192674 -1.337701
-10.247851 -1.178960
-8.210993 2.924701
-7.759929 1.351604
-8.238990 3.560572
-8.151866 2.865294
7.081049 -17.471546
-8.136332 2.548733
-7.637964 1.028994
-7.986662 2.620411
-9.270185 3.171493
-8.220832 3.084093
-8.141368 3.057987
-9.974012 3.154457
-7.994026 3.090734
-8.022522 3.114058
-9.126789 2.427721
-8.977227 2.533502
-8.484362 3.575914
-8.011965 -3.949490
-8.389607 3.356110
-8.232594 2.449328
-8.202024 2.530762
-8.000635 2.713891
-8.077344 2.741115
-7.013347 -16.461567
-8.977801 3.216948
-8.915084 1.547959
-8.532798 2.947364
-8.828762 3.006136
-6.023984 -1.182861
-5.997772 -1.548413
-8.518888 3.444527
-9.178771 1.894863
-8.080832 2.713556
-7.511432 0.652633
-7.505805 0.588225
-8.259721 2.646924
-8.504207 3.746385
-8.732926 4.493144
-8.169930 3.044652
-8.357875 3.368291
-8.003586 3.321955
1.058733 -10.491194
-7.708560 0.657785
-8.364754 3.096579
-9.572445 3.150290
-9.642915 2.982024
-8.449404 3.541626
-0.371956 -9.037969
-0.276601 -8.830323
-7.499795 -4.802514
-7.538890 -4.309729
-9.984332 2.614081
-8.280917 4.380464
-9.029178 4.179894
-8.078671 4.025642
-9.259044 4.096189
-7.881150 1.434229
-7.751252 1.612617
-8.248511 2.836880
-8.278408 -6.060546
-8.750951 2.995161
-8.688786 3.068612
-8.516219 3.296001
-7.725280 1.450703
-8.153292 3.923335
-7.976951 3.192030
-8.052517 2.829973
-7.414312 -5.881514
-7.763484 -5.885874
-7.832800 -5.854456
-8.100155 3.049481
-8.464492 3.277069
-9.201856 -5.669070
-9.388044 -6.294150
-8.641973 4.115583
-8.125946 -7.416888
-8.221919 -7.443201
-8.326848 3.215661
-8.278621 3.403805
-7.616844 -5.223114
-7.941918 1.719008
-8.374928 2.738143
-8.334295 2.676286
-7.481089 0.689533
-7.323906 0.447012
-9.253720 4.001313
-9.217915 3.881155
-8.627357 -2.149915
-8.456754 -2.525193
-8.305617 -2.472977
-8.277927 -6.320213
-8.035519 2.860721
-8.134838 1.269418
-7.835804 -8.202301
-8.088635 3.510788
-8.143558 3.453588
-7.187852 -10.395943
-7.893041 3.802970
-7.665242 3.336282
-8.088747 2.568836
-8.354321 3.293437
-9.247880 4.122756
-8.411585 3.615185
-8.105234 2.506223
-8.158317 0.821352
-9.383612 2.452261
-8.537530 2.942651
-7.695525 0.382058
-7.732936 0.133345
-8.609085 3.279982
-7.598162 1.984523
-8.540780 3.092249
-9.783924 3.725627
-9.821774 3.629349
-8.444160 3.735673
-8.446696 3.079709
-8.970737 4.154712
-7.200420 -10.730538
-8.006240 2.646856
-8.695292 1.990892
-9.426609 3.186406
-7.978847 -4.526177
-8.243854 3.613546
-7.941549 2.958472
-7.962385 3.328062
-7.900335 0.290836
-8.244644 2.711008
-8.490207 3.445363
-7.535809 -0.122599
-7.649798 3.557831
-8.390930 3.103755
-8.247133 -3.295088
-9.866846 3.739018
-8.224691 3.467158
-8.219871 3.444240
-6.058443 -1.293404
-8.552467 3.789706
-7.803836 0.795697
-7.781666 -7.012181
-7.699038 -7.013426
-8.043644 3.117800
-9.902244 3.824649
-7.938967 3.219528
-8.617903 1.850838
-8.829311 1.793046
-8.483522 2.941414
-8.145967 2.713720
-7.462909 -5.874255
-8.307069 3.173029
-8.345078 3.197998
-7.813207 1.249514
-8.108805 -6.868417
-9.730815 3.686693
-8.263468 2.695184
-8.359171 2.698450
-8.419872 3.584534
-9.699671 1.001668
-9.588655 0.764089
-7.943297 2.739358
-8.191003 3.671171
-8.482821 1.659895
-8.506417 1.440210
-8.122547 2.389960
-8.194937 2.442910
-7.204911 -15.657523
-7.971545 -12.688115
-8.687980 -2.527366
-7.611461 -0.102464
-7.652341 0.961215
-9.396647 4.053018
-8.360790 3.939352
-9.204768 -10.726851
-8.093204 3.659624
-8.498065 -6.972358
-8.937495 2.845119
-7.949518 3.271233
-8.287626 3.580856
-9.634780 2.161097
-8.380635 3.015604
-8.356375 2.994867
-8.808041 1.539831
-8.489183 -5.780603
-7.955249 1.663735
-8.203446 1.439193
-10.015778 3.820747
-7.944053 3.144520
-7.871391 3.633388
-10.029797 3.240548
-8.258624 3.324815
-8.069442 2.927201
-7.900727 1.042862
-8.428102 1.636992
-8.176112 3.676267
-9.072635 2.686265
-7.811202 3.334401
-8.360782 -3.961096
-8.317097 -4.164966
-7.597126 2.710014
-8.409979 3.389083
-9.503852 0.321877
-8.118343 3.319238
-8.108541 1.461339
-8.124065 2.471644
-8.463367 3.263103
-8.657653 1.087471
-8.202057 -3.593688
-8.105335 -3.398259
-8.552973 3.636079
-7.949436 3.356249
-7.448461 0.216832
-7.940215 2.583056
-8.343820 1.852138
-7.635042 3.373164
-8.185342 1.440344
-8.848108 4.388493
-7.520892 0.279068
-7.678791 0.461740
-8.002054 2.581561
-7.979489 2.496956
-9.865884 3.733716
-8.350856 3.057631
-8.328946 -2.845390
-2.226530 -6.410096
-8.228173 2.545741
-9.840829 3.470757
-6.873796 3.604886
-8.785133 -2.665822
-8.132377 2.606606
-8.033602 -5.375594
-8.420444 -2.385548
-8.192931 3.672651
-8.447227 3.573777
-9.205748 3.891622
-9.426926 4.076222
-8.339117 2.783319
-8.343520 2.612671
-8.094221 2.438181
-8.167808 2.326617
-8.194812 2.535382
-8.152712 -7.340972
-8.343685 3.777171
-9.423276 3.602233
-3.549990 -4.485961
-3.267248 -4.687557
-7.665164 -7.556834
-9.043319 4.621359
-8.716702 -2.900270
-8.352071 3.718442
-8.136760 3.338090
-8.206258 3.221194
-7.852352 2.979842
-8.190705 2.775593
-8.583143 -2.190832
-8.770293 -2.070617
-8.109241 3.105948
-7.894867 1.102996
-7.859035 0.875206
-9.405494 -5.426160
-8.266851 3.098596
-8.470214 3.107317
-8.934450 4.273258
-8.640054 2.576959
-8.088820 -6.770824
-7.407281 1.024425
-8.047523 2.499036
-7.926312 2.484919
-8.282860 2.503485
-8.260952 4.982836
-8.384004 -7.209951
-8.302112 2.844512
-8.235764 2.529186
-7.610237 -14.806916
-9.955042 3.673455
-9.571104 3.977041
-5.241681 -1.628124
-8.257332 1.448267
-8.541019 3.056363
-8.814501 -5.719484
-8.166008 3.044437
-9.765952 4.090284
-8.209982 2.382810
-8.085196 2.286808
-8.085832 2.290278
-8.447538 2.884006
-9.067975 3.938123
-7.819432 -5.188694
-8.041245 3.277847
-8.435464 2.869945
-8.007144 2.475331
-8.208289 3.585679
-7.890017 0.552398
-7.660312 0.829537
-8.002452 1.327924
-8.764041 -5.757586
-8.849916 -5.503736
-8.489026 -11.876487
-7.549780 0.258174
-7.330238 0.129533
-8.246470 2.512522
-8.106004 0.894100
-8.244710 3.805614
-8.042713 2.729167
-8.830290 -4.377350
-8.421441 0.552077
-8.483903 0.480647
-8.468924 2.823965
-8.279522 3.491655
-10.014744 2.952276
-7.768425 -6.063828
-8.023758 2.799424
-7.694651 2.699960
-7.947219 0.604673
-8.523329 3.613625
-8.055580 3.190121
-8.497821 3.786335
-8.038984 -8.080738
-7.617405 -6.267859
-8.113023 2.632319
-7.993484 2.883979
-8.271286 2.723731
-8.356360 2.451207
1.920676 -20.866507
-8.754011 -3.847591
-7.434363 1.226463
-9.485965 2.939922
-7.810232 0.825747
2.629593 -12.476559
-7.436231 2.807247
-8.265290 3.684166
-8.463799 3.731864
-7.996072 -7.089071
-8.523039 2.863045
-9.277441 3.847476
-8.492498 -7.305747
-8.480361 3.894500
-8.033587 2.835418
-7.977571 2.808450
-8.151790 3.427034
-8.203684 3.404594
-7.707360 2.357602
-7.670026 -6.412927
-8.480916 1.154148
-7.933051 -7.892812
-8.082397 2.836798
-8.385596 -6.355523
-7.383994 -0.243547
-7.497201 -0.431910
-9.679053 3.590198
-8.477592 2.946097
-8.143466 1.196097
-8.508550 3.235777
-8.497829 3.444087
-8.237278 2.062373
-8.383406 2.455642
-8.614679 3.776192
-8.414958 3.422609
-8.361123 -2.080518
-8.486315 3.168560
-7.061043 4.175491
-7.960081 3.292133
-8.627189 1.976183
-8.805738 2.014213
-9.668600 4.029990
-7.776437 -0.591772
-2.062035 -7.275016
-8.354693 3.656412
-8.027303 2.577775
-7.847657 -5.079655
-8.250984 3.352275
-8.460324 2.877557
-8.250360 2.537066
-7.296438 -0.490540
-7.289762 0.065857
-8.111707 2.340083
-8.879472 3.576054
-8.344995 3.449845
-8.158046 3.610672
-7.951597 3.044724
-8.045879 3.761037
-8.466081 3.708796
-8.194746 2.372977
-7.771406 -13.667101
-9.566218 -11.494740
-7.837999 0.538415
-8.006875 2.690020
-7.933508 0.982755
-8.080035 0.756040
-8.079313 0.765011
-8.418142 3.792443
-8.087822 3.504124
-10.337799 3.472577
-8.505981 3.068173
-9.091004 1.844260
-8.638762 1.592976
-9.618103 3.832253
-8.115466 3.186034
-8.131711 3.124544
0.160511 -9.396531
-8.720229 -4.986304
-7.782998 -10.202569
-8.258390 2.518964
-8.354644 -6.468493
-4.164614 -4.773568
-8.154362 2.262019
-8.047703 0.993691
-9.211043 2.660166
-9.993704 3.667800
-8.366017 3.723125
-10.189426 4.642869
-7.370121 -14.107003
-8.346320 -4.623027
-8.450590 -4.570683
-7.797779 1.961709
-8.356219 3.659710
-8.098685 1.153542
4.838149 -15.759477
-8.209541 2.264932
-8.129354 2.571585
-9.437056 -1.932224
-8.960390 4.173083
-8.506799 2.820744
-9.239352 2.696895
-8.412136 -3.195354
-8.200877 1.983912
-7.948926 3.190538
-6.739698 -15.647767
-9.874825 4.106503
-10.121450 4.213207
-9.299535 2.571229
-7.955696 2.476212
-8.031948 2.493101
-8.260012 3.126276
6.772686 -17.537018
5.650929 -16.341881
-8.132043 2.951084
-8.497070 3.573949
-8.398702 -12.274087
-7.484412 2.395344
-7.913987 -6.746984
-8.155213 1.300296
-2.956385 -6.409029
-9.037554 4.122953
-9.653679 3.448052
-7.653839 -7.958805
-8.145104 3.661621
-7.626043 -8.533997
-8.118308 2.155076
-8.195056 2.207350
-7.952327 1.083486
-8.306719 3.716467
-9.245103 2.864388
-8.237577 4.320600
-0.114863 -9.668335
-10.227664 2.022506
3.725019 -15.027558
-8.220860 0.783070
-8.364213 3.067347
-9.206500 2.478223
-9.237459 2.543672
-8.181862 2.700490
-8.120612 -6.972408
-8.486189 3.338369
-8.221089 2.524911
-6.928463 0.649316
-7.833812 -8.330863
-8.624031 -0.321321
-9.268360 2.656715
-8.229685 2.040103
-8.508729 2.750156
-8.153260 2.192295
-8.314852 1.229695
-8.268541 -11.812222
-8.021598 3.267616
-7.841017 1.888189
-8.475000 3.459764
5.244814 -16.576824
-2.726647 -5.074234
-8.171524 1.979721
-9.481642 1.982491
-9.183644 2.492216
-8.181507 3.168811
-8.222766 2.741228
-8.297439 2.440078
-8.265594 2.640763
4.167748 -15.325083
-1.347407 -8.092480
-8.257052 3.342631
-7.369821 -0.408431
-8.419041 2.980085
-8.758838 1.044955
-8.554464 0.968559
-8.410732 3.689030
-8.125876 2.339437
-9.279346 4.050125
-8.237571 1.730511
-8.464271 3.800073
-8.441664 -4.354056
-7.903911 3.449093
-7.776372 1.387825
-7.343365 0.388696
-8.415180 -9.196127
-7.926780 2.575463
5.968559 -16.648460
-8.034687 2.299403
-8.149041 2.348337
-8.117712 1.882868
-9.344487 3.315941
-9.244437 3.511210
-8.002801 2.396310
-8.264338 2.474405
-7.655558 -5.066409
-7.939847 0.886068
-8.225297 1.000300
-9.560881 2.717062
-8.530569 3.787088
-8.020707 3.222224
-8.355319 2.600859
-8.161407 1.988722
-9.229412 2.683652
-7.725425 0.567258
-8.889345 3.152754
-7.145496 -16.078581
-8.010668 2.675370
-8.300267 2.906318
-9.539493 3.887664
-8.857814 -6.701038
-7.847885 3.163766
-8.555901 -3.855323
-7.659863 0.389634
-8.344977 2.858504
-7.943423 2.980472
-9.330749 2.720101
-8.251433 2.428245
-8.565897 3.940544
-8.234247 1.895489
-8.561131 -4.620707
-7.342835 -6.262709
-8.356103 3.352560
4.563954 -15.881871
-7.655314 0.152189
-7.673101 2.275142
-9.007164 3.459738
-8.402143 3.526578
-8.669114 -5.143721
-8.870837 2.301610
-7.588265 -0.316894
-9.331794 2.752388
0.235861 -10.220084
-8.134159 2.188562
-5.774615 -9.834104
-6.901114 3.458190
-9.145538 2.478373
-8.131353 2.845485
-8.275115 2.398010
5.928721 -16.996920
-8.000799 2.425292
-7.751677 1.435053
-9.889761 3.180743
-8.755318 1.977714
-8.299231 3.726343
-10.013954 3.394243
-8.739365 -3.282080
-8.178026 2.092061
-8.341908 2.307439
-7.992221 3.346504
-8.096778 3.566747
-9.212136 2.881696
-10.276887 4.512591
-7.955385 2.378265
-8.274919 -12.591800
1.352946 -10.954891
-9.416117 2.790400
-8.625723 3.922264
-9.204189 2.750916
-6.864442 -0.600682
-8.110161 1.912699
-8.453166 2.806279
-7.849358 -5.561812
-8.414909 -2.184064
-9.124928 2.460073
-9.434349 2.692198
-8.108562 2.215528
-8.048699 -8.214820
-8.102652 -6.667775
-9.453211 2.713353
-8.066831 2.757580
-8.247748 3.012744
-8.793585 -1.846491
-7.724297 1.273814
-9.169621 2.487295
-9.134840 2.305956
-8.022981 -8.030594
-8.215103 3.273345
6.246020 -16.657595
-8.595975 2.866868
-8.992899 1.774904
-8.309702 2.763357
-7.639828 0.926718
-8.503291 3.088014
-7.686750 -7.737934
-8.202283 1.784872
-8.299877 2.358108
-8.137815 3.129063
-8.151881 -3.445446
-9.097397 -3.179445
-9.389878 2.798884
-8.052779 -7.121216
-8.505817 3.481670
-8.106894 1.301348
-9.018452 2.476317
-9.244958 2.725007
-8.163925 3.260445
-8.064963 3.467329
-8.430226 2.973956
-7.910413 0.258209
-8.171705 2.921989
5.824451 -16.874699
-9.068085 1.491091
-8.046483 1.729906
-7.877743 1.655177
-10.020586 2.814596
-8.289645 2.669058
-8.284987 3.778517
-7.724432 -6.928107
-8.216732 2.474887
-9.075734 2.400814
-10.069696 3.829382
-8.475333 2.753996
-8.241488 -6.931149
-9.287189 2.398236
-9.026567 4.417489
-8.322420 2.372969
-7.502999 0.659549
-7.485579 0.012688
-8.734891 -5.305863
-8.170801 3.469501
-9.233078 2.439465
-8.371610 0.745809
-8.213599 1.818304
-8.022816 3.370686
-7.947374 2.450428
-8.524298 3.231090
-9.106623 2.391903
-8.451379 0.665289
-9.626362 2.497687
-6.743760 0.776270
-9.233248 2.855797
-8.282676 2.546974
-2.252580 -6.020599
-8.276026 0.472083
-1.868389 -19.865877
-8.702685 -13.570928
-7.796432 0.612268
-8.319591 3.395523
-9.696070 3.727749
-8.087866 2.002935
-8.164973 1.964644
-9.300353 2.871954
-8.349305 2.130229
-8.338267 2.583354
-7.871638 0.380628
-7.977503 2.385006
-8.891232 3.901527
-8.107559 3.616797
-8.178212 -7.793595
-8.259024 4.387203
-1.784398 -18.389006
-1.617800 -7.638494
-8.381961 3.621793
-8.449998 3.744107
-6.920641 -0.726800
4.283364 -14.844711
-7.547981 2.161712
-9.546046 -10.160247
-7.990273 3.403297
-8.061578 2.326205
-8.585225 2.682509
-8.210001 1.756149
-8.872332 -2.907178
-7.772065 1.235121
-7.927707 3.126953
-7.950498 3.022327
-8.729373 -1.878014
-9.628291 4.110635
-8.628972 3.339845
-8.407064 3.652531
-9.427629 2.764752
-8.231483 0.835564
-9.262803 2.286766
-9.092371 2.199767
-8.337663 2.523728
-8.387330 2.282869
-9.088408 2.704042
-8.217950 2.387017
-8.682476 3.328553
-8.340755 2.214277
-7.749921 -10.734016
-8.482762 3.731942
-8.788749 3.817722
-5.403360 -9.596637
-8.062444 1.443462
-8.016480 2.240882
-7.423633 -7.913364
-7.733514 3.386671
-8.597435 3.503772
-9.824120 2.926065
-8.614099 3.376993
-7.772014 1.182863
-9.219303 4.060724
-8.503963 -9.865459
-7.313097 -13.156979
-8.335318 3.602858
-9.160415 2.553458
-7.965911 2.159711
0.462516 -9.488758
-8.265617 -3.394445
-8.229849 2.302553
-8.308518 2.066525
-7.757930 0.946552
-7.592194 1.234361
-9.165951 2.419916
-8.189466 1.942932
-8.027374 2.839128
-8.266856 2.001885
-8.779259 -2.245543
-8.419741 2.623775
-8.157362 3.418054
-8.489215 3.329630
-8.536632 2.593777
-8.010467 2.725052
-7.984577 2.511760
-8.081548 1.854225
-8.884804 -2.559828
-6.718416 -6.122183
-8.831117 4.274381
-7.945988 3.072040
-9.369499 2.731412
-6.925935 -8.765520
-7.748689 -0.621767
-8.686032 3.220293
-9.052083 -3.534406
-6.926952 2.104283
-8.212005 2.222279
-7.087976 1.922378
-8.315182 3.248370
-9.450242 2.690625
-7.973471 1.709619
-9.258720 2.730007
-8.565631 -6.059982
-8.467239 2.985470
-8.189687 2.256891
-7.975474 3.216265
-7.579564 0.641004
-8.206432 -3.278758
-8.670507 4.657097
-9.387332 2.572329
-7.936512 2.250421
-9.034080 2.522031
-9.068404 2.677918
-8.192622 2.383911
-8.625783 4.522126
-9.402154 2.857941
-8.460982 2.694528
-8.002696 2.005534
-8.620880 3.503876
-8.516526 2.720762
-8.877330 2.982805
-8.664584 3.502106
-7.981750 1.767704
-8.384839 2.351076
-7.939787 2.086157
-7.760527 0.542934
-7.981369 2.782236
-8.169630 4.276383
-9.815981 2.631729
-8.342650 2.623060
-8.543592 3.343724
-8.424726 1.040816
-9.383160 2.931265
-8.532313 1.368077
-8.325904 1.867781
-8.192079 1.765677
-8.471765 -6.484251
-8.091663 2.669548
-7.937274 2.190943
-8.440305 -2.559054
-7.943734 4.178974
-7.951232 1.917843
-8.307307 2.194319
-8.312141 -7.187953
-9.091668 2.226742
-9.448370 2.928497
-7.688626 0.481265
-7.884819 -6.733708
-8.235996 2.239228
-9.371536 3.585226
-8.283442 3.713536
-8.135612 2.589549
-8.959288 3.356475
-8.225164 3.090985
-9.019303 -2.718551
-8.336168 2.028846
-8.557710 3.347275
-7.763907 -8.683293
-8.032303 1.868793
-7.655937 1.007821
-9.055722 2.355405
-7.298490 -0.554812
-8.308084 1.994876
-8.187970 -4.490047
-7.269041 1.701069
-7.997545 3.477503
-8.225730 1.643057
-7.687218 -6.656530
-8.183515 2.821835
-8.242294 3.375268
-5.860251 -1.704678
-7.856958 -7.833685
-9.090880 2.640463
0.393161 -10.364338
-8.621777 3.123441
-9.099387 2.000157
-8.294199 1.945779
-7.951536 -3.524651
-7.881071 2.799517
-9.570388 4.108382
-7.762597 2.687523
3.393568 -14.147799
-9.243199 2.771590
-9.466036 2.442569
-9.854612 3.609988
-8.629391 3.609850
-8.423485 2.802814
-7.411902 0.408349
-9.345284 2.586360
-9.253171 2.826746
-9.151190 2.167725
-8.013082 2.006045
-8.056909 1.708357
-7.723995 1.335375
-7.087391 2.098292
-8.678300 4.351836
-8.288883 2.423313
-8.545782 3.610824
-7.973149 2.324342
-8.434709 2.692405
-8.170516 3.608336
-8.239541 2.734992
5.281495 -16.049891
-8.073806 1.519247
-7.389434 1.839516
-8.671509 3.227406
-8.374348 3.149935
-7.873301 2.899470
-7.361742 0.569841
-8.062132 2.425362
-6.838264 -10.905946
-9.391946 3.124751
-8.166652 2.202343
-8.690033 -3.231564
-8.301470 2.866267
-9.375141 2.967069
-8.480153 2.600611
-9.758671 2.248428
6.054941 -16.752851
-8.165707 2.084884
-8.084036 1.798046
-7.948538 3.273647
-9.237751 2.724223
-8.547656 3.199019
-9.185379 2.334630
-8.082357 1.915357
-7.805465 0.204516
-8.056028 4.499777
-8.190421 0.315066
-7.991010 0.711387
-9.144783 2.137126
-8.553600 3.135162
-8.255640 3.708249
-8.266418 -2.874404
-7.681354 4.089372
-8.501405 3.637824
-9.386454 3.004680
-8.928935 4.273011
6.175429 -17.144821
-8.609105 3.537845
-8.831673 1.252685
-7.027831 -10.637356
-8.601351 3.417757
-7.244026 -15.990318
-7.993589 2.280363
-8.020095 3.917161
-6.906187 -1.483078
-5.515341 -0.578656
-7.792573 1.106754
-8.924685 -3.083532
-8.365186 3.787740
-8.033010 -3.767620
-8.642594 3.428753
-8.441362 4.058098
-8.492018 3.377522
-8.332836 3.030666
-8.000132 0.616139
-8.239917 2.515298
-8.003047 2.136584
-8.055515 1.793108
-7.958195 3.497486
-8.420500 3.746741
-8.115494 2.555612
-8.632703 3.607463
-8.124909 2.678297
-7.961306 0.154521
-8.582030 1.702686
-9.081392 2.736394
-9.325700 2.768061
-7.308415 -0.424496
-7.853619 3.726645
-8.101200 3.074761
-8.122408 2.836123
-8.106076 1.567658
-8.276102 1.816714
-8.292168 2.465944
-8.086849 3.717560
-7.971322 1.867959
-8.247402 2.203913
-8.759104 0.871236
-8.980351 2.224202
-8.113412 3.809136
-9.277306 2.511098
4.847270 -15.501730
-8.138710 1.622821
-9.137817 -3.840069
-8.341372 -2.254532
-8.512123 3.062229
-8.637936 3.293488
-6.710177 -17.058247
-7.786840 2.660512
-9.150279 2.459141
-7.934888 2.831740
-7.333212 0.697156
-8.658443 4.511800
-8.496781 1.050562
-8.945838 2.354190
-8.320205 3.198472
-8.327005 -7.564341
-8.288232 5.623950
-8.116292 4.401411
-8.474902 2.672428
-8.243391 2.432230
-8.433327 3.696423
-8.280188 1.945275
-7.995132 1.941562
-8.763834 1.027722
-8.252754 2.052832
-9.584772 3.473840
-7.996825 1.558749
-7.996278 1.077974
-0.118901 -9.293616
-8.379087 2.265421
-8.181125 2.317369
-8.230393 2.426679
-9.007332 2.171111
-8.729866 3.232022
-8.188003 3.598756
-7.431320 1.567793
-4.295708 -2.369556
-8.890142 2.427528
-6.766098 0.075110
-9.258241 3.040074
-8.727757 -4.573854
-8.405673 3.399100
-8.817274 4.470053
-7.845942 2.600106
-8.637675 4.302107
-7.912094 2.923415
-8.200690 2.256504
-9.467560 3.302502
-8.481107 -7.295490
-8.020021 1.530462
-8.164230 3.000343
-8.296440 1.865505
-8.274098 -4.733447
-7.868304 0.633718
-7.900193 2.846649
-8.031136 2.492452
-8.081558 1.968644
-7.704198 -14.115030
-9.106202 -3.391272
-7.949203 2.072460
-8.992189 2.354284
-7.707744 -5.183818
-9.207782 3.030044
-8.178267 2.129690
-7.361646 -17.608345
-9.318018 3.867895
-2.585932 -5.963091
-7.792600 3.042357
-8.352421 1.867611
-8.105581 -5.987199
-8.035897 4.208018
-8.177602 -3.197932
-9.455717 2.852565
-8.687525 3.621825
-8.667046 3.173869
-9.261406 4.200624
-9.402105 2.850966
-9.264304 2.094723
-8.015573 2.509546
-8.206003 3.715093
-7.911538 -7.587747
-8.281239 -11.047819
-8.574178 -5.753711
-6.721701 -8.380744
-9.015211 2.462130
-7.166073 -15.747637
-8.916449 2.848458
-8.446850 3.875846
-7.735116 1.164326
-7.869117 2.729620
-8.685613 3.294419
-8.571221 3.134754
-8.298690 1.750750
-9.081084 -2.209313
-3.130525 -5.034030
-8.511314 -7.455454
-9.468491 5.040326
-7.679683 1.427649
-8.189194 1.734102
-8.313587 2.297263
-8.647510 3.869183
-8.000793 -5.602570
-8.456312 3.654980
-8.214380 -8.234941
-8.420677 2.437553
6.896173 -17.420311
-8.853300 2.199821
-8.086034 3.255109
6.770766 -17.226721
-9.152262 2.820468
-8.896841 1.308359
-8.558205 3.255803
-9.237902 2.358327
-9.358454 3.051650
-9.022455 2.723878
-9.429279 2.700537
-9.427625 2.573979
-9.012174 2.880405
-9.436641 2.579206
-9.038823 2.269730
-8.421667 2.955765
-8.218144 3.342389
-7.973042 3.014786
-9.344034 3.001240
-8.004654 1.358928
-8.008678 2.059573
-8.014239 1.792188
9.285931 -24.504324
-8.562943 3.540781
-7.670657 -4.485668
-8.965629 2.546671
-8.243021 3.561897
-8.535359 3.036109
-7.799069 0.323548
-9.193378 4.176414
-9.149384 2.307183
-8.132395 3.064307
-8.331757 2.690284
-8.626371 3.375576
-7.098708 0.825912
-3.200679 -4.987529
-2.792187 -6.549546
-8.306902 3.541442
-7.072201 -0.592448
-8.059429 1.464441
-8.968215 2.411240
-7.915934 2.957598
-7.478206 -15.712606
-7.736589 3.780203
-8.039509 1.629395
-8.018787 2.332104
-7.991882 -5.765702
-7.762392 2.396832
-8.304661 3.727289
-7.944476 -4.035790
-8.048337 2.967551
-9.203002 2.929917
-8.057477 2.198273
-8.671624 2.038946
-9.097871 2.383032
-8.892286 -7.271235
-10.911489 20.692976
-8.905215 2.507673
-8.267361 3.639113
-8.597118 -1.481897
-8.004074 2.227682
-8.931169 2.052795
-7.489177 -6.697103
-7.816851 2.906665
-7.985995 2.360823
-8.276782 3.373811
-7.662554 1.151011
-7.833092 2.725148
-8.743352 2.773566
-8.149549 0.804069
1.379071 -11.124516
-7.548214 -7.303233
-8.737681 -5.025794
-7.708204 -8.629920
-8.487860 -4.256878
-0.242151 -22.465950
7.498444 -17.798634
-9.291472 2.724204
-9.149802 2.762531
-9.574702 2.793804
-8.296647 2.183315
-8.501160 2.646235
-8.099053 -8.282166
-7.867556 2.854058
-7.742611 2.287086
-7.961692 -4.583603
-8.535552 2.586745
-8.597828 3.684244
-7.943520 2.912163
-7.505571 -7.479066
-8.513780 2.445577
-8.003360 -5.385686
-9.041039 4.266795
-8.175895 1.464093
-8.349632 -2.325887
-9.196757 2.949376
-8.155138 2.694068
-8.564268 3.765981
-8.338637 2.845520
-8.199426 2.032920
-8.116303 3.677332
-7.372384 0.716375
-7.515228 -15.504717
-8.882997 2.023374
-9.275527 2.228652
2.062773 -12.633616
-8.384399 3.938038
-8.169499 3.742315
-7.676394 -0.075686
-9.074668 0.661431
-3.532161 -14.303931
-8.372333 3.746050
-3.714012 -3.273351
-8.054273 3.147263
-9.261237 2.853729
-2.829888 -5.260544
-7.910646 1.309134
-7.945441 1.563262
-9.516082 2.911343
-7.701617 -8.733755
-7.747470 -0.156923
-7.462114 2.235450
-8.156094 1.368793
-8.884761 -3.734624
-9.047398 2.596570
-8.334619 2.559457
-9.004428 1.336635
-8.072691 -5.473809
-9.021114 4.135212
-8.100554 1.577574
-8.449289 2.442405
-8.033222 1.774485
-7.547112 2.173009
-8.409225 3.842197
-8.024314 3.383103
-9.308853 2.235660
-0.718188 -7.854425
-8.148529 1.654326
-7.985595 1.938692
6.842371 -17.294983
-7.958734 3.258569
-9.699512 2.523983
-8.624289 3.630150
-9.595212 2.925636
-8.059861 2.700908
-8.672398 2.929623
-9.953799 3.907326
-7.382214 -7.887733
-2.453611 -6.051816
-8.271663 3.968704
-8.099411 3.336004
-9.169650 2.429949
-9.619036 3.044336
1.841642 -20.996679
-7.696138 -7.053448
-8.313624 1.600046
-7.861507 2.741630
-8.489218 2.895920
-8.297932 2.024093
-8.665474 3.198148
-8.250595 2.267541
-8.253144 1.859494
-10.032104 3.268684
-8.315600 1.443105
-8.172873 3.532806
-7.817622 0.875870
4.038469 -14.920187
-7.999867 -2.627608
-8.775004 3.684160
-9.539551 2.972384
-8.450562 2.569830
-9.097113 -12.460161
-8.962754 2.161257
-8.909380 1.976092
-8.498094 2.086657
-8.335204 1.784512
-8.510507 2.014625
-8.283237 3.229635
-8.592209 3.151325
-8.437542 2.236756
-8.273961 2.839750
-8.030582 2.008967
-8.469099 1.821807
-9.880865 3.529617
-8.394414 3.682888
-10.008520 2.820843
5.922514 -17.204967
-3.401217 -4.624168
-10.020000 3.130444
-8.667838 2.915544
-8.273155 2.113482
-8.940815 -2.322775
-8.621615 3.251238
-9.279089 4.159815
-8.513062 3.979317
-7.877636 -8.484162
-8.401201 1.861966
-8.304202 3.867297
-2.962391 -5.737515
-8.169929 1.417423
-9.497272 2.795719
-9.153842 4.224276
-8.353847 1.974718
-7.992180 1.926106
-8.529914 2.011098
-8.391022 2.710054
-8.221038 2.548256
-8.546191 3.758919
-8.658671 -1.670083
-9.067967 -2.356312
-8.515248 3.340142
-8.963347 2.497451
-8.613934 3.680301
-8.447808 2.355203
-8.423311 2.462280
-8.483186 2.217897
-10.040672 3.939558
-9.065068 -3.955145
-7.863657 2.772772
-8.131927 2.583768
-7.735427 -16.961903
-8.071599 3.759868
-5.437454 -1.854333
-8.059476 1.411137
-7.928229 3.305763
-9.060466 2.034221
-9.124209 2.101181
-9.043010 2.459502
2.808500 -13.490116
-8.630034 3.564411
-8.439956 2.266511
-8.075068 1.642625
-8.942785 -2.492165
-8.209499 0.471219
-9.313357 2.231037
-7.329177 -0.408686
-8.304885 -1.105682
-8.458916 3.605147
-8.159618 2.424322
-8.736145 2.029770
-8.371468 3.359017
-9.756226 2.016891
-9.204453 3.026484
-7.973872 0.322292
-9.755100 4.135147
-8.457586 3.625439
-8.523478 2.329756
-9.356899 3.073694
-9.248486 2.522190
-9.106839 2.783063
-8.534073 3.104468
5.702744 -16.704229
-8.142081 2.138071
-8.555146 2.453711
-9.470572 3.052549
-7.820541 2.443322
-9.511648 -0.086941
-8.484571 3.770182
-8.108800 2.900756
-8.276309 3.836433
-9.491984 2.727343
-8.460609 2.567602
-8.068018 2.848082
3.162567 -13.299735
-8.312390 1.632174
-7.263521 1.738998
-8.029677 -5.052290
-8.768745 2.269979
-2.380709 -5.778689
-7.856467 2.998133
-8.562559 3.516398
-8.509746 1.619480
-8.378261 3.171507
-6.731176 -1.398130
-7.708969 -7.085788
-7.523144 1.650716
-9.452434 4.235128
-8.165782 1.499762
-8.892314 -2.598748
-7.438015 -6.619184
-7.016619 -7.080401
-9.520375 -0.770159
-8.388906 1.569086
-7.929634 2.471801
-8.499757 3.179826
-8.988642 -0.993099
-8.081625 0.718706
-9.469849 2.349217
-9.570286 2.700559
-9.516036 2.971461
-5.811055 -1.734306
-8.342575 3.019748
-9.388041 2.866950
-8.109400 2.360090
-7.794866 3.017587
-7.863126 2.650555
-8.959335 2.108361
-9.323474 3.054101
-8.543746 2.362809
-8.120889 2.085324
-9.570906 3.029727
-8.437697 1.790266
-9.031534 2.469470
-8.414083 -3.203694
-9.191786 2.506118
-8.389986 1.983524
-9.099869 3.755597
-7.935962 -6.076780
-8.378511 2.219693
-8.728351 2.228796
-8.134844 2.892358
-8.117609 1.857259
-8.423593 2.277892
-8.681595 2.968363
-8.934355 2.668009
-7.871293 3.177880
-8.141921 3.727421
-8.091679 3.570107
-8.022281 2.261345
-9.704091 3.798289
-9.141438 2.567489
-9.368814 3.140700
-9.118246 2.185163
-7.948867 2.894839
-9.625539 2.807086
-8.499495 -6.823658
-9.302983 2.270410
-7.640857 1.252459
-8.061021 2.248789
-8.468387 2.446905
-8.502213 1.668558
-9.309484 3.934384
-8.628910 3.338470
-7.968424 2.346386
-7.455412 -7.940724
-8.411215 2.891114
-8.086308 1.562475
-8.606188 -3.408847
-8.776158 -2.278351
-7.681207 0.194348
-7.099452 -15.624400
-9.043662 2.725890
-9.618366 2.632165
-8.735065 2.067726
-7.877966 -6.355950
-7.929749 1.418650
-7.761587 -2.424657
-2.297084 -6.244003
-8.451225 2.128607
-8.327932 2.679790
-7.435408 0.666987
-8.580015 3.641793
-8.570571 2.909905
-8.880076 2.626925
-8.516147 2.624122
-9.372893 2.542688
-7.813594 2.773209
-8.543145 2.247373
-8.051651 1.763991
-7.809316 3.208926
-7.796957 2.778203
-8.432777 3.034651
-8.933555 -3.202234
-8.001514 -7.367303
-6.449227 -0.392781
-9.273624 2.848679
-8.258248 0.663444
-2.053875 -6.131505
-9.104412 4.703700
-8.152169 3.424645
-7.769541 1.053854
-8.658788 2.001413
-8.553069 3.790203
-9.097556 -2.023358
-8.333608 -2.268645
-7.665033 -5.136941
-8.472947 3.374454
-9.601464 2.700583
-9.452200 2.728182
-8.581112 3.187395
-9.105354 2.084210
-8.485737 2.469989
-9.322453 3.073816
-8.037289 1.293761
-7.609876 1.940192
-7.887408 2.561538
-9.010704 2.094509
-8.616080 2.104365
-9.324021 3.220462
-8.130570 2.456279
-7.596528 -7.325391
-7.861467 2.589882
-7.181320 -14.984238
-2.184153 -6.178751
-3.577024 -4.624599
-9.909593 3.803571
-8.189527 1.510929
6.913798 -17.426926
-8.771376 2.118143
-8.331342 2.438201
-8.771340 1.951072
-8.333896 3.771476
-8.705770 1.835244
-7.420319 -7.025274
-1.737631 -6.982840
-8.648117 3.148879
-9.373635 -10.323092
-3.079073 -5.049697
-7.950084 2.968324
-8.654896 -1.782536
-8.295689 2.172587
-8.321101 -1.781066
-8.556373 1.833669
-8.795401 2.293422
-8.583828 -5.994357
-7.311542 0.832074
-8.486523 3.866895
-8.019452 2.434430
-7.833654 -8.932157
-8.701561 2.378696
-8.236505 0.563984
-8.071891 2.467650
-8.242432 3.982610
-7.869956 2.230506
-8.957124 2.097368
-9.524503 2.829766
-9.998860 4.042925
-9.151919 2.610059
-6.563894 0.935546
-7.606883 -14.179958
-7.574807 4.443840
-7.836747 -9.102545
-8.036304 1.259140
-8.081300 1.992310
-8.223360 2.879817
-8.747690 -6.165146
-8.021532 0.576873
-7.331570 -6.334775
-8.532939 1.722866
-9.359686 2.620162
-9.739569 3.729935
-8.233816 -5.079053
-8.724156 4.039767
-8.441900 -1.740519
-8.937831 2.528335
-8.340352 1.991355
-9.870060 4.557498
-8.925210 3.549555
-9.131607 1.054890
-7.990625 3.637605
-8.670199 3.313851
-3.364176 -4.556255
-9.658201 2.733235
-9.396278 1.446541
-8.020988 3.519530
-8.541384 -7.532045
-8.605285 2.123829
-8.697194 2.205973
-8.400480 1.803891
-7.514796 -8.462969
-7.905373 2.721237
-8.050498 1.226492
-8.439585 1.836237
-8.824131 2.293849
-7.833398 3.123788
-8.405449 2.592350
-8.490543 2.228662
-7.065079 -0.467710
-9.208593 3.207810
-9.608464 2.603053
-9.139524 2.847066
-8.237591 1.868131
-8.136949 4.934621
-8.691545 3.108761
-7.772688 -5.004851
-8.759593 -4.190991
-8.273297 1.740866
-9.152977 2.390435
-8.369292 4.250326
-8.348965 2.041520
-8.114100 2.671866
-7.980571 1.768335
-6.797588 -15.004298
-8.560202 2.255188
-8.175005 3.501236
4.538503 -15.894725
-7.879684 3.151864
-8.197382 2.917077
-8.302872 2.350664
-9.027766 4.347450
-7.309080 0.309196
-8.843141 2.400475
-9.130959 2.789653
-8.565135 1.956374
-7.861850 1.149739
-7.971386 1.575625
-7.931436 2.982995
-8.131925 1.519186
-8.623658 2.128401
-7.728514 -0.051472
-8.620434 2.955964
-7.076905 -0.320271
-8.255277 1.453129
-1.597641 -7.148108
6.731160 -17.246262
-4.982430 -2.859659
-3.834680 -3.955812
-10.371162 4.979529
-9.527180 3.172339
-9.058915 3.030327
-7.935116 3.456125
-7.919008 3.141981
-7.929144 2.611141
-7.750368 2.277722
-8.829752 1.299688
-8.398357 3.977991
-7.689260 0.390670
-8.852818 -1.709620
-9.453464 3.175805
-8.244966 1.655812
-8.345496 3.914124
-7.950040 -8.311319
-8.061543 3.566528
-7.843114 0.013345
-8.227761 3.084307
-8.182269 1.852553
-8.138173 -8.096006
-8.641059 2.971245
-8.428004 3.138609
-6.708362 -0.211281
-8.482689 2.566154
-8.711596 1.583768
-9.008417 2.868971
-8.367566 1.843366
-8.793661 1.875338
-8.550091 3.508729
-9.439400 3.028157
-7.463028 -7.672454
-8.471561 1.955458
-9.243661 3.552546
-6.931618 -15.157171
-8.725379 1.855196
-8.262445 1.400318
-8.097034 3.075297
-8.735564 -5.787908
-9.129422 2.995059
-8.055463 1.384931
-9.537807 3.061136
-8.664422 1.943567
-8.157652 2.470197
-8.185108 1.330181
-8.355638 2.898493
-9.315388 3.071567
-8.414135 2.402098
-8.299871 3.075285
-8.141609 3.282058
-8.708324 2.190604
-8.686549 4.247829
-8.849568 2.287226
-9.324689 3.123954
-7.443178 2.101159
-7.827216 2.526839
-8.300119 2.235997
-7.948423 1.916322
-8.270560 3.408851
-8.477876 2.118620
-8.083934 1.415560
-7.810019 1.398893
-8.940838 2.921704
-8.783546 2.115333
-8.986350 1.851797
1.972547 -11.044608
-8.209372 2.381558
-7.670156 -4.729618
-8.050733 3.086947
-3.010846 -4.875587
-8.089657 3.588915
-7.883037 2.608395
-8.373917 3.729717
-8.094756 3.795987
-8.533100 2.298735
-8.645175 1.781541
-9.001194 2.346523
-8.556335 2.771038
-8.155913 2.199097
-8.428791 1.612268
-8.292881 1.490662
-7.770568 2.810565
-8.634802 3.837590
-7.900834 2.287104
-8.175715 1.337766
-8.611614 2.148411
-8.235775 3.227615
-8.600574 2.085601
-7.489966 -5.992808
-8.569095 -12.916323
-8.470866 2.790258
-8.590878 1.746764
-5.252818 -2.834665
-9.331679 2.408571
-9.523538 2.730639
-9.352018 4.246555
-8.084300 4.077196
-7.983111 4.548151
-8.461350 1.533703
-7.990386 2.508580
-8.543857 3.912375
-8.064250 -11.165467
-2.519274 -5.756831
-9.503500 2.779312
-7.975290 2.144124
-7.873895 1.553578
-7.888270 1.503993
-9.243112 2.733478
-7.798216 1.639187
-8.501550 3.800430
-7.988176 2.070590
-8.072060 2.266786
-8.714037 2.476081
-8.220907 3.033823
-7.947086 4.264827
-7.828531 2.563259
-8.004871 1.525177
6.378674 -17.099287
-8.222836 3.489164
-8.568823 3.912074
-8.149025 2.011104
-9.122880 3.015015
-7.952518 2.961352
-8.465978 1.725489
-8.705557 2.526709
-8.660313 -5.470037
-8.684507 2.327023
-8.749373 2.376888
8.060986 -24.321625
-8.686738 2.353117
-7.801672 1.492017
-7.794231 3.054729
-7.918418 1.820308
-7.476557 -8.357903
-3.590167 -4.289075
-8.298906 3.597812
-8.226277 2.150198
-7.709566 -10.805790
-8.440986 3.077281
-9.000410 2.598447
-8.507519 2.635249
-8.566269 3.546231
-9.507178 3.069883
-8.238696 3.357117
-8.519442 2.140872
-8.330792 2.656406
-9.307121 2.152016
-7.762288 -8.216649
-7.841105 2.818649
-8.408169 3.596825
-9.127224 2.932589
-8.181878 1.416080
-8.640312 1.691221
-8.470659 3.886134
-8.498050 2.916736
-9.207055 3.171908
-8.663296 2.833398
-9.259571 3.121558
-7.402174 -0.084372
-9.181160 2.913805
-9.553123 3.177433
-7.794387 1.768426
-9.386930 1.649795
-8.330255 2.460469
-8.125448 3.329178
-8.374576 1.438473
-9.331833 2.769947
-8.693699 2.357982
-10.258412 -8.891530
-9.833858 3.914555
-7.452105 -6.314758
-8.448932 2.176401
-8.940111 2.362248
-4.407121 -2.020811
-8.668514 2.780485
-10.120113 4.854132
-8.059265 -6.545950
-8.367846 2.907689
-3.962583 -3.839788
-8.177411 2.340782
-8.623393 2.917247
-8.546000 3.878423
-8.680729 3.240676
-8.271528 4.279009
-8.020275 -4.164118
-9.170008 2.834541
-8.467779 2.575375
-9.533660 -2.994816
-8.256278 2.828816
-8.532859 2.309642
-9.014565 2.180187
-9.640877 3.834358
-8.505889 1.866421
-8.204582 2.848224
-8.346962 3.178678
-9.489818 3.039223
-8.100505 3.632537
-8.187222 3.500604
-2.952433 -5.175046
-9.134926 -4.269102
-7.820581 3.084150
-9.137441 2.739614
-8.703424 2.417250
-8.570508 2.286794
-8.009604 2.885119
-7.882817 1.711589
-7.413801 1.837578
-8.238296 2.019070
-8.677829 1.684319
-8.981718 2.755168
-8.155587 -10.652282
-8.474700 1.618486
-8.950805 2.581012
-9.228364 2.990562
-7.799204 -15.753066
-8.324685 1.664493
-8.130187 2.583959
-8.478228 2.001869
-8.840405 1.705351
-3.934072 -3.601417
-8.142474 1.812857
-9.153173 2.618135
-8.347600 2.066722
-8.873856 2.829797
-8.311446 -7.695587
-8.593539 2.904037
-2.371499 -5.560556
-9.108981 2.733563
-8.274176 1.434070
-8.318447 3.698246
-8.939041 2.193885
-8.234371 1.270873
-8.232900 3.242718
-8.966311 1.160394
-8.243043 -4.051021
-9.371247 3.125361
-8.702701 2.221709
-8.531561 3.952167
-8.056077 -3.011057
-9.301691 2.460892
1.410887 -11.064745
-7.804177 2.363650
-1.956092 -6.595600
-8.088512 1.217621
-9.159020 2.934800
-6.345534 0.000101
-7.614071 0.442160
-8.303092 3.158303
-7.857125 2.356978
-8.965146 2.275620
-7.505634 -0.314589
-8.598541 1.871789
-7.322919 1.859262
-8.556937 2.144185
-8.572955 2.754753
-8.617989 3.598226
1.345453 -10.773468
-8.694900 3.383649
-8.438981 4.134504
6.699766 -17.471390
-7.744156 3.776052
-9.387130 3.070644
-7.866511 2.547065
-7.172186 -0.745300
-8.407723 2.462753
-7.841920 0.848547
-8.966540 1.873561
-9.890590 2.933264
-8.038212 3.428513
-8.216642 -7.519012
-8.121991 1.594136
-8.383825 2.297758
-7.664021 0.172163
-7.801812 1.853309
-8.389919 3.464194
-9.362661 2.706200
-7.901562 1.406646
-9.365314 3.078915
-2.632246 -5.906880
-7.312361 2.488536
-8.592584 2.513325
-7.830780 1.892300
-8.300414 4.126019
-7.906929 1.250695
-9.356409 1.437312
-8.427116 3.174568
-8.406166 -3.223648
-9.400955 2.487856
-8.286151 2.424242
-7.325073 -0.044174
-7.890329 1.531762
-8.462782 3.238853
-3.541397 -4.466223
-8.615654 2.514012
-8.249531 1.923998
-7.842268 0.526859
-8.645717 3.483068
-8.610507 -4.981071
-7.622647 1.639797
-8.550852 2.880224
-9.391174 3.299901
-7.965445 2.389702
-2.974394 -5.586668
-8.622674 3.718734
-7.833941 1.765992
-8.449909 3.630943
-9.058998 -3.940050
-8.399471 1.733956
-8.051527 1.945130
-9.998055 3.345706
-8.328830 1.732913
-8.591900 2.841328
-8.911966 2.845718
-8.649292 3.195083
-8.430417 2.860859
-7.772378 2.230443
-9.436792 2.964936
-9.523897 3.025724
-8.128188 2.615141
-9.351639 3.213389
-8.876562 0.917745
-8.252940 1.557647
-8.467682 2.700449
-7.881236 2.278186
-8.263835 2.714371
-3.669939 -4.322435
-7.826180 2.639446
-8.651431 2.113931
-8.835076 0.789112
-9.620790 2.499772
-8.037438 1.153916
-8.136183 3.813310
-8.543099 1.540605
-9.222797 2.039835
-7.940491 3.669052
-8.767809 3.992455
-9.253056 2.936777
-1.745173 -6.648133
-6.844817 -0.732370
-9.177672 2.146552
-8.652017 1.794784
-8.225538 3.698907
-2.048706 -6.669247
-7.989675 -8.630066
-8.921744 2.802406
-7.129190 -0.946996
-8.583317 2.649153
-8.427679 2.265837
-8.010634 1.672454
-9.630027 3.109561
-7.703763 -5.940312
-7.555372 -5.502691
-9.150761 4.223956
-8.692297 2.710287
-7.966622 2.670851
-8.015507 0.306992
-8.506399 3.813006
-7.811041 3.215399
-7.923000 1.479304
-7.872582 1.854731
-8.432439 2.428971
-8.631803 2.711471
-9.137932 2.264070
-8.636584 3.906279
-9.271297 3.195152
-9.130402 3.477508
-8.086468 2.528629
3.696716 -19.969830
-9.590238 3.152085
-0.524307 -7.368349
-8.642057 2.871018
-8.345532 3.902725
-8.117020 2.252857
-8.029881 2.844202
-8.325230 2.869759
-8.255123 -9.449145
-7.939958 1.227328
-8.602771 -2.937338
-8.246084 -7.691291
-9.149379 1.924559
-8.700893 1.787386
-8.124946 2.395489
-7.909334 3.295689
-8.374712 3.385939
-9.007636 2.542269
-8.431148 2.255044
-8.049982 1.098322
-8.337814 4.708390
-7.354296 -6.961178
-8.627144 2.628688
-7.921793 2.255782
-8.555764 3.726033
-8.466072 2.397334
-1.768737 -5.891184
-7.778363 1.988739
-8.412794 1.593231
-8.576098 2.604810
-7.382232 -8.897947
-8.624319 2.532021
-9.357085 2.350338
-8.098140 2.252317
-8.879441 2.707342
-8.222190 1.974275
-7.856021 1.689632
-1.270711 -7.397692
-8.423584 1.739837
-8.098848 3.050077
-8.006276 1.150091
-8.401464 3.476804
-8.677361 1.535406
-7.772105 2.366646
-7.720846 -6.319894
-8.573234 2.479898
-7.946701 3.014004
-8.420893 3.233297
-7.816947 3.040769
-7.799886 2.294656
-9.477692 3.225047
-3.175499 -4.644243
-8.522141 1.420605
0.028250 -9.465426
-7.722624 -8.875780
-7.867957 3.346978
-8.169777 1.494619
-9.521548 3.284231
-7.936325 2.415383
-8.885285 2.304085
-7.928669 2.094704
-7.806011 2.527701
-8.060924 3.605337
-7.803299 0.232965
-7.367457 -7.684269
-8.540759 3.856310
-4.019449 -3.566726
-9.791887 2.669271
-8.562835 2.600639
-7.490042 -8.774903
-8.234424 3.689350
-8.325172 3.602426
-8.104194 2.066394
-9.044856 1.830070
-8.487113 4.124865
-9.466271 3.316202
-4.447385 -2.993980
-8.263151 2.588561
-7.312955 0.500562
-8.637924 3.605033
-8.014424 1.405564
-7.536599 -8.985207
-8.889661 1.983325
-8.486014 1.676115
-8.929957 2.885442
-8.141948 4.418589
-8.527092 4.003769
-8.087137 3.624113
-8.453135 4.682663
-8.147363 1.481310
-8.581996 2.012180
-8.296072 -5.905607
-8.500859 2.023791
-8.550936 1.812904
-8.497328 1.480694
-8.501167 -5.223480
-9.257557 2.003850
-8.927885 2.828540
-7.857352 2.816805
-8.416186 -7.947086
-8.200305 1.932212
-7.811534 2.080739
-7.788949 3.189008
-8.648034 1.605664
-8.830676 -4.599979
-8.405411 2.806486
-8.157145 1.287771
-9.037128 2.781278
-8.608717 2.869157
-8.301258 3.619201
-8.402456 3.122764
-8.331194 1.204183
-8.482358 4.033380
-8.851512 2.623345
-7.969294 1.590928
-8.014988 3.117072
-8.697052 2.839569
-7.906405 3.330882
-8.783517 2.576922
-9.222213 2.000530
-9.593248 2.244016
-8.573890 2.460925
-9.045207 -3.241057
-8.247303 3.501858
-8.613768 3.882928
-8.502364 1.463432
-7.947098 2.341650
-8.140317 3.925766
-9.534035 3.240724
-7.800275 1.068614
-9.626523 2.585474
-7.880848 2.183120
-7.919986 3.090050
-8.391248 -11.867223
-8.976000 4.754490
-9.472862 4.088788
4.509831 -15.430233
-9.618834 4.429392
-9.451045 3.302416
-8.059535 3.517843
-3.361559 -4.749047
-2.979668 -4.689580
-9.276356 2.925775
-8.202624 3.882589
-8.549038 2.461056
-8.865614 1.968512
-8.329909 3.874929
-8.421429 3.989737
-8.300756 2.091446
-8.608541 -4.949817
-2.252672 -6.291025
-10.040894 4.060744
-9.072854 2.012208
-8.882051 2.743459
-8.759879 2.479050
-9.195320 3.207256
-9.171492 2.739996
-8.225642 3.856586
-8.474084 2.354105
-8.396187 2.964071
-8.459100 2.710980
-8.138975 1.266796
-6.164803 0.073834
-8.122608 1.800914
-8.538318 3.966868
-9.385905 2.263548
-9.038338 3.153502
-8.564817 2.616351
1.515324 -12.099382
-9.511379 2.665132
-9.041154 3.212070
-8.227353 1.089777
-8.548172 3.176586
-8.636827 1.614883
-1.259151 -7.486714
-9.208234 3.055204
-8.561928 2.024456
-8.661146 2.924402
-7.823860 2.069051
-8.530172 2.877614
-8.397128 -4.864728
-7.777157 2.992017
-7.923659 3.350747
-6.824631 -15.259535
-7.758860 -4.983721
-8.615425 1.927902
-8.520905 3.989184
-8.730529 2.046625
-8.045883 -13.894069
-8.149071 -6.964077
-8.405177 -7.716722
-8.812788 2.226894
-7.879724 1.550742
-9.370766 2.146251
-8.390318 2.138414
-9.180262 2.207720
-8.686466 3.620463
-9.135623 3.061464
-9.008525 2.926179
-8.027356 1.534726
-8.310852 3.365068
-6.902283 2.453779
-8.942151 2.345791
-8.621044 3.981645
-8.864645 1.794044
-7.956126 3.588691
-7.201362 0.654671
-9.180123 3.239705
-8.836922 3.514738
-7.815924 1.141246
-8.629288 3.689124
-8.669255 2.433732
-8.675936 2.769287
-8.213457 1.680655
-8.458991 1.952417
-7.334739 1.796448
-6.823212 -1.683533
-7.761840 -6.715531
-8.325004 -3.520657
-9.268846 5.083285
-8.132657 1.986579
-9.662283 2.938702
-9.036921 3.149975
-7.968076 2.860575
-8.544337 2.483080
-8.398343 1.656161
-8.857800 2.457209
-4.022200 -3.428308
-7.638147 -8.624762
-9.249126 2.723824
-9.234472 2.368954
-8.781891 1.905664
-8.929296 -3.834985
-7.803658 2.257947
-8.395628 1.379054
-7.830116 2.064565
-8.630794 3.337838
-9.263840 3.232959
-8.267669 1.854828
-8.291359 3.190670
-8.631226 2.613111
-8.096713 1.119502
-8.729383 2.349480
-7.610784 1.606881
-3.255261 -4.261600
-8.984307 2.796530
-9.460291 2.945748
-8.310480 2.582380
-7.444611 -8.101922
-9.466072 2.145181
-8.583420 2.232339
-7.038710 -10.114907
-10.269106 -1.983523
-8.527660 4.572171
-8.304228 1.316870
-8.349671 3.120832
-9.098630 2.525970
-7.029011 -1.078772
-8.818012 3.457266
-9.446583 2.453003
-9.381059 2.943128
-9.758916 2.877898
-8.448554 -3.416451
-8.795447 3.558809
-8.190503 1.536844
-10.777624 21.138334
-8.803510 -5.304798
-8.198896 3.106729
-1.173038 -7.629596
-9.152615 -4.416267
-8.310748 4.572588
-7.866841 2.952881
-8.832485 3.383122
-8.327453 3.252747
-9.613364 -11.028905
-7.857774 2.694413
-8.958341 1.499111
-8.740099 3.249868
-8.773811 3.335056
-8.333136 3.897317
-9.133002 1.930413
-8.287995 1.931124
-7.908732 -7.838630
-7.814323 2.245015
-7.350560 -8.380144
-7.772942 1.238119
-8.538411 1.477087
-8.899862 2.838336
-1.360969 -7.428615
-8.705158 -6.441433
-7.517178 -5.991185
3.140098 -14.034785
-2.209809 -5.624130
-9.153585 2.283403
-9.974170 4.042371
-8.440151 -4.279294
-8.758118 -5.419409
-8.938185 1.815478
-3.918323 -3.521595
-8.422798 3.461685
-8.698641 2.460982
-9.683493 2.892751
-8.834939 4.499134
-8.746119 3.400602
-8.936661 2.167587
-9.474126 3.229173
-7.765335 -9.354862
-7.831158 -0.054434
-3.359067 -4.217619
-9.065895 -1.782380
-8.632790 3.398661
-8.751717 -0.509085
-8.580238 2.670966
-8.005587 3.279178
-9.222173 4.180218
7.181711 -17.209930
-8.060788 1.695103
-4.152060 -3.667605
-9.757499 3.169586
-7.293307 1.426097
-7.134493 -10.336015
-8.842969 3.588401
-10.038498 2.536745
-8.483614 2.450995
-1.091063 -8.203569
-10.067118 32.748493
-8.585739 4.083594
-8.359202 2.825215
-8.774632 3.500832
-8.549993 -3.616927
-8.206622 2.590484
-8.628695 2.348909
-9.754734 2.940439
-3.206703 -4.850004
-8.189886 3.968427
-7.520262 -5.287093
-8.424433 3.793027
-8.254335 -6.145205
-8.484678 2.392479
-8.564903 2.549903
-9.055848 2.686435
-8.171008 2.329977
-8.235652 1.534882
-7.960954 -2.412066
-8.805961 2.290995
-8.440225 1.629829
-8.540509 -6.635389
-8.648971 -4.413593
-8.991808 2.689299
-8.571280 3.260266
-8.198768 2.094080
-9.174860 2.468446
-8.866390 1.765724
-9.760408 3.143902
-8.793871 3.273859
-8.481165 3.879791
-8.044360 1.625163
-8.669666 -2.103457
-8.304955 4.077509
-3.050043 -4.578962
-8.008584 1.933385
-9.451238 2.157684
-8.257066 2.416009
-8.060625 1.063780
-8.359097 2.516464
-7.986389 2.996373
-8.436514 2.602340
-8.186426 3.374104
-8.116860 2.223560
-9.228630 2.010280
-9.317893 3.102697
-3.815470 -4.379450
-8.451158 0.887536
-7.969292 2.521428
-8.714679 1.646260
-8.589116 2.269702
-8.148458 1.349081
-7.952905 2.270827
-10.377981 -3.749101
-9.505844 2.468030
-8.109151 -4.699095
-9.298984 2.032721
-7.820869 3.277753
-8.779705 2.650464
-8.746535 3.149519
-10.263236 4.830461
-8.502837 -6.117219
-8.960182 2.945016
-8.695245 1.953152
-9.020516 2.882658
-8.338825 4.206913
-8.818533 -3.640177
-7.783164 2.820096
-8.737536 3.440828
-8.066344 2.107929
-9.087620 2.827446
-8.294069 2.151022
-8.683938 3.207354
-9.541335 3.201097
-8.962462 2.634736
-9.544518 3.311986
-9.272784 3.244785
-7.816609 0.741307
-8.608473 3.678921
-8.585250 2.057161
-8.577214 3.225142
-9.119761 3.069184
-7.924745 2.528265
-7.804177 3.101365
-8.422462 1.574247
-8.336905 4.120524
-8.539201 2.785416
-8.054588 -3.962508
-7.677560 -6.462252
-8.963351 -4.563636
-8.785172 3.437476
-8.128983 2.700936
-9.649685 2.937829
-7.733254 0.267342
-8.075238 1.505163
-8.615719 1.611562
-8.224223 1.368509
-8.592575 4.426108
-8.026101 2.235011
-8.196680 1.179401
-8.214728 1.844613
-8.738153 2.806422
-9.089084 -1.358996
-8.411789 2.089352
-8.351038 2.797144
-2.825618 -5.650975
-8.764243 3.706577
-8.742915 2.870096
-8.106339 3.005987
-8.551222 2.298146
-7.466905 0.366063
-8.917536 -14.981629
-8.541670 1.172089
-8.008474 0.189116
-9.886989 -8.883366
-2.569510 -5.466758
-8.673338 4.016883
-8.293138 -1.892738
-8.106822 -4.682300
-1.586172 -6.689179
-7.133988 -15.703320
-9.241210 3.856486
-9.223660 3.357626
-8.752309 3.821777
-8.575291 4.137777
-8.955906 2.360704
-7.318102 0.548442
-9.323164 2.547695
-9.483664 2.647939
-7.770614 2.405359
-7.836553 2.443344
-7.700780 -3.770672
-8.676024 2.643969
-8.841716 3.597408
-8.684493 2.533938
-8.502552 3.199305
-8.742044 3.764096
-8.664242 2.509162
-9.475668 3.213398
-9.995963 2.789176
-8.344226 4.062807
-8.484473 3.719078
-8.443379 0.375157
-9.414596 2.231151
-9.047243 2.945083
-8.254728 1.230776
-8.141735 1.805747
-8.111793 0.863500
-7.967842 3.184131
-9.359503 3.350173
-4.597918 -2.901564
-8.753671 3.100569
-9.070280 2.254255
-7.493875 1.075269
-7.823039 0.242463
-8.893677 -1.519171
-8.422470 -2.791166
-8.515316 4.128296
-1.573972 -7.366225
-8.391410 -7.198709
-8.633630 4.387635
-8.792229 3.217355
-7.802101 1.682298
-8.016254 3.558676
-8.569129 4.022839
-8.011448 3.803200
-6.963098 -8.056954
-8.147230 3.891891
-9.392074 1.409097
-8.782437 2.254834
-10.113089 -9.292229
-8.468155 1.219208
-8.768185 2.121804
-8.165500 3.202480
-8.406203 2.495750
-8.694893 2.984326
-8.281881 4.052696
-8.738562 3.683724
-7.975482 3.681376
-8.835042 2.879952
-8.624129 4.028434
-7.971685 2.613381
-7.812797 1.020832
-7.996705 0.947942
-7.846232 2.355876
-8.363724 1.310837
-9.065822 -4.773365
-8.805920 3.214640
-3.145210 -5.090037
-8.350177 3.677061
-9.267766 4.517736
-9.343906 -10.669523
-9.476646 2.664040
-8.132070 1.565194
-8.884019 2.958277
-8.157292 1.767707
-7.951530 3.142952
-8.779492 1.741507
-15.223047 7.093232
-8.577062 2.261632
-8.793934 2.845745
-8.193252 -12.737388
-8.455093 3.494531
-7.892135 3.186788
-2.121478 -6.549647
-8.471982 4.004643
-9.515504 3.344048
-8.274854 3.023793
-8.606421 2.904351
-8.588519 1.887283
-8.236184 3.486855
-8.968979 1.794108
-8.639790 -6.293695
-8.111741 1.208659
-8.874728 2.794689
-7.560012 -6.621790
-8.980156 1.030768
-8.757854 3.763327
-8.401057 3.865174
-8.851423 3.100340
-8.734342 3.024971
-8.465669 1.292636
-8.045951 3.240727
-9.634731 0.962502
-8.289320 3.126517
-9.141182 2.352920
-7.850776 1.312183
-8.837563 2.876789
-8.632773 1.575165
-8.013329 1.990697
-0.660663 -8.331796
-7.940174 1.183418
-9.087798 3.546530
-6.844576 -16.132664
-9.045513 3.209444
-7.713973 3.904875
-8.679009 2.442136
-8.778214 3.857507
-4.573485 -2.956652
-8.056723 1.215935
-3.403840 -4.216147
-9.189404 2.717753
-7.868562 2.670190
0.935512 -10.482620
-8.617502 1.622894
-8.744841 2.953668
-2.121986 -6.595678
-8.722725 3.536336
-9.602995 4.288627
-8.605553 4.033967
-9.144950 3.133476
-7.567555 1.045046
-8.985226 2.963555
-8.264650 3.963935
-9.019013 2.669505
-9.206870 1.710689
-7.932705 3.819202
-9.279676 3.098009
-9.142602 1.984390
-3.403044 -5.048728
-1.785426 -6.607478
-9.359941 3.053669
-8.802237 3.242343
-7.819036 -6.633862
-8.327847 3.171854
6.485682 -17.336142
-7.631638 -0.021725
-2.656108 -5.528572
-9.727110 1.872126
-8.717565 1.817407
-10.314205 3.584721
-6.197627 -8.676003
-7.737959 2.703891
-1.283464 -7.917694
-4.948658 -22.714453
-9.757919 2.879874
-8.225263 -8.756325
-7.874343 2.925422
-8.787348 2.974192
-9.027576 4.116319
-8.866426 3.055884
-7.973383 2.829790
-8.638741 2.752925
-9.320277 3.477464
-8.781569 2.685498
-9.434376 3.433250
-8.512279 4.714328
-8.419486 2.060663
-8.284167 2.773996
-8.348345 4.019334
-8.048059 -8.446111
-7.709836 2.718624
-9.473392 3.450495
-7.800647 1.673876
-8.559834 2.270960
-7.788033 2.128147
-9.699921 3.326126
-8.625370 2.882008
6.589135 -17.362610
-8.708085 2.941995
-7.924206 3.266140
-8.298841 2.285048
-9.365781 2.170712
-8.618779 2.925502
-8.767332 2.764088
-8.137447 1.077241
-8.105298 2.550161
-8.024980 1.797409
-8.255322 2.365458
-7.775997 2.965911
-7.666141 2.762892
-9.621649 4.392370
-7.754006 1.974093
-9.084590 -13.456710
-6.906603 -12.408318
-7.019414 -15.953173
-8.539210 3.477088
-8.486101 0.235844
-7.328524 0.920051
6.393395 -17.227652
-7.846914 3.515191
-8.838888 -1.553463
-4.797106 -2.562283
-7.603770 -9.689973
6.842021 -17.290300
-8.075933 1.621817
-8.875212 -4.021579
-8.442106 3.779656
-9.582770 2.401253
-9.480964 3.186739
-4.493400 -3.140731
-9.621004 2.550130
-8.700878 2.957423
-9.104452 3.217120
-7.430755 2.939304
-4.472759 -2.222128
-2.790138 -5.187213
-9.689337 3.219806
-0.746417 -8.445071
-8.371196 1.940290
-8.880134 3.823848
-7.676864 -8.419800
-8.139929 2.593660
-8.485956 1.266993
-9.320728 3.512310
-8.836311 2.467695
-8.630445 -13.677389
-8.022374 2.366929
-8.821075 3.747756
-7.944287 1.919921
-8.692428 2.458832
-7.913065 -5.178781
-8.522378 -8.126901
-9.707283 2.743430
-8.082156 1.061489
-8.137022 -5.895223
-8.083237 3.984014
-7.737403 -0.076917
-7.798767 -2.510538
-8.603170 2.424413
-9.431559 2.541116
-7.520026 2.398774
-8.724801 3.000538
-9.033551 3.359440
-8.808119 2.887014
-8.566696 2.199844
-8.514656 4.002125
-3.350782 -5.007779
-7.870827 3.488931
-8.068837 1.969978
-8.868130 3.017218
-4.608212 -3.693192
-8.432673 3.099104
-8.360785 3.962990
-6.919499 -1.380442
-8.724401 3.183210
-9.285684 -9.512617
-7.958361 3.760532
-8.581233 4.062705
-8.838170 2.541634
-8.693766 2.098532
-8.810762 2.752160
-9.226813 2.107536
-7.953001 3.806700
-8.640944 1.414652
-8.230426 1.129394
-8.782428 3.012936
-8.186245 0.924334
-8.204172 0.957065
-8.333662 -10.603668
-7.748302 -3.995518
-9.021040 3.362581
-7.593575 0.768498
-8.017544 1.418633
-2.812995 -5.081810
-8.937861 2.240625
-8.371536 4.014103
-8.948535 2.887503
-8.535598 -1.896020
-7.891960 2.225720
-9.786718 4.042648
-7.850102 0.879723
-8.733932 2.941363
-7.755330 2.707780
-8.978462 2.053442
-9.556034 2.921439
-8.438220 3.961829
-9.377170 2.630792
-7.820460 1.944679
-9.318722 2.212884
-9.151415 -7.537385
-8.089492 1.666228
-8.645247 2.791296
-10.341228 3.651009
-9.018716 3.953413
-7.786858 2.878311
-8.418100 2.434842
-8.052353 1.890683
-9.673574 2.936299
-6.875076 -5.999239
-1.596792 -7.440784
-9.950263 3.542619
-7.615876 2.536707
-8.755874 1.573046
-7.889048 -3.361418
-7.640016 1.310980
-8.069568 1.799539
-9.612449 3.469912
-7.907904 3.410844
-8.335828 2.113876
-7.402671 -6.191794
-8.065862 3.643683
-8.374578 1.363937
-8.502638 3.855181
-7.954212 3.481087
-7.825896 -2.839901
-9.064087 3.053492
-8.403543 2.597542
-9.107508 3.251601
6.394086 -17.422052
-8.022542 -10.459797
-7.691124 1.178048
-8.403025 2.721712
-8.931840 3.120296
-8.572277 -6.391118
-8.603792 3.077059
-8.440886 2.130536
-9.698794 3.334559
-8.311410 2.537400
-8.101079 2.960608
-8.965783 3.073946
-9.146701 3.264140
-8.570070 3.942969
-7.013122 2.394285
-7.716170 -7.457875
-9.529215 3.279793
-8.701629 3.884332
-7.916014 0.562655
-9.009523 2.830835
-9.449960 4.258999
-7.828340 -0.522670
-8.396648 3.792025
-8.934534 -3.351361
-8.842892 3.387058
-4.955979 -2.165389
-7.933916 2.201448
-9.315905 3.160034
-9.210993 2.608288
-8.161328 2.860927
-9.366827 2.379342
-8.557652 2.550809
-8.888565 2.916009
-9.348989 3.261737
-7.943241 0.189437
5.587421 -16.068363
-9.087898 1.711240
-8.518291 1.505057
-9.552258 3.285320
-8.959970 2.352377
-8.329639 1.327629
-7.932876 3.284719
-8.952161 2.271716
-8.450696 2.876958
-9.655214 3.357776
-8.022347 1.098879
-9.387592 3.293072
-9.630753 3.157363
-8.096352 -4.601332
-7.437900 -6.374293
-2.563231 -5.871031
-8.293074 2.959521
-8.069867 4.393075
-8.780320 3.332346
-7.925665 2.276762
-9.622787 2.338900
-9.042369 2.686110
-3.983690 -3.967479
-8.730963 3.043389
-7.919367 1.368044
-7.302871 3.339728
-7.912439 4.131985
-7.692251 -9.540700
-8.098413 3.387608
-9.284904 3.444282
-8.086662 -12.618914
-7.566792 0.554391
0.462712 -9.647411
-8.321846 3.591966
-8.760152 2.171934
-9.486214 3.386743
-9.158563 3.068976
3.780159 -13.928508
-1.182542 -7.483679
-8.230846 3.655154
-8.506677 -8.058320
-8.579463 2.314101
-8.627702 2.782646
-3.969737 -3.347619
6.434746 -17.353868
-7.655829 1.250903
-8.763132 2.797497
-9.755840 2.900318
-7.350593 -7.466286
-4.326899 -2.944121
-8.833133 2.155198
-8.544062 -1.752334
-8.793640 1.175119
-8.658051 2.278382
-11.014784 4.213598
-8.701287 3.569851
-7.983876 3.707335
-8.061663 3.097152
-9.475963 2.851899
-9.248087 2.776884
-7.659365 1.086105
-8.958961 4.356651
-7.782148 -9.631142
-9.277925 3.391482
-8.866661 3.081518
-8.401792 1.564374
-8.348157 -1.710419
-8.779682 3.910026
-7.646353 0.978999
-0.868175 -7.651050
-8.811532 1.774565
-2.712577 -5.806788
-8.394728 1.308025
-9.465653 3.408096
-9.356133 3.057095
-4.337418 -3.508223
6.309715 -17.320915
-8.855637 3.184745
-8.973594 2.910473
-8.285727 2.534278
-8.551513 1.555392
-7.029788 0.030052
-8.761897 2.537211
-8.102161 0.040929
-7.926341 3.812617
-9.102479 1.735998
-8.821962 1.379905
-8.220538 3.826300
-8.740102 2.811853
-7.966940 1.542507
-9.043931 2.646094
-8.325029 3.799084
-11.542754 3.711034
-8.604506 2.971248
-8.597043 2.777393
-8.147651 1.307624
-8.378886 3.045876
-8.140898 2.677467
-10.204746 3.567279
-8.390689 3.907727
-4.908584 -1.569423
-8.993253 3.154923
-9.036379 -4.838161
-7.663836 2.938514
-8.704990 3.139835
-8.273671 2.434354
-8.111796 0.999729
-9.150126 2.754471
-9.503983 4.920969
-9.736688 3.341385
-8.009370 3.017525
-9.286745 2.565880
-8.865456 1.789379
-8.836069 2.912022
-8.684705 2.438519
-7.862541 1.716438
-8.204720 1.750401
-8.483824 2.544704
-7.950267 3.466325
-9.051151 3.218988
-8.794391 3.413071
-7.721302 1.427929
-8.792049 3.602625
-8.673578 2.550757
-7.634573 0.737558
-8.210506 2.508798
6.778404 -17.534885
-8.544330 3.586185
-7.904035 3.186859
-9.336813 3.409258
-8.941379 1.884961
-8.452081 3.204190
-9.197464 2.711093
-7.630025 2.483587
-8.720374 1.424469
-8.044796 0.908648
-8.107422 2.650907
-7.209767 -9.602063
-9.759013 2.685928
-7.681696 -6.334767
-6.978798 -12.410439
-8.319573 3.616176
-8.452909 2.748115
-9.473386 3.425469
-8.411343 3.417914
-4.803979 -2.821937
-4.614502 -2.551906
-9.642879 3.138562
-8.553199 1.480382
-3.205178 -4.649187
-4.465116 -3.770734
-8.188156 1.487586
-7.605618 0.979477
-7.678609 1.452692
-8.019061 1.184341
-8.099166 0.383137
-7.930645 1.528909
-7.979373 2.567642
-9.413230 2.077824
-8.473720 1.084287
-3.078998 -5.402246
-8.130797 0.910587
-8.143531 1.412610
-8.668785 -2.390318
-8.748927 1.452475
-3.297782 -5.067157
-9.570184 3.877931
-2.940165 -5.978599
-8.526878 3.748741
-8.092079 3.082258
3.431055 -14.505410
-8.825849 3.032142
-8.634344 2.861516
-8.982226 -5.022551
-4.698032 -2.564215
-7.634407 1.517693
-9.128326 3.181600
-7.635973 1.250623
-8.234429 2.039756
-7.713873 2.975227
-7.922126 1.338071
-7.750141 1.010851
-7.525203 0.423039
-8.981443 1.389392
-8.451467 3.962270
-9.000370 1.538748
-8.264727 3.254763
-8.445648 2.344858
-8.133281 1.743952
-9.320486 2.271883
-9.452757 3.224014
-7.402567 0.090051
-9.550807 -10.788198
-7.985141 -6.520369
-7.414509 -8.588200
-8.483088 1.188061
-8.802069 3.941356
-8.716799 2.787049
-8.585612 1.980489
-9.270888 3.025565
-8.646879 3.446667
-9.573900 2.358439
-4.133076 -3.664583
-8.804855 3.911309
-9.426085 3.451144
-8.616096 2.848338
-8.688120 3.943415
-8.408165 1.171066
-8.879032 1.749900
-8.316668 4.357144
-8.754831 4.300695
-1.697527 -7.574390
-9.737759 3.409435
-7.576814 3.134668
-7.795239 0.972589
-8.829538 3.092197
-8.156904 -2.602043
-8.788818 3.152386
3.145708 -23.455902
3.172762 -15.523453
-8.171737 -3.885566
-2.223467 -6.134230
-8.370951 1.433285
-7.242413 -14.915251
-7.559063 2.873950
-8.581821 4.095402
-7.813143 -0.103385
-8.494740 2.142107
-7.399039 -6.625686
-9.837105 2.190786
-7.930382 1.145641
-8.242701 0.917385
-10.203373 3.517864
-7.668352 2.309176
-8.902431 2.804197
-9.081370 2.577291
-7.751118 0.093765
-8.006417 -3.537227
-7.950860 0.389596
-8.180562 0.182451
-9.460085 2.045058
-8.451966 4.257750
-8.932904 2.952852
-8.573072 -4.631247
-8.088200 -2.607220
-7.878696 0.919560
-8.278433 1.522263
-8.356127 1.096535
-7.770207 -9.605142
-9.350291 3.211758
-7.408806 -5.406651
-9.645596 3.423321
-9.122513 2.373239
-8.336109 -5.126262
-7.834727 -9.037882
-8.738785 3.497796
-9.477297 3.420655
-7.697446 0.969734
-9.006201 3.202928
1.041667 -11.449605
6.550682 -17.404646
-7.919759 2.052051
-9.214061 4.483473
-7.715789 2.360183
-0.662881 -8.408175
-8.648365 4.266882
-8.654284 2.200386
-9.078228 3.026688
-9.417272 2.540069
-7.618582 1.056085
-7.734709 2.868153
1.702271 -11.480494
-8.660217 2.240710
-8.884701 2.615411
-8.821051 2.737030
-8.247754 -5.445738
-0.806576 -8.607901
-9.180806 3.113194
-7.959910 1.061667
-8.058744 -2.784643
6.625189 -16.825850
-9.323396 2.713247
-8.497714 3.790395
-8.320247 2.665213
-9.390571 2.080386
-8.834947 4.034558
-8.831205 2.678638
-8.020342 0.871540
-8.380312 -4.799993
-7.764599 0.865607
-9.634677 3.375680
-8.440848 -6.845837
-0.259068 -8.741569
-8.365994 -4.831651
-8.399788 1.138630
-10.382298 4.034134
-9.501026 2.096925
-7.448272 -6.171832
-9.020707 3.094600
-8.457367 1.556936
-8.083399 4.122376
-7.699470 1.400815
-9.001670 -1.094691
-8.813830 1.401297
-8.247769 -5.025097
-8.934552 3.213090
-10.123813 3.805180
-8.002492 1.010233
-8.664275 1.764637
-3.701711 -3.657171
-10.178829 5.663072
-8.514406 1.809501
-8.225913 4.014840
-8.904187 3.122997
-8.411844 2.932933
-8.267154 2.623774
-9.760281 3.274379
-9.385217 3.418920
-8.471568 1.233452
-4.966831 -2.149211
-8.606037 2.340877
-7.668821 2.304047
-8.735818 3.915527
-8.445086 -4.510516
-8.403488 3.143221
-8.092470 3.985086
-9.000791 1.624396
-8.330339 -5.317769
-4.471745 -2.793805
-2.890733 -5.084654
-5.119340 -2.376846
-9.637890 1.945075
-8.506823 2.544821
-8.860841 2.284277
-9.001374 2.304769
-9.723340 3.323709
-7.754119 2.461606
-4.263990 -3.498695
-10.330825 3.273791
-9.058443 2.783548
-8.453175 1.976373
-8.399879 1.624692
-8.888033 3.167549
-7.496189 -6.928038
-9.674110 3.178926
-8.437925 -4.747620
-8.517721 -4.645139
-10.039662 1.030449
-8.100671 -6.012665
-8.854265 3.254754
-8.794478 1.347658
-9.030710 2.827963
-9.260781 3.340542
-9.554835 2.829291
-7.642731 1.714582
-7.746294 0.761555
-7.947641 3.063917
-8.217736 1.100971
-8.713505 2.177468
-8.517314 1.309573
-8.145057 -5.642412
-8.474289 3.623139
-8.616033 3.242630
-8.263791 -5.599767
-5.198135 -2.779914
-8.783184 -1.883058
-8.511011 1.751920
-8.662571 1.244888
-8.095670 0.553903
-7.731256 2.414993
-8.064432 2.795948
-3.673818 -3.893305
-8.799848 -7.127720
-9.506468 2.650331
-7.737800 0.890926
-8.476727 1.101616
-9.877481 3.840645
-2.562656 -5.593056
-8.088608 3.988871
-8.188731 -5.863495
-6.165757 -17.567547
-8.037366 0.110192
-9.534158 3.387518
-8.994927 3.347164
-8.255648 3.341548
-8.275931 -4.528298
-8.398211 0.158270
-0.345412 -8.727430
-7.484589 3.357828
-8.528963 2.011812
-8.862190 4.359912
-8.069899 0.833218
-3.299947 -4.025589
-8.603995 2.327628
-8.822656 4.091688
-9.067357 3.515803
-7.168007 1.100104
-8.464518 2.318233
-7.933233 3.302491
-8.410820 3.351211
-8.443344 -4.057194
-8.907273 3.264425
-8.826587 3.221887
-8.122666 3.822083
-7.651597 1.176570
-5.982018 -0.530849
-8.415429 2.965829
-9.363825 2.986950
-7.834580 -3.603382
-9.321178 2.867137
-8.988056 3.328662
-8.567861 3.413481
-9.049877 2.986113
-7.943585 -2.091823
-8.366961 3.717283
-8.355456 -5.746011
-8.207011 0.944974
-8.185152 -5.153924
-8.431376 -4.301842
-8.344227 -5.854924
-8.923990 3.248842
-8.722596 3.301412
-9.711533 2.744937
-9.309834 1.965308
-8.449516 2.656960
-7.646175 -7.834942
-9.555711 3.049109
-8.841475 3.063779
-8.793357 1.808291
-8.198526 -6.017427
-1.180858 -7.248734
-7.935216 2.023370
-8.245408 -5.505215
-8.313106 -4.496229
-8.352841 -4.282348
-7.877503 1.652170
-8.816129 1.611396
-7.685627 -7.088302
-8.713224 1.898617
-8.788901 2.478666
-7.821444 0.975374
-8.579508 3.922697
-8.574831 3.996281
-8.867641 2.336564
-5.022082 -2.405849
-7.578239 3.212721
-9.710876 2.781302
-9.794836 -10.298393
-8.551762 1.638444
-8.500762 -3.820463
-7.676152 1.527500
-8.690841 2.629590
-8.560934 3.052591
-9.656018 3.389697
-8.253143 1.850238
-8.028111 1.567075
-8.702539 2.765347
-9.094060 3.504796
-9.344399 3.400009
-8.111476 -5.097023
-8.019096 1.861903
-6.966154 -1.104923
-7.427652 0.495367
-7.880225 0.842682
-9.168900 2.156051
-8.694783 4.014946
-3.100204 -5.046221
-8.049092 2.340587
4.513980 -15.905069
-9.367106 3.649724
-8.144983 4.004344
-8.625504 -0.672283
-8.760508 1.794323
-7.966862 3.272696
-8.101189 1.878993
-8.184102 4.118776
-9.933237 4.354100
-1.717713 -7.485567
-8.353322 -5.890520
-8.106766 0.776298
-8.686918 2.165517
-7.332102 0.530527
-7.930921 3.950879
-8.353406 -4.421392
-8.302649 1.450807
-3.129065 -4.827542
-8.497192 3.818189
-2.636519 -15.520501
-7.955152 1.872334
-8.427387 3.320832
-9.421355 3.655494
-13.923712 14.504334
-8.921527 2.020853
-8.699082 3.279975
-6.429916 0.883200
-8.759127 1.494014
-9.872239 2.920568
-8.971368 1.684497
-7.337256 -4.014840
-0.561010 -8.676171
-7.829433 1.122626
-8.368964 2.119681
-8.352461 -4.075014
-7.908507 -3.487214
-9.011900 3.517637
-8.159514 3.095467
-1.006356 -8.531455
-8.892637 3.256931
-10.054770 2.686375
-8.032952 0.901977
-8.402002 -4.479307
-8.881791 3.407369
-9.442828 2.069407
-8.222240 -5.678503
-10.028388 4.009307
-7.869613 1.177547
-8.591180 2.662334
-7.724473 1.901973
-4.246459 -3.159261
-6.051482 -0.810971
-7.418094 0.783813
-8.925198 2.797637
-8.971442 -4.217736
-7.542118 1.037932
-7.705030 2.165246
-9.250055 3.380557
-8.287981 -4.768984
-8.341712 -4.208102
-8.065567 0.748969
-8.822198 1.770787
-7.862974 0.738093
-8.042568 1.375570
6.693678 -17.672049
-8.228734 -5.880749
-8.819137 3.444915
-8.730180 3.115942
-8.518003 1.191545
-8.478976 2.766693
-4.015336 -3.182729
-9.241451 2.692048
-10.168119 3.357298
-8.007298 3.448069
-9.795045 2.954386
-0.203909 -9.128506
-8.121480 2.861563
-7.960850 1.523588
-9.198293 3.412416
-8.494058 3.434442
-2.898780 -6.034073
-8.509737 2.912682
-9.400312 -11.098161
-8.309299 -5.005906
-9.012259 3.516340
6.010923 -17.086473
-7.673340 1.168847
-9.742095 1.813704
-4.836936 -2.004796
-8.429298 -5.308904
-8.409280 -5.021038
-8.156266 2.055510
-8.870424 1.945436
-8.822419 2.384770
-9.528444 3.674544
-3.363419 -4.287929
-9.741484 3.095709
-9.198989 4.192892
-8.926915 3.408998
-8.783915 2.088406
-7.919444 -3.019837
-8.455881 3.153986
-9.301034 4.383349
-8.358514 2.606041
-8.876910 3.707511
-7.886988 2.689658
-7.434512 -6.933137
-7.746272 2.982941
-9.332604 3.389185
-7.625245 1.446222
-8.103459 -6.333178
-8.190482 1.260411
-8.067888 3.855745
-8.177898 4.018730
-4.643756 -3.176827
-7.849369 3.223503
-7.720320 2.105628
-7.714735 2.154211
-9.616646 3.455477
-10.176932 3.173824
-8.192384 -5.587917
-7.415625 0.252290
-5.948395 -2.897643
-10.340055 5.457998
-8.822800 1.870880
-8.593295 3.641535
-7.619736 2.122523
-8.560695 4.284103
-7.795205 1.327926
-5.337458 -1.988528
-9.548725 2.755503
-9.139837 1.679242
-0.333820 -8.993041
-7.780128 0.609846
-8.225916 -5.368027
-0.517519 -7.935106
-8.283105 2.777284
-8.276175 -3.319746
-7.277708 2.389542
-8.122490 -5.894834
-7.913901 0.887970
-7.938591 0.858523
-9.237174 1.634567
-9.692641 3.170089
-8.257707 1.800180
-8.732644 1.571688
-8.978292 -5.337092
-8.463456 -3.574049
-8.081317 -5.240252
-1.203338 -7.740827
-9.000923 3.342213
-8.183848 -5.919734
-9.437137 2.718855
-1.760144 -6.126786
-9.663033 3.294272
-7.726583 2.133279
-7.133400 -16.614111
-8.640380 1.623362
-8.890992 3.407299
-8.837742 2.759491
-1.910095 -20.212084
-7.349786 1.277857
-8.326380 4.050683
-8.552618 3.307278
-8.955867 3.679528
-7.985978 -5.834586
-8.477323 1.443843
-8.951919 3.255822
-8.276449 -4.049281
-9.695460 3.512177
-8.207077 1.110005
-8.714960 3.498015
-7.741540 2.559311
-8.767631 4.083043
-9.494573 3.510486
-8.237767 -8.364104
-8.859750 -0.619630
-9.383367 2.533444
-6.948849 -0.847099
-8.230227 -9.112766
-8.137813 1.909536
-8.575469 -3.621855
-8.075776 -6.320478
-7.537082 1.821581
-8.808838 3.309724
-8.415379 2.293447
-8.382035 3.683040
-2.818963 -6.614999
-8.541814 0.996846
-8.921938 3.457238
-8.166159 -11.531024
-4.134655 -4.746417
-8.046404 3.148511
-7.927877 -6.425112
-8.991359 2.314119
-10.395847 3.421339
-7.318968 -9.620680
-7.364349 -7.584380
-8.367755 -3.795988
-8.023748 -6.208398
-9.807718 4.448315
-8.848243 -10.952139
-8.262817 2.962566
-9.114038 3.067485
-8.146027 3.178925
-7.294408 2.064591
-10.385218 3.999775
-8.625792 4.174265
-8.274576 -5.136209
-7.338572 0.365693
-8.860563 2.529551
-8.610727 -6.588854
-7.909659 -8.775525
-4.969574 0.734548
-9.091268 -5.305783
-8.615236 2.320715
-8.493658 1.541148
-7.468766 -7.891905
-9.604615 2.196568
-8.395574 4.268726
6.021222 -17.618353
-8.873143 3.431447
-10.195083 3.589731
-8.150709 -3.142625
-8.769118 4.212044
-8.414240 -4.898605
-8.903060 3.424534
-7.871172 0.801010
-7.750115 1.948323
-8.897281 3.470341
-9.362683 3.224359
-8.418880 -3.557584
-8.869950 3.888364
-8.583713 3.132454
-7.784513 1.704741
-8.896219 3.772170
-7.742869 1.678300
-7.589740 -11.095105
-4.756529 -2.469265
-8.650895 3.020402
-8.385288 4.092556
-7.336128 3.433091
-7.839338 1.577941
-8.029900 1.954298
-7.827676 -12.650690
-9.257010 2.568878
-9.683441 2.848190
-8.391159 -8.294424
-7.951279 -7.419859
-8.492892 -3.374817
-8.493285 -3.804529
-8.277767 2.772907
-8.456971 -3.648078
-8.250297 -6.022552
-8.362228 1.589637
-8.468877 -5.458127
-8.599127 3.749350
-8.424220 -5.755099
-9.707856 3.094351
-8.292303 -4.850806
-8.665361 1.395057
-7.403178 3.058869
-7.577250 -9.888764
-8.739068 3.406369
-8.188789 2.057679
-8.059851 -5.598256
-8.666723 2.407209
-9.111210 2.752725
-8.734033 2.160633
-8.536842 3.319142
-8.682055 2.894089
-7.724301 -0.331710
-7.673026 2.189832
-8.455376 4.114619
-8.285974 1.451661
-6.554178 -11.539958
-7.620646 3.198306
-8.196792 4.995675
3.454337 -17.311657
-8.843104 2.125201
-9.115846 2.888191
-8.776224 3.352073
-7.254807 2.754823
-7.349032 -9.922400
-7.833812 2.173237
-7.901764 0.608797
-7.983066 -5.589391
-8.912273 1.357871
-8.734628 -2.787434
-8.827639 2.342706
-8.982810 2.156200
-8.082340 2.163884
-8.871666 -2.110114
-9.503770 0.648151
-8.939888 3.520930
-8.580953 2.925296
-8.055841 -5.446259
-3.719090 -4.687730
-7.985554 0.724291
-8.991593 3.058918
-3.455136 -3.966782
-9.706397 3.000907
-8.141269 -6.368497
-7.867193 -0.109216
-10.039219 2.468430
-10.322104 3.976509
-8.490380 -5.759943
-9.610769 4.605003
-8.017670 -1.856746
-8.633827 2.104875
-8.519514 -3.804105
-8.147594 -6.191049
-7.511240 1.811103
-8.543486 2.831638
-8.126318 -6.460281
-9.580946 2.476964
-9.079919 3.389275
-8.535140 1.052378
-3.145842 -5.489829
-7.926974 -6.299500
-7.779562 1.091280
-8.120394 1.200397
-8.428361 -4.648081
-7.733102 1.148474
-2.688753 -19.451401
-8.599554 -3.649535
-7.706776 2.748379
-7.541252 -0.629337
-9.753333 3.378068
-7.828098 -8.149381
-7.843901 1.534598
-9.008784 3.473705
-10.113315 4.090281
-8.757179 2.946509
-10.045397 3.880343
-8.722462 3.231216
-9.679469 4.682023
-8.286777 -1.220934
-2.988472 -5.455784
-8.299060 -8.268540
3.416035 -13.959842
-9.466886 3.416167
-8.380107 3.297125
-9.395526 3.518139
-9.588945 3.472703
-8.149676 -5.384630
-8.225601 -11.358189
-9.289580 29.186188
-9.116855 3.667583
-7.997194 -5.219306
-8.704712 1.207525
-8.542580 3.321412
-8.196764 2.670712
-0.757072 -8.365575
-8.023459 3.528476
-9.688596 2.550858
-8.587299 1.173619
-9.747578 2.447389
-8.993185 2.544278
-9.650042 2.955234
-8.941863 1.712161
-7.734292 0.889723
-7.345728 1.156226
-7.978567 1.173107
-8.601974 2.947440
-8.717281 -4.918713
-7.570191 0.941459
-7.602264 0.429132
-8.443946 2.698562
-7.274219 -7.357190
-9.574137 3.123679
-7.709684 3.022510
-9.012644 4.393930
-9.187943 1.457057
-8.424538 1.449327
-7.568557 0.780157
-9.066111 4.830235
-7.598315 0.963427
-8.999040 -3.556031
-9.272028 1.106405
-9.043914 0.587933
-9.184394 3.149657
-10.238722 2.966722
-8.363553 1.496993
-7.672140 2.036165
-8.844270 2.631380
-8.970413 2.062252
-8.809951 2.410830
-8.379086 3.497195
-8.345362 -5.578327
-9.187786 3.287227
-7.939047 1.889745
-9.181735 3.428504
-8.133813 1.234310
-8.005119 -13.165385
-8.739832 -5.039829
-8.966928 3.823151
-8.192379 0.327750
-8.269320 4.080302
-8.298656 -10.943921
-8.101634 -5.495022
-8.892447 3.532342
-8.739855 4.091293
4.362495 -14.581203
-8.184981 3.147039
-0.554860 -8.850475
-8.828691 3.669362
-8.119699 3.550322
-8.064738 3.680361
-8.632915 3.737736
-8.892612 3.293674
-7.633821 2.148968
-1.022920 -8.335226
-9.129434 3.585552
-7.848187 2.921256
-8.649534 0.850729
-6.715706 -1.165283
-7.668565 3.256588
-8.775672 4.153587
-9.149661 2.624172
-8.040867 1.830626
-9.673142 3.072364
-7.635423 -0.640011
-8.688197 -5.275411
-6.729440 -4.877593
-8.640928 1.356251
-8.040854 2.453224
-8.923260 3.857409
-7.695895 0.660045
-8.057102 -5.853245
-8.989303 1.695095
-8.555537 3.276805
-8.078602 -7.678892
-8.429298 1.060245
-7.806843 3.129988
-7.731371 2.502321
-7.831645 -16.046221
-7.701672 3.093903
-8.318064 2.535153
-6.713053 -1.535345
-3.178690 -4.458287
-9.419661 3.716555
-7.915166 3.226833
-8.204198 -7.072858
-8.888571 3.488596
-9.920345 3.087663
-9.708832 4.108862
-8.487043 -0.176201
-8.058250 1.110708
-8.479785 2.569643
-8.234139 1.083796
-7.548197 1.287528
-8.982441 2.998578
-7.757216 0.607738
-6.224509 -17.074543
-8.084000 0.814207
-7.754119 1.440341
-8.711265 -0.576198
-10.019525 4.213035
-8.172735 -4.233893
-9.050157 3.494485
-10.212525 4.407433
-8.236959 -7.712164
-8.809335 3.074427
-7.666462 -5.928883
-8.305533 0.745788
-7.606650 2.536863
-7.912241 2.226183
-8.381323 2.573680
-8.517892 -8.272015
-8.971997 1.552615
-8.245458 3.969476
-8.064977 -6.540722
-9.214448 1.681225
-8.486439 1.605829
-7.767983 2.714221
-7.602658 0.798420
-9.120873 -13.999753
-7.746451 1.684377
-7.720289 2.015718
-8.448836 -1.624785
-7.847703 -6.135029
-8.846244 3.520670
-7.702998 2.122971
-9.428294 3.297246
-3.761791 -17.497620
-8.598384 2.913509
-8.169600 -4.068429
-8.399683 -0.088795
-8.014726 -5.217989
-7.340639 0.194441
-9.072888 5.179882
-8.048987 1.693317
-9.259439 3.817556
-7.648437 1.234478
-8.503901 -3.749897
-9.292643 3.690988
-7.889426 -0.499693
-10.246451 4.390962
-1.989965 -6.090128
-9.079612 -11.216230
-7.966053 -6.259874
-7.642548 -5.892614
-7.345322 3.494733
-8.445830 3.742877
-8.617005 -5.123125
-8.395152 -3.315592
-7.856502 -13.772153
-9.146673 3.355505
-7.954472 1.181748
-8.244654 -7.580028
-5.247399 -2.306445
-8.337350 -4.507148
-9.088561 2.521986
-8.370172 3.394349
-7.978043 -5.001924
-7.875352 -9.026564
-8.820575 2.397681
-8.869062 3.709811
-10.290198 4.348372
-8.276365 -2.854698
-7.752234 0.150388
-7.193155 5.359888
-5.026851 -1.797535
-8.928643 -4.466799
-8.293241 1.474625
-6.973790 -14.884799
-8.522890 -7.961541
-7.780900 2.001252
-7.206876 -14.208134
-3.093158 -4.290273
-7.494839 1.330591
-9.287779 3.582929
-8.290043 -4.913301
-7.450401 -5.676068
-8.521415 3.234993
-9.154611 3.600620
-7.836936 -5.551929
-10.334179 3.028540
-9.655299 0.266612
-5.209730 -2.204508
-7.057557 -5.805401
-9.836411 2.863702
-8.838695 1.123203
-7.969916 4.480373
-9.561600 3.711015
-9.331106 0.972536
-9.370782 1.882009
-7.787654 2.703979
-8.197572 0.815755
-8.261206 0.794011
-7.572325 2.626811
-8.397655 1.221689
-8.929440 -10.688677
-8.815196 3.772875
-9.756235 3.508347
-8.426886 3.365760
-8.593814 3.851376
-8.111584 2.264134
-9.667176 -9.408797
5.960542 -17.476173
-7.441026 0.307362
-8.022068 2.634429
-8.400873 3.263347
-7.780011 2.397944
-5.767726 -1.915726
-8.621849 -4.943074
-8.588158 1.387843
-8.173443 -6.688231
-9.619965 -4.628353
-9.550494 2.102864
-8.037074 2.378056
-8.120446 4.497896
-8.472991 -7.350608
-8.513941 2.158421
-8.328060 -3.580418
-8.236671 3.403749
-8.147478 -3.895672
-8.857632 2.614434
-9.661826 1.654509
-8.302435 1.219710
-7.845918 3.621741
-7.569329 -11.456755
-8.396976 -6.339164
-7.507761 0.836401
-8.772349 1.623987
-8.768616 3.278358
-0.300723 -8.119436
-8.804659 3.163303
-7.882572 1.993940
-3.365130 -3.562300
6.409575 -17.547237
-9.162635 2.349419
7.060443 -19.355587
-7.994348 4.009414
-1.489201 -7.883874
-8.520328 0.663293
4.562191 -15.929668
-7.558950 1.500108
-7.491337 -8.794543
-8.697686 -2.579901
-7.820376 -6.301699
7.027751 -17.501669
5.886080 -17.310055
-8.633663 1.867299
-1.058683 -7.310301
-9.022306 0.820365
-4.578186 -2.253243
-8.532848 1.387116
6.482705 -17.561695
-8.049992 -2.298267
-8.798830 -7.470497
-8.409092 2.293103
-9.601694 3.459142
-8.864635 0.548028
-7.499972 2.336515
-7.858346 0.582221
6.859831 -17.089159
-7.430245 -9.557722
-3.133048 -4.894759
-8.638796 3.794792
-9.467760 -3.835226
-8.500917 4.101874
-8.576376 1.377095
-7.469942 2.815367
-8.883410 1.653657
-9.135333 -5.168754
-9.388392 -4.495070
2.479117 -14.829432
-7.766724 0.988948
-8.297590 3.213693
-8.618245 2.018028
-7.100502 -0.384640
-7.852822 -9.655744
-7.060752 0.626631
-7.592786 1.069218
-7.588844 2.743939
1.792211 -11.435503
-7.870905 -4.055200
-8.207644 -0.039028
-9.139153 2.827851
-7.669395 2.818665
-8.734593 2.395818
-7.560447 -4.486278
-8.822473 -11.482077
-7.651682 1.607414
-8.134452 -4.709726
-8.016648 -2.595916
-3.310887 -4.910951
-8.698164 -7.197954
-9.081323 4.124341
-7.425613 1.041267
-8.495804 -1.361670
-7.847172 1.612289
-1.440042 -6.974783
-7.968412 4.097837
-10.366097 -0.148138
-8.002446 -7.995419
-9.203730 4.202268
-5.774764 -2.000048
-7.329211 3.349571
-7.438505 4.460087
-7.578534 2.141936
-8.360845 4.103506
-7.317474 2.659443
-7.725069 3.244026
4.239583 -13.006278
-7.928894 2.116639
3.158708 -13.682240
-7.723094 1.927250
-8.505372 -4.389296
-7.713888 2.995674
-9.453493 1.391515
-7.381399 1.183769
-8.090026 -6.337726
-10.325476 2.764313
-1.433038 -10.057215
-9.001061 -2.616406
-8.502210 3.572696
-2.541702 -5.241939
6.509838 -17.181833
-10.376951 2.681771
-7.965309 3.419541
-8.523316 3.805815
-7.879433 2.978843
-7.894696 4.039468
-8.578782 1.043195
-6.906080 -17.257698
-8.317207 4.181449
-8.672791 4.156494
-9.728758 3.384992
-9.986029 3.195224
-7.567869 1.677519
-7.755767 4.088371
-7.922103 -5.421844
-9.154366 2.047103
-8.187208 3.990603
-7.821890 -12.776695
-1.966184 -7.912351
-7.220233 -0.150125
-9.094686 3.131479
-3.396943 -5.234463
-4.563026 -3.510010
-9.757781 2.407283
-7.612309 2.030647
-9.088840 -7.714734
-9.773062 2.188192
-8.035466 2.204845
-8.941560 0.505230
-8.533942 -5.476967
-9.136080 3.257956
-9.950797 3.201538
-7.712122 3.301246
-8.357800 3.048680
-7.663701 1.893766
-0.427714 -9.167475
-9.594969 5.019207
-9.669046 4.390164
-7.692037 3.222600
-7.289619 -11.854841
-7.381201 1.311596
-8.735108 -0.392799
-0.160119 -10.368633
-10.059852 3.001967
-8.516400 4.380123
-10.340379 4.238728
-7.029657 1.522836
-9.208660 4.777259
-8.804528 2.104745
-7.110383 -16.971764
-8.954470 -3.665035
-7.425270 0.874161
4.940830 -14.777901
-8.539973 -0.223271
-10.128627 2.608983
-9.421917 1.750390
-7.212543 -7.794858
-7.771307 0.933021
-8.161353 2.578422
-7.938100 -3.165808
-7.671667 2.614772
-8.915914 1.766547
-7.310247 2.706257
-7.976933 -7.439098
-8.253248 -3.000984
-8.929091 1.503725
-3.447183 -3.901256
-8.818603 -10.668746
-7.379977 -1.616560
5.211356 -16.992142
-7.620023 1.756659
-8.944499 1.371225
-8.514656 2.431984
-8.770333 -9.095362
-7.331772 -4.153216
5.832500 -17.492216
-0.623865 -7.639809
-9.681106 2.820106
-9.462207 2.251131
-0.972953 -8.673686
-6.249450 -10.877648
-9.002352 0.803842
-9.958422 0.756625
-8.407052 4.358129
-5.998910 -17.297546
-7.202102 2.381259
-10.285653 4.388984
-1.424092 -6.700833
-3.324505 -3.753210
-7.836000 -5.411660
-7.284154 -15.210796
-7.753068 3.578898
-6.846756 -9.196356
-6.880940 2.175988
-8.418025 4.173640
-7.768947 2.310081
2.411791 -11.973267
-7.425969 1.142944
-7.816761 -2.819838
-2.606486 -7.268115
-9.388218 -2.116245
-5.806672 -17.801720
-8.822635 3.429765
-8.869083 -10.459775
-7.606556 3.581001
-7.388441 2.823790
-9.904624 1.423375
-0.654565 -9.070994
-12.519143 3.225813
-7.027926 -9.494387
-8.233754 0.297213
-8.046215 -7.833753
-7.340943 2.615223
-8.979815 3.478815
-7.605617 -5.572661
-9.788551 4.872480
3.337180 -24.487446
-7.381428 1.276403
-9.681349 2.047772
-7.212595 1.389109
-6.692655 -1.352273
-7.444674 1.163675
-7.836675 -3.077908
-7.036565 1.409116
6.335720 -18.303152
-8.244230 -11.223208
-9.478806 4.429393
-8.116325 0.475468
-7.671331 3.798426
-1.218113 -8.394704
-8.794899 4.297076
1.454648 -10.868842
-7.954128 -14.306839
-8.443937 4.422324
3.262063 -15.148390
-7.661435 2.519199
-8.973058 4.261805
-7.763095 3.431714
-10.253763 4.952185
-9.681548 3.996155
-9.039849 -5.228900
-7.778027 -3.141526
-7.196111 -8.863095
-8.250513 4.442851
-0.980551 -6.871453
-8.450864 -3.776057
-7.361968 1.415768
-10.641281 4.210615
-1.010583 -7.204590
-8.750442 -5.838971
-7.170066 3.004219
-7.383914 1.021402
-8.512490 1.499723
1.592896 -10.819848
-6.956200 -7.790295
3.232054 -15.800936
-1.467855 -6.151878
-6.614710 -9.727069
-3.960118 -1.813208
-6.837971 -0.472704
-3.788987 1.523864
1.741213 -11.822835
-4.526666 -3.657158
-8.419476 -7.783303
-7.631808 -0.359789
-3.281751 -6.530083
-10.562003 4.164084
-9.102006 1.796265
-10.867592 3.727464
-8.108017 -12.604192
-6.951100 3.204199
-6.600303 -0.614566
-7.330058 3.556742
-6.999680 -6.146950
-8.687165 -3.108875
-3.055785 -6.166745
-7.794314 2.514097
-4.222129 2.985418
-3.966788 -4.789721
-7.219589 0.954142
-1.384548 -15.885323
-10.680541 2.101025
4.687919 -17.258038
-9.714918 2.094972
1.505337 -17.675358
-4.967719 0.319049
-5.779291 -16.703968
5.832595 -17.282295
-7.137121 -12.311736
-8.401397 3.033318
-9.698702 2.853478
-7.830015 3.764822
-3.779535 -2.653814
-7.181189 3.826762
-11.516947 3.238459
-7.342055 4.272218
