-0.852516 -3.680480
-0.932720 -3.702956
-1.077801 -3.564021
-1.059958 -3.566929
-0.837841 -3.337515
-0.854313 -3.330342
-0.925004 -3.032851
-0.904344 -2.985687
-0.829077 -3.236317
-0.819245 -3.246441
-1.091045 -3.494269
-1.095979 -3.507484
-0.656088 -2.847911
-0.752689 -2.945858
-1.028312 -3.490858
-1.025146 -3.457828
-0.831086 -3.067375
-0.845726 -3.120883
-0.980185 -3.551490
-1.005321 -3.568577
-0.678636 -2.716875
-0.773005 -2.725197
-0.974549 -3.250425
-1.003093 -3.237120
-0.857511 -3.332950
-0.861121 -3.285916
-1.008464 -3.406531
-0.981324 -3.414626
-0.941917 -3.415789
-0.964048 -3.397293
-1.026318 -3.004087
-1.030525 -2.992988
-0.845118 -3.731323
-1.144572 -2.820352
-1.134774 -2.946695
-0.818145 -3.177284
-1.238744 -3.645043
-1.182493 -3.593840
-1.072390 -3.299549
-1.086429 -3.361290
-1.070468 -3.137055
-1.110574 -3.177018
-1.072393 -3.538471
-1.058073 -3.566997
-0.905981 -3.481026
-0.916938 -3.494447
-1.105998 -3.568282
-1.099712 -3.523248
-0.955210 -3.122757
-0.943992 -3.103075
-0.900785 -3.510063
-0.938652 -3.510541
-0.996505 -3.553049
-1.022514 -3.580900
-1.060730 -3.127005
-1.093505 -3.060952
-0.888135 -3.175654
-0.939524 -3.132853
-1.087808 -3.510114
-1.112893 -3.514637
-1.411353 -3.956664
-1.401403 -4.146620
-0.987867 -3.315827
-1.028592 -3.307934
-1.187342 -3.724687
-1.131305 -3.663169
-0.880493 -3.246257
-0.884852 -3.246509
-0.957933 -3.037489
-0.931956 -2.997136
-0.866154 -3.091280
-1.193664 -3.350614
-1.170527 -3.304640
-0.786169 -2.987098
-0.689229 -3.027985
-1.070994 -3.077562
-1.074880 -3.073575
-1.140888 -3.774755
-1.228369 -3.774334
-1.168319 -3.349844
-1.106911 -3.360573
-1.100047 -3.355697
-1.147719 -3.386367
-1.157601 -3.434663
-1.128749 -3.388526
-1.172424 -3.371126
-1.051435 -3.428211
-1.105020 -3.438906
-1.143114 -3.976460
-1.261000 -3.907465
-0.857635 -2.742565
-0.830385 -2.734066
-1.042923 -3.329284
-1.094720 -3.359411
-0.818400 -3.285951
-0.844522 -3.344501
-1.202785 -3.881390
-1.222355 -3.805562
-0.719398 -3.395084
-0.759121 -3.348767
-0.896787 -3.372000
-0.933426 -3.378000
-0.764204 -3.308838
-0.667799 -3.430219
-1.036526 -3.507380
-0.971718 -3.463236
-0.991080 -3.280153
-0.992401 -3.239354
-1.109508 -3.572534
-1.095114 -3.523329
-0.851824 -3.394260
-0.828306 -3.413765
-0.932945 -3.305124
-0.937265 -3.319109
-0.672527 -3.042328
-0.669093 -2.976690
-0.843969 -3.166053
-0.874431 -3.169001
-0.612020 -3.854128
-0.589798 -3.939636
-0.975227 -3.035328
-1.037024 -3.033448
-0.920951 -3.271233
-0.846139 -3.411099
-0.837076 -3.388848
-0.817226 -3.361744
-0.844903 -3.420163
-1.023949 -3.440765
-1.071281 -3.429145
-1.052393 -3.374582
-0.979658 -3.547841
-0.999065 -3.153126
-0.849904 -3.104959
-0.874516 -3.128874
-1.010084 -3.392053
-0.970140 -3.374964
-0.840289 -3.246081
-0.857821 -3.250075
-0.947198 -2.335404
-2.148856 -2.172531
-1.178302 -3.351856
-1.132468 -3.325486
-1.123604 -4.054970
-1.186842 -3.385063
-1.157189 -3.364151
-0.938169 -3.478377
-0.929459 -3.491771
-1.084255 -3.256432
-1.094358 -3.230541
-1.195705 -3.431784
-1.163567 -3.398993
-1.127461 -3.282744
-1.136497 -3.280288
-0.789823 -3.214336
-0.794438 -3.256993
-1.161043 -3.286967
-1.138194 -3.286540
-0.905586 -2.931473
-0.948402 -2.934597
-0.866002 -3.288405
-0.917263 -2.557833
-0.918436 -2.602717
-0.668060 -3.189637
-0.661799 -3.211731
-1.070919 -3.543613
-1.097025 -3.575943
-0.817569 -3.373882
-0.829131 -3.409618
-1.116469 -2.807777
-0.979061 -2.787386
-0.661660 -3.543533
-0.770934 -3.523179
-0.998434 -3.438649
-1.005815 -3.385077
-1.172287 -3.245132
-1.139123 -3.253595
-0.810867 -3.017469
-0.836036 -3.016258
-0.909998 -2.954815
-0.950984 -2.964847
-0.942107 -3.507025
-0.816784 -3.387174
-0.831422 -3.398340
-0.996848 -2.903007
-1.086782 -2.994598
-1.078699 -3.028858
-0.940351 -3.011094
-0.931041 -2.991454
-1.057825 -3.177590
-1.042746 -3.150447
-0.790044 -3.509148
-0.747872 -3.588113
-1.042553 -3.553515
-1.048371 -3.531308
-0.836727 -3.009745
-0.874273 -3.034678
-1.070240 -3.051770
-1.055793 -2.984199
-0.879883 -3.192680
-1.003012 -2.922696
-1.097109 -2.852023
-0.971819 -3.560975
-0.981745 -3.535533
-1.194849 -3.467748
-1.188289 -3.468912
-0.915719 -2.931670
-0.883564 -3.077988
-0.818848 -3.123965
-1.099609 -3.027137
-1.014820 -3.059542
-1.012249 -3.078341
-0.940693 -3.271423
-0.423045 -3.445763
0.072228 -3.535187
-0.978523 -2.943226
-0.990381 -2.968717
-0.904574 -3.296528
-0.955737 -3.327175
-1.191768 -3.440207
-1.147147 -3.446835
-0.883217 -3.150356
-0.938787 -3.487300
-0.891280 -3.510339
-0.837324 -3.026207
-0.978629 -3.347036
-0.983121 -3.303311
-0.885074 -3.331354
-1.237924 -3.965978
-1.030063 -3.171685
-1.025891 -3.176964
-0.677627 -2.931624
-0.960400 -3.085897
-0.959461 -3.102197
-1.008557 -3.063627
-0.986238 -3.121833
-1.087560 -3.507035
-1.050792 -3.457197
-0.920127 -3.367236
-0.925618 -3.438178
-1.110651 -3.207608
-1.043915 -3.247459
-1.126153 -3.242228
-1.090270 -3.340051
-0.929213 -3.393674
-0.897499 -3.367698
-0.921318 -3.340013
-1.065792 -2.604513
-1.032147 -2.631379
-1.159268 -3.499896
-1.185238 -3.464663
-0.822384 -3.027618
-1.037949 -2.908736
-1.014133 -2.972281
-0.836292 -3.438582
-0.849141 -3.424085
-0.972657 -3.875089
-1.102005 -3.791684
-1.165511 -4.047834
-1.233309 -3.978769
-1.112751 -3.076973
-1.077057 -3.122865
-1.136046 -3.379585
-0.834607 -3.211549
-0.919841 -2.930369
-0.913767 -2.973461
-0.964681 -3.485920
-1.029455 -3.478389
-1.264609 -2.990082
-1.192894 -3.034890
-1.027140 -3.004442
-0.970161 -3.012045
-0.973831 -3.863101
-1.176617 -3.237527
-0.934651 -3.248291
-0.913147 -3.255456
-1.204763 -4.220441
-0.907237 -2.587227
-0.823603 -2.639045
-0.937924 -3.193779
-0.907283 -3.185916
-1.011514 -3.294039
-0.984922 -3.319918
-0.877248 -3.429612
-1.069988 -3.036236
-1.052438 -3.016891
-1.380763 -3.518973
-1.384316 -3.562423
-1.058667 -3.571811
-1.091886 -3.556866
-1.000677 -3.185209
-1.021290 -3.176193
-1.050918 -3.404373
-1.075764 -3.399670
-1.091832 -3.042325
-0.978075 -3.242953
-1.145493 -3.509152
-1.126367 -4.423712
-1.387441 -4.373380
-1.036870 -3.438304
-1.157650 -3.334420
-1.119183 -3.345796
-1.006787 -3.542248
-1.040261 -3.573141
-1.034660 -3.519021
-0.993653 -3.524303
-0.943636 -3.022603
-0.893444 -3.040356
-0.827466 -3.872404
-0.874575 -3.864371
-1.289862 -3.334705
-1.294205 -3.414092
-1.125290 -3.320022
-1.157312 -3.285104
-1.071375 -3.512635
-1.049042 -3.453945
-0.945537 -3.517121
-0.914229 -3.564301
-0.570155 -2.614920
-0.663768 -2.439789
-0.893107 -3.586655
-1.153844 -3.393970
-1.163629 -3.421428
-0.853790 -3.005608
-0.832201 -3.016643
-1.110743 -3.060465
-0.866426 -3.052695
-0.880587 -3.227202
-0.861390 -3.246058
-0.969067 -2.901094
-1.001974 -2.908762
-0.910575 -2.939360
-0.891838 -2.926165
-1.090960 -3.242131
-1.059550 -3.220185
-0.951670 -3.454434
-0.944715 -3.090649
-0.962807 -3.115951
-0.950240 -3.883077
-0.881572 -3.202904
-0.871046 -3.177734
-0.872225 -3.800212
-1.079032 -3.809061
-1.107667 -3.157787
-1.098322 -3.143936
-0.938531 -3.476287
-1.275087 -3.571528
-1.056799 -3.611614
-0.942407 -2.740315
-0.927414 -3.537809
-1.041052 -3.434311
-0.875293 -3.020061
-0.834073 -3.044910
-1.185066 -3.467066
-0.923684 -3.526799
-0.706759 -3.534580
-0.832485 -3.302371
-0.851762 -3.322007
-1.302166 -3.380513
-1.415254 -3.415678
-0.791543 -3.606658
-0.667518 -3.859705
-0.825079 -3.406878
-1.110589 -3.610810
-1.085994 -3.655559
-1.080482 -3.037817
-1.015654 -3.485619
-0.964166 -3.483421
-1.087357 -3.525208
-0.763683 -3.385791
-0.899074 -3.194167
-0.889643 -3.385863
-0.960292 -3.424705
-1.008094 -3.046339
-0.977185 -3.262192
-1.135853 -3.136368
-1.411708 -3.446821
-1.114840 -3.491580
-0.862610 -3.900772
-0.963754 -3.829469
-1.241611 -2.855847
-0.911918 -3.323030
-0.961203 -3.334472
-0.857470 -3.028459
-1.082964 -3.959189
-0.873314 -3.286217
-0.847879 -3.305837
-1.115946 -3.608063
-1.004851 -2.909270
-0.972370 -2.921211
-0.963949 -3.407429
-0.946435 -3.381382
-0.933081 -3.207708
-0.952175 -3.258493
-1.066987 -3.623367
-0.860113 -3.225378
-1.188880 -3.199537
-1.180044 -3.994634
-1.258696 -3.920827
-1.061742 -3.637626
-0.695649 -3.573633
-0.694084 -3.453428
-0.896741 -3.086828
-0.938644 -3.080783
-0.971133 -3.069804
-1.108096 -2.630487
-1.056811 -2.600121
-0.684086 -3.372800
-0.760874 -3.362634
-0.923541 -3.288054
-0.928959 -3.341140
-0.823566 -3.066177
-0.832939 -3.057481
-1.111372 -3.563612
-1.058598 -3.529942
-1.128523 -3.272970
-1.027268 -3.324609
-1.035907 -3.334988
-0.816133 -3.206275
-0.836443 -3.162216
-1.118684 -3.400416
-1.048362 -3.428468
-0.993743 -2.909830
-1.014795 -2.950304
-0.954431 -2.967348
-1.008906 -3.585531
-1.039008 -3.564336
-1.033535 -3.190792
-0.920901 -2.951208
-0.929213 -2.967906
-1.157798 -3.156832
-1.036225 -3.503835
-0.861629 -3.364528
-0.830568 -3.422187
-1.104599 -3.626888
-1.049087 -3.656540
-1.087117 -3.347367
-1.064021 -3.344202
-0.667042 -3.283249
-0.967683 -3.008203
-0.874883 -3.129106
-0.952006 -3.543168
-0.882946 -3.546785
-0.865724 -3.572051
-1.109564 -3.336049
-0.907774 -3.567847
-1.107415 -3.999859
-1.058985 -3.927337
-1.185706 -3.548678
-1.005733 -3.599444
-0.865412 -3.171993
-1.187683 -3.466279
-1.141349 -3.476420
-0.890148 -2.995472
-0.945977 -3.456890
-0.893558 -3.472484
-1.152352 -3.234750
-1.156377 -3.269826
-0.969068 -3.651586
-0.894401 -3.231888
-0.954622 -3.019278
-1.407814 -4.521820
-1.184651 -3.395489
-0.888296 -3.500560
-0.689372 -2.685412
-0.890573 -3.180314
-0.942101 -3.168622
-0.911186 -3.726810
-1.083876 -3.452929
-1.186739 -3.201149
-1.103580 -3.033341
-1.070145 -3.414218
-1.092896 -3.421170
-1.131830 -3.523139
-0.562207 -3.207666
-0.839650 -2.999302
-2.467344 -5.775023
-0.821239 -3.138711
-1.009799 -3.386497
-1.111033 -3.012280
-1.092065 -2.990662
-1.060807 -4.056163
-1.223163 -4.232109
-1.127230 -3.542280
-1.145011 -3.582332
-1.053628 -3.089476
-1.093953 -3.088348
-0.856351 -3.322176
-0.978951 -3.335175
-1.016894 -3.335771
-0.998409 -3.659364
-1.074951 -3.661236
-1.094423 -3.569572
-1.110505 -3.561078
-0.818607 -3.364390
-1.081447 -3.622354
-1.019269 -3.154688
-1.013970 -3.237138
-0.956522 -3.588038
-0.933342 -3.543152
-1.193654 -3.048955
-1.181646 -3.119418
-0.671310 -3.228676
-1.173278 -3.529797
-1.194759 -3.544725
-0.987694 -2.745023
-1.101056 -2.723954
-0.900762 -3.088352
-0.965433 -3.566866
-0.978503 -3.649774
-0.987542 -3.645864
-1.136105 -3.316647
-1.151375 -3.329272
-1.090278 -3.954195
-1.078237 -3.989722
-0.899970 -3.379093
-0.914853 -2.949127
-0.903911 -3.847953
-0.909724 -3.902849
-1.178547 -3.643856
-1.134395 -3.171885
-1.046436 -3.203609
-0.996596 -3.480480
-0.849878 -3.044166
-0.877093 -3.371911
-0.972874 -2.969646
-1.020914 -2.936108
-1.112963 -3.282829
-1.183112 -3.444108
-1.124221 -3.515031
-0.943797 -2.946976
-0.867783 -3.280581
-1.064943 -3.137688
-1.104970 -3.572984
-1.023579 -3.189816
-0.974174 -3.169120
-0.932049 -3.884217
-1.195828 -3.294854
-1.151070 -3.291083
-0.820466 -3.245656
-1.059571 -3.489031
-0.968646 -3.396447
-1.039400 -3.548776
-1.030714 -3.575404
-1.174076 -3.363506
-1.158316 -3.378491
-1.129413 -3.513540
-1.142092 -3.444680
-1.170761 -3.591824
-0.953165 -3.544425
-0.930158 -3.514232
-0.891382 -3.514584
-0.914105 -3.588922
-0.954261 -3.628935
-0.843785 -3.639227
-0.966393 -3.608037
-0.975232 -3.656942
-0.898518 -3.413027
-1.103560 -3.593781
-1.070667 -3.600198
-0.782703 -2.791974
-1.090453 -2.553527
-0.869737 -2.934164
-0.816530 -2.922820
-1.048142 -3.078037
-1.117544 -3.903251
-0.921677 -3.160006
-0.913537 -3.149618
-0.861009 -3.481445
-1.237995 -3.373660
-1.149325 -3.398235
-0.944145 -3.302422
-0.849253 -3.102314
-0.870748 -3.092509
-0.860983 -2.981538
-0.773754 -3.448759
-0.937739 -3.578383
-0.936067 -3.321017
-1.146756 -2.836583
-1.040480 -3.638116
-0.813282 -2.969515
-1.166143 -3.584006
-0.882625 -2.945979
-0.884727 -2.900319
-0.987720 -3.703980
-1.083653 -3.652406
-0.825720 -3.307207
-0.938122 -3.076636
-0.941198 -3.097285
-0.883155 -3.499125
-0.853738 -3.440387
-1.151012 -3.451895
-0.835255 -3.487173
-0.813921 -3.427374
-0.947473 -3.269552
-1.077581 -3.011693
-1.024604 -3.235728
-1.237204 -3.433818
-0.829901 -3.314850
-0.922751 -3.421807
-0.916670 -3.482136
-1.386308 -3.598755
-0.995424 -3.058874
-0.998643 -2.930414
-1.029077 -3.087689
-0.988583 -3.490651
-0.876979 -2.951067
-0.867018 -2.952663
-1.049945 -3.404368
-0.928764 -3.009229
-0.942140 -3.038163
-0.859668 -2.930482
-0.861233 -2.948254
-1.217032 -2.811587
-1.087886 -3.221715
-1.022305 -3.461783
-0.839170 -3.340696
-1.033996 -3.043703
-1.033607 -3.017572
-1.029256 -3.344770
-1.054816 -3.918378
-1.132853 -3.588671
-0.861153 -3.192523
-1.323436 -3.388692
-0.890488 -3.075173
-0.954848 -2.995450
-0.989911 -3.618817
-0.892989 -3.529971
-1.114910 -3.566546
-0.723515 -2.916402
-0.853331 -3.422479
-0.818739 -3.041819
-0.868943 -3.416560
-1.102422 -3.336006
-1.016079 -3.430806
-1.016021 -3.191651
-0.986570 -3.587828
-0.986482 -3.541083
-0.880641 -3.467312
-0.956148 -2.919280
-0.946272 -2.903456
-1.149914 -3.138088
-1.161662 -3.143449
-1.051444 -3.496749
-1.071325 -3.474304
-0.910117 -3.223433
-0.988936 -3.609928
-1.055614 -3.292685
-1.056264 -3.316008
-0.726605 -3.074647
-0.666698 -3.013240
-0.859885 -3.494567
-1.106667 -3.652637
-1.080748 -3.599776
-0.831714 -2.953945
-1.076523 -3.624713
-1.112517 -3.655664
-1.125289 -3.523288
-0.810174 -2.961482
-0.777690 -3.549644
-0.889002 -3.158873
-0.846802 -3.070637
-0.870141 -3.111495
-1.191013 -3.243154
-0.778840 -3.197119
-1.412615 -3.632478
-1.288844 -3.624295
-0.757122 -3.152714
-1.060168 -3.071811
-0.978979 -2.952304
-1.237211 -3.515718
-1.155542 -3.525984
-0.908099 -3.369001
-0.957007 -3.409865
-0.902765 -3.571610
-1.100854 -3.392176
-0.914431 -2.918634
-0.981029 -3.414989
-1.425544 -3.284708
-1.379543 -3.644207
-0.859342 -3.253911
-0.921470 -3.449895
-1.344694 -3.446738
-0.816260 -3.175268
-1.227461 -4.051554
-1.215140 -3.981689
-1.174979 -3.514851
-0.849104 -2.990504
-0.766353 -3.237093
-1.056628 -3.535227
-0.745100 -3.258545
-0.924277 -2.895755
-0.874133 -3.292344
-0.944204 -2.886933
-0.844069 -3.261878
-0.846171 -3.275599
-1.011106 -3.496572
-0.840292 -3.482680
-1.152050 -3.213314
-1.185910 -3.329675
-1.136511 -3.324806
-0.776814 -3.193125
-0.798302 -3.192697
-1.174221 -3.435045
-0.896935 -3.102490
-1.038427 -3.552927
-0.702249 -3.421093
-0.810316 -2.969647
-1.021940 -3.611448
-0.981999 -3.285915
-0.743966 -3.183096
-1.183380 -3.542480
-0.939496 -3.540990
-0.831033 -3.427597
-0.963836 -2.861730
-0.886095 -2.930803
-0.902706 -2.833991
-0.862619 -3.516094
-1.118570 -2.898194
-0.985520 -3.001953
-0.973259 -3.659816
-0.843016 -3.109806
-0.868103 -3.111717
-1.075293 -2.907904
-1.070846 -2.924632
-1.169727 -3.403962
-0.755572 -2.583001
-0.739308 -3.248243
-0.965520 -3.265904
-0.994110 -3.137258
-1.157317 -3.176613
-1.123441 -3.181159
-0.767256 -3.281516
-1.130381 -3.127399
-1.061833 -2.916642
-1.161985 -3.114261
-0.948157 -2.641129
-1.072271 -3.458319
-0.536058 -3.171380
-0.570857 -3.273800
-1.068264 -3.049746
-1.067760 -3.040491
-0.994211 -2.934288
-1.051905 -3.017883
-1.406204 -3.204480
-1.155419 -3.534120
-1.158020 -3.523646
-1.047618 -3.597111
-0.817903 -3.085558
-1.044616 -2.957726
-1.397487 -3.218931
-0.891815 -3.351249
-0.511509 -3.221021
-0.543920 -3.208865
-1.100001 -3.245581
-0.809896 -3.503721
-0.696054 -3.291437
-1.183136 -2.760680
-1.262030 -2.679029
-0.958379 -3.389085
-0.956639 -2.836340
-1.082557 -3.173892
-1.425860 -3.480287
-0.875040 -3.433542
-1.140493 -3.152337
-1.184260 -3.156045
-0.820525 -3.042602
-0.815214 -2.987811
-1.054321 -3.626956
-0.959871 -2.891654
-0.925597 -2.861062
-0.909684 -3.492569
-0.727844 -3.088024
-1.486809 -2.608226
-0.971367 -3.434695
-0.996315 -3.369906
-0.946470 -3.764301
-0.963320 -3.886358
-0.911453 -3.547576
-0.898129 -3.585631
-1.034944 -3.956949
-0.864014 -3.347930
-0.872619 -3.302435
-0.994253 -3.581728
-0.983720 -3.532423
-0.977063 -2.848882
-0.920752 -2.929601
-0.804114 -3.192206
-1.063522 -2.970720
-1.167360 -3.444401
-0.823903 -2.904661
-0.931473 -3.199661
-0.919009 -3.165846
-0.983577 -2.823329
-1.030579 -2.830335
-0.916808 -3.019433
-1.013942 -2.842404
-0.975735 -2.894424
-1.080306 -3.545613
-1.116537 -3.582584
-0.951186 -3.359745
-0.960397 -3.313759
-1.204281 -2.690355
-0.947265 -3.115498
-0.835791 -2.950396
-0.788021 -3.127642
-0.735918 -3.104664
-0.907780 -3.535498
-0.844137 -3.133953
-0.742879 -3.176027
-0.791871 -3.067959
-0.845450 -3.415329
-0.770063 -3.267472
-0.978959 -3.604793
-0.976091 -3.613963
-0.797294 -2.533683
-0.730630 -3.162747
-0.759930 -3.238138
-0.995253 -3.490549
-1.221355 -3.830671
-1.171807 -3.291429
-0.957757 -3.502582
-0.845072 -3.094065
-0.925021 -2.833833
-0.953545 -3.227051
-0.885473 -3.301553
-1.158872 -3.074729
-1.160457 -3.656040
-0.813330 -3.482980
-0.925813 -3.448505
-1.101348 -2.900460
-1.112865 -2.905922
-0.866256 -3.213232
-0.858471 -3.251516
-1.167177 -3.546615
-1.188342 -3.524222
-0.868261 -3.032782
-0.978490 -2.855977
-0.958192 -3.022173
-0.917245 -3.010916
-0.762356 -3.070562
-1.157126 -3.247951
-0.990499 -3.073028
-1.047205 -3.364980
-1.155086 -3.615174
-0.870167 -3.463401
-0.884975 -3.457252
-1.189763 -3.597538
-1.399911 -4.328756
-0.960748 -2.904591
-0.891478 -2.898172
-1.024330 -2.922131
-1.017747 -2.963685
-0.955031 -2.885879
-1.003271 -3.031365
-0.924514 -3.362567
-0.974384 -3.231676
-1.122798 -3.484026
-0.784104 -3.090202
-0.858739 -3.195737
-0.985817 -2.848736
-1.050820 -3.472254
-0.989035 -3.106061
-1.042388 -3.209867
-1.078696 -3.239625
-4.646658 -3.695688
-1.042113 -2.924753
-0.906852 -3.856427
-0.918270 -3.228825
-0.965168 -3.649668
-1.144010 -3.663363
-1.059078 -2.909602
-0.512049 -3.135228
-0.571576 -3.252886
-1.038741 -3.297411
-1.016409 -3.355742
-0.701932 -2.527070
-0.783389 -3.490829
-1.187439 -3.654956
-0.743503 -3.060154
-0.780598 -3.083514
-0.922169 -2.973329
-0.941283 -2.870206
-0.659135 -2.913893
-5.383324 -3.959746
-1.237903 -3.923368
-1.171781 -3.574432
-1.163289 -3.532736
-1.043876 -3.633981
-1.140259 -4.226518
-1.062140 -3.552890
-0.750346 -3.175081
-0.758011 -3.241362
-0.762192 -3.275974
-0.522165 -3.195578
-0.620456 -3.170792
-1.083905 -3.286805
-1.046657 -3.351170
-0.862305 -3.221066
-1.039850 -3.023717
-1.171651 -3.367956
-1.000508 -3.141516
-0.888243 -3.197931
-0.994160 -3.524433
-1.055416 -3.312656
-1.185716 -3.298990
-1.100751 -3.088633
-0.971840 -2.828373
-0.852052 -2.916553
-0.945792 -3.554741
-0.969621 -3.439082
-1.035735 -3.417504
-1.094512 -3.670671
-0.875839 -2.930854
-0.828672 -3.456695
-0.874887 -3.090720
-1.178097 -3.619677
-0.893293 -2.832320
-0.746231 -3.166018
-0.742910 -3.333063
-1.188164 -3.079119
-1.072452 -3.382887
-1.195263 -3.113085
-1.161511 -3.065374
-1.134363 -3.615808
-1.153679 -3.643620
-0.719214 -3.204535
-0.655790 -3.258600
-0.768716 -3.303237
-1.224641 -3.897577
-0.660935 -3.599164
-0.927638 -3.592098
-0.846019 -3.393090
-0.866261 -3.171755
-0.839943 -3.365875
-0.755443 -3.060730
-1.125298 -3.161947
-0.846992 -3.025675
-0.582012 -3.115627
-1.020776 -2.928149
-0.787852 -3.276084
-1.017249 -2.821312
-0.987159 -3.669591
-0.700929 -3.680785
-0.836562 -3.447997
-1.106127 -3.021836
-1.329737 -3.387137
-0.768549 -3.063787
-1.094561 -2.953166
-1.111139 -2.781837
-1.102655 -2.846411
-1.037320 -3.650886
-1.088286 -2.986393
-0.777532 -3.358193
-0.949729 -2.822911
-1.002191 -2.993280
-0.896196 -3.118329
-0.954828 -3.102796
-1.008401 -3.769151
-0.505376 -3.054094
-0.726584 -3.605121
-1.000970 -4.042488
-1.022205 -3.555048
-0.836751 -3.742800
-0.698253 -3.671592
-0.662511 -3.684232
-0.896756 -3.459136
-0.737991 -3.432141
-0.767139 -3.357309
-0.738674 -3.293848
-1.130540 -3.447318
-0.896672 -2.952451
-0.900197 -2.962641
-0.747231 -3.218793
-1.066119 -2.955721
-0.675872 -3.628514
-0.819898 -2.257538
-0.881049 -3.354315
-0.792454 -3.166882
-0.922771 -3.499185
-1.077640 -2.619363
-0.973513 -2.550436
-1.173941 -3.599191
-1.137511 -3.604404
-0.960196 -3.360465
-1.143438 -3.321885
-0.864057 -3.285120
-1.191836 -3.533506
-1.112879 -3.459007
-0.757328 -3.305728
-0.888019 -3.453280
-1.151078 -3.618901
-1.154788 -3.670072
-1.104158 -3.187175
-0.831196 -3.493282
-1.067854 -3.127912
-1.040484 -3.287430
-0.737421 -3.121122
-0.794997 -3.102945
-0.992781 -2.891997
-0.948003 -3.865835
-0.702116 -3.514005
-1.050819 -3.529593
-0.909160 -3.409106
-1.050917 -3.843352
-0.849284 -3.270791
-1.178473 -3.699887
-0.849085 -3.006328
-1.042688 -3.680580
-1.052386 -3.741748
-0.923058 -3.561918
-0.536870 -3.329376
-1.040831 -3.271118
-0.872317 -3.057941
-1.172818 -3.138693
-0.980164 -3.152217
-0.925407 -2.829872
-1.060294 -3.633958
-0.847319 -3.187601
-1.051496 -3.728541
-1.083353 -3.672848
-1.133154 -3.563501
-0.941180 -3.043711
-1.398093 -3.697424
-0.769006 -3.290417
-0.681743 -3.117254
-1.127135 -3.103653
-0.860265 -2.926046
-0.793151 -3.655867
-0.959817 -3.868247
-1.012731 -2.852372
-0.870445 -2.945238
-0.653363 -3.380470
-1.043367 -3.147076
-0.809988 -3.191119
-0.940253 -3.158811
-0.840914 -3.429813
-1.133811 -3.461148
-1.176880 -3.505066
-1.049734 -3.251884
-1.253986 -3.975193
-0.777544 -3.358314
-1.184392 -3.261392
-1.101498 -2.944155
-0.565290 -3.147211
-0.825030 -3.494814
-0.922082 -3.429389
-1.417650 -3.620040
-0.960551 -2.942211
-0.987512 -3.382662
-0.965212 -3.667759
-1.271515 -3.628391
-0.656373 -3.624676
-0.988747 -2.921757
-1.113930 -3.702887
-1.194808 -3.155796
-0.746500 -3.244400
-1.082335 -3.691493
-1.095335 -3.709981
-1.144507 -3.632313
-0.908004 -3.125478
-0.506634 -3.070068
-0.922638 -3.136960
-0.812730 -3.465094
-0.890696 -3.345614
-1.159042 -3.651635
-0.737206 -3.167922
-1.057595 -3.603120
-1.011627 -3.449044
-0.736249 -3.075493
-0.718304 -3.657016
-0.823298 -3.577017
-0.907847 -3.461084
-1.105848 -2.963978
-0.744083 -3.248010
-0.770664 -3.653104
-1.178952 -3.283734
-0.783676 -3.157757
-0.938391 -3.541380
-0.963457 -2.866710
-0.785101 -3.098251
-0.752500 -3.121658
-1.347809 -3.230742
-0.891622 -3.046665
-0.581549 -3.386397
-0.573920 -3.165032
-0.562204 -3.206927
-0.900690 -3.688035
-0.819793 -2.814841
-0.906582 -3.596775
-0.778342 -3.361475
-0.956806 -2.513765
-0.980914 -3.602733
-0.956792 -3.654842
-0.793377 -2.705002
-0.962584 -3.610130
-0.913887 -3.624119
-0.863717 -3.401543
-1.113808 -3.469911
-0.841164 -2.909297
-1.050284 -2.899167
-0.839337 -3.774203
-1.083489 -3.470515
-0.918451 -3.211701
-1.118078 -3.519010
-1.090351 -3.554379
-0.971121 -3.677841
-1.107785 -3.386698
-0.812053 -3.011884
-1.196281 -3.837148
-0.980925 -3.581293
-1.025212 -3.096466
-1.045865 -3.693756
-1.097142 -3.703685
-0.917883 -3.231323
-1.124216 -3.431703
-0.915253 -3.652781
-0.902735 -3.659267
-0.580219 -3.058659
-1.022656 -3.027632
-1.167178 -3.168873
-0.987518 -2.839360
-0.871810 -3.252029
-1.162516 -3.429277
-0.814416 -3.055803
-1.160651 -3.360157
-0.886776 -3.557800
-0.855975 -3.298735
-0.791826 -3.029372
-0.758899 -3.047167
-1.029229 -2.949579
-0.979530 -3.508699
-0.885830 -2.878515
-0.854607 -3.490650
-0.846218 -2.847419
-0.741869 -3.747319
-1.087885 -3.266421
-2.031714 -6.726657
-0.766514 -3.005461
-0.808627 -3.043002
-0.950813 -3.637373
-1.185076 -3.592275
-1.034701 -3.251579
-0.997308 -3.569354
-0.937880 -2.890624
-1.270646 -2.839565
-0.903305 -3.639801
-1.000508 -3.360529
-0.991289 -3.347845
-0.748384 -3.200650
-1.057815 -3.035860
-0.752264 -3.315766
-0.955010 -3.323204
-0.988562 -3.123271
-0.803020 -3.215269
-0.863120 -2.884007
-0.929359 -3.446827
-0.826591 -2.845318
-0.751696 -3.090348
-1.038760 -2.849359
-0.939317 -3.201932
-1.178110 -3.443428
-0.873275 -3.425151
-0.800741 -3.316795
-1.009337 -3.386225
-1.176796 -3.628073
-0.948847 -2.952855
-1.109732 -3.076534
-1.131635 -3.625774
-1.233045 -3.010235
-0.774949 -3.222807
-0.775163 -2.770549
-0.774613 -3.102487
-1.165935 -3.120251
-0.978339 -2.665781
-0.796218 -2.986245
-0.755215 -3.030466
-0.862912 -3.492832
-1.399108 -3.231059
-0.960587 -3.343699
-1.306157 -2.555267
-1.095356 -3.008267
-1.004476 -3.605709
-0.831590 -2.921140
-1.086280 -3.817461
-1.115789 -3.330252
-1.112254 -3.648409
-0.688970 -3.404851
-0.822015 -2.899410
-1.042636 -3.692061
-0.779938 -3.698002
-0.883616 -3.219750
-1.042558 -3.746739
-1.095204 -3.291861
-1.098050 -3.372122
-0.873241 -2.875363
-0.950970 -3.641163
-0.996986 -2.784631
-1.124654 -3.103744
-1.068884 -3.437056
-1.020378 -3.159843
-0.830663 -3.351073
-0.843749 -3.049307
-0.742675 -3.189289
-1.193308 -3.531912
-0.903033 -3.654098
-0.532001 -3.410651
-0.832478 -2.849542
-0.862927 -2.523802
-0.951173 -3.484012
-0.621549 -3.392747
-0.797841 -2.435017
-0.693125 -2.641979
-1.004402 -2.976831
-0.795574 -3.331219
-0.933364 -3.298250
-0.829641 -3.451237
-0.740875 -3.015683
-1.123481 -4.024624
-0.826611 -3.120170
-0.767262 -3.034649
-0.778656 -3.602310
-0.655428 -3.407179
-1.067313 -3.589877
-0.907117 -3.079829
-0.747106 -3.009840
-0.775922 -3.257555
-1.048075 -2.923120
-0.915068 -2.827891
-0.988637 -3.311309
-0.938123 -3.372682
-1.403178 -3.760576
-1.212205 -3.496646
-0.812229 -3.183886
-0.675405 -3.726507
-0.757663 -3.183170
-0.765558 -3.119789
-0.887537 -3.634574
-0.883175 -2.858764
-1.090551 -3.460690
-0.776330 -2.564800
-0.969509 -3.584909
-1.093548 -3.124825
-0.932577 -3.524681
-0.793989 -3.316290
-1.125770 -3.311949
-1.086150 -3.097410
-1.114654 -3.641344
-0.804803 -3.681648
-1.150318 -3.412485
-0.938882 -3.542264
-1.122998 -3.447523
-0.879143 -3.157269
-0.876210 -2.822967
-0.901570 -3.595037
-1.016642 -3.609840
-0.891932 -3.371396
-0.919333 -3.129470
-0.902509 -2.328167
-0.700026 -3.461104
-1.097335 -3.149090
-1.003755 -2.851561
-1.064918 -3.714877
-0.784043 -3.000696
-0.903877 -3.850346
-1.176511 -3.211233
-0.786674 -3.007634
-1.066227 -3.731020
-0.923185 -3.038848
-0.768464 -2.844190
-1.035480 -4.053709
-0.790879 -3.331096
-0.898962 -2.959033
-0.770937 -3.059514
-1.015681 -3.255636
-1.176370 -2.986596
-1.400094 -3.813661
-1.014845 -3.671897
-0.815041 -3.318531
-1.191739 -3.633110
-1.137111 -2.990748
-1.315074 -2.482518
-0.994746 -3.713963
-0.854989 -3.385704
-0.983348 -4.163430
-1.174565 -3.668676
-0.875263 -3.401777
-0.974852 -3.299151
-0.785477 -3.207871
-0.962316 -2.891826
-0.847585 -3.462053
-1.012154 -2.966777
-0.890836 -3.013168
-0.968144 -3.711819
-0.975617 -2.843325
-0.944652 -3.631197
-0.743697 -3.246101
-0.979525 -3.728215
-0.843414 -2.992610
-1.161737 -3.028079
-1.017309 -3.596094
-0.883712 -3.479051
-0.969288 -3.207970
-0.881868 -2.855736
-0.697732 -3.674958
-1.378222 -3.291822
-1.140936 -3.032634
-0.880332 -3.593376
-1.419779 -3.441008
-1.246560 -2.677115
-0.903270 -3.305501
-0.803657 -3.263662
-0.755665 -3.149155
-0.583629 -3.332953
-0.978271 -3.160336
-1.159528 -3.578592
-0.973327 -3.695623
-0.959485 -3.494001
-0.873164 -3.551792
-0.797806 -2.992500
-0.738587 -3.055182
-0.737743 -3.159296
-0.952153 -3.668372
-1.147522 -3.088501
-1.069283 -3.160165
-0.748630 -3.630069
-0.877706 -2.899284
-1.238229 -3.534399
-0.874960 -3.564670
-1.014467 -3.696862
-1.089147 -3.549902
-0.835199 -2.846190
-0.916860 -3.093816
-0.850680 -3.557097
-0.609156 -3.226192
-0.968064 -3.477964
-0.996919 -3.438139
-1.066149 -3.239650
-0.994897 -3.571589
-0.667168 -3.640602
-1.013329 -3.517542
-1.157457 -3.428732
-0.913103 -3.033303
-0.849171 -3.099406
-0.764806 -3.024873
-0.753259 -3.355058
-0.861479 -2.958167
-0.962445 -3.872403
-0.752603 -3.315977
-1.140442 -3.436515
-0.816011 -3.561081
-1.101862 -2.583362
-1.136100 -3.873676
-0.958693 -3.202214
-0.582248 -3.234741
-1.108464 -3.613469
-0.811493 -3.223228
-0.985003 -2.937437
-0.880757 -3.520712
-0.781669 -3.421412
-1.114942 -3.446688
-0.757755 -3.388816
-1.121825 -2.975235
-1.162793 -3.092936
-0.733447 -3.369129
-1.185947 -3.353287
-1.091198 -3.690783
-0.735731 -3.430104
-0.512319 -3.077013
-0.809568 -3.230499
-1.188310 -2.988189
-0.974255 -3.480211
-0.897116 -3.264521
-0.573240 -3.080444
-1.171260 -3.447084
-0.906437 -3.635497
-1.011981 -3.692822
-1.172130 -3.589121
-1.085454 -3.051534
-1.002858 -3.731356
-1.089315 -3.741170
-1.166817 -2.827582
-0.751150 -3.404873
-0.862711 -3.583936
-0.925573 -3.517209
-0.836668 -3.467415
-0.792299 -3.386082
-0.893608 -2.903825
-0.764203 -3.548054
-0.963051 -3.242656
-1.086970 -3.411669
-0.882958 -3.347746
-0.816258 -3.032368
-0.663580 -3.710227
-0.861451 -2.848966
-0.848031 -3.551451
-0.993865 -2.991337
-1.026906 -3.055879
-1.115802 -2.900800
-1.141959 -3.693484
-0.584258 -2.686699
-0.958951 -3.496785
-0.738610 -3.206199
-0.784682 -2.986395
-0.515030 -2.866343
-1.116582 -3.204149
-0.927142 -2.826252
-0.784214 -3.431763
-1.119890 -3.675323
-0.773503 -3.389598
-1.276055 -2.906311
-1.150905 -3.701176
-0.622797 -3.304203
-0.801603 -2.691988
-0.686025 -3.747518
-0.782456 -3.299117
-0.846076 -3.435041
-0.863110 -3.563808
-0.895180 -3.660756
-1.149864 -3.654355
-0.950665 -3.619945
-0.767133 -3.221905
-0.827140 -3.060811
-1.101620 -2.981498
-1.213054 -3.378360
-1.145105 -3.596517
-1.038276 -3.406339
-0.764919 -2.979198
-0.932523 -3.580175
-0.888965 -3.155190
-1.193380 -3.685250
-1.021544 -3.610178
-1.027296 -3.315729
-0.762397 -3.057419
-1.096297 -3.263836
-0.788389 -3.133925
-1.068784 -3.717824
-1.035177 -2.865372
-0.882077 -2.870231
-0.536931 -2.833897
-0.971553 -3.738777
-0.837352 -3.146681
-1.044500 -2.953539
-0.851645 -3.579600
-0.925978 -3.428227
-1.281640 -3.777256
-1.069780 -3.666967
-1.239004 -3.434617
-1.043588 -3.529491
-1.184320 -3.696093
-0.882420 -3.343227
-0.755147 -3.404119
-0.945991 -3.308287
-1.120409 -3.000464
-1.058983 -3.127271
-0.946830 -3.596089
-1.229914 -3.022482
-0.830683 -3.745272
-0.970012 -3.603829
-0.797453 -3.304903
-0.948279 -2.855891
-1.021020 -3.104769
-1.126094 -3.037394
-0.889071 -2.803173
-0.811933 -3.434548
-0.866128 -3.448528
-1.010307 -3.857737
-1.014792 -2.889501
-0.750534 -3.199744
-1.114497 -3.378122
-1.179770 -3.150256
-0.888608 -3.430829
-0.996817 -2.981761
-1.045421 -3.337092
-0.817070 -3.548765
-0.863895 -3.483064
-1.200549 -3.332855
-1.161053 -3.474042
-1.232401 -3.979625
-1.112661 -3.733457
-0.775080 -3.221801
-0.754613 -3.317436
-1.185029 -3.718479
-0.530236 -2.454444
-1.358917 -4.315944
-0.358682 -3.357979
-0.798437 -3.389106
-1.065714 -3.327004
-0.657359 -3.014078
-0.745893 -3.005811
-0.558931 -3.313341
-0.854375 -3.575074
-1.140722 -3.321278
-1.172448 -3.690299
-1.206786 -3.333488
-0.885229 -3.191670
-1.091423 -2.850107
-1.102931 -2.820500
-0.926399 -3.113127
-1.019471 -3.198387
-0.723003 -2.583164
-1.252377 -3.438384
-0.771359 -3.423767
-1.109950 -3.736717
-1.331880 -3.565475
-0.915934 -2.756662
-0.753115 -2.641963
-1.237069 -3.332213
-0.856272 -2.875495
-1.047322 -3.484015
-0.960625 -3.452343
-1.038022 -3.743600
-0.329216 -3.442804
-1.085246 -3.100157
-1.150198 -3.252590
-1.154991 -3.086598
-1.058516 -2.848343
-0.961321 -3.557309
-0.915308 -2.971588
-1.243439 -3.441472
-0.786723 -3.422076
-1.108312 -2.864159
-0.528873 -2.971050
-1.175917 -3.593383
-0.519521 -3.238548
-0.880242 -2.912312
-0.891667 -3.669836
-0.730196 -3.601839
-0.784310 -2.918666
-1.265432 -3.446801
-0.920400 -2.978282
-0.781047 -2.939809
-1.115458 -3.615555
-0.738612 -2.899721
-1.264789 -3.395569
-0.932939 -3.783731
-0.841022 -3.582950
-0.872772 -3.548193
-0.927342 -3.669890
-0.755998 -3.104516
-1.262302 -3.304567
-0.785508 -3.175918
-0.789553 -2.904691
-0.751656 -3.111106
-1.191576 -3.110930
-1.681417 -4.718013
-1.024266 -3.534804
-0.961884 -3.327062
-0.777657 -2.963248
-0.981275 -2.959558
-1.143515 -3.163605
-0.378265 -3.587640
-0.828564 -3.280610
-0.812430 -3.429538
-1.129695 -3.031320
-0.833794 -2.858379
-0.890531 -3.193219
-0.380997 -3.014916
-0.888198 -2.799071
-0.831110 -3.297373
-0.875027 -3.457941
-0.771827 -3.273417
-1.082368 -2.856727
-0.655696 -3.994882
-0.766718 -3.230287
-0.756657 -3.424573
-0.896915 -2.456578
-0.754926 -3.015131
-1.232357 -3.451656
-1.141092 -3.555167
-1.133186 -3.660230
-1.083718 -2.840822
-0.807563 -3.320431
-1.105230 -3.523332
-1.223262 -3.421895
-0.597009 -3.422359
-0.804763 -2.946191
-0.994803 -3.540815
-1.188070 -3.645598
-1.172749 -3.373069
-0.983595 -2.961107
-1.270994 -3.451826
-1.033493 -3.459182
-0.211799 -3.555878
-0.829379 -2.468478
-0.931650 -2.777172
-1.083414 -2.923409
-0.994656 -3.688766
-0.828447 -3.562802
-1.193986 -3.429349
-1.184515 -2.994682
-1.039823 -3.343317
-1.106695 -3.705751
-0.919614 -2.891165
-0.538363 -3.193063
-0.487581 -3.096252
-0.780773 -2.694288
-0.885625 -3.022563
-0.982270 -3.717994
-0.787123 -3.303276
-0.987684 -3.639664
-0.987813 -3.470691
-1.232051 -3.294045
-0.890930 -2.915967
-0.855896 -3.372130
-0.979265 -3.375900
-0.849288 -3.334901
-0.987444 -2.806739
-0.781150 -2.898931
-0.948486 -3.121156
-1.424258 -3.042675
-1.126959 -3.353273
-1.047295 -3.493250
-0.690073 -3.634624
-1.158815 -3.709712
-0.900397 -3.037060
-1.085349 -3.024103
-0.758660 -3.140517
-0.604601 -3.390932
-1.002479 -3.639230
-0.848994 -3.470607
-0.972966 -2.783870
-0.940325 -3.580698
-0.880093 -2.849645
-0.961771 -3.284011
-1.025791 -2.892512
-1.019973 -2.746397
-0.922810 -3.613186
-1.000565 -3.197339
-1.070869 -2.433059
-0.950708 -2.890475
-1.221129 -3.353920
-0.605159 -3.000545
-0.882501 -3.095144
-0.928693 -3.588560
-1.089828 -3.715037
-1.042165 -2.917111
-0.973208 -2.849834
-0.854505 -3.133484
-0.952431 -3.610780
-0.769355 -3.021987
-1.115548 -3.260414
-1.117232 -3.648906
-1.320957 -3.876224
-1.201744 -3.460185
-0.939440 -3.807604
-1.258379 -3.511885
-0.954345 -3.400333
-0.825476 -3.579824
-0.772260 -3.182138
-1.061120 -3.657435
-0.889596 -3.240789
-0.903463 -3.562124
-0.790508 -3.107833
-0.774687 -3.254327
-1.376142 -3.663448
-0.955166 -2.516663
-0.742561 -2.899465
-0.973560 -2.770247
-1.254275 -3.267905
-0.781334 -3.035801
-1.095583 -2.873408
-1.265914 -3.236583
-1.068449 -3.521716
-1.203782 -3.436378
-0.750179 -3.392380
-0.764768 -3.290159
-0.564332 -3.366233
-0.795078 -2.916743
-1.096252 -3.381821
-1.246955 -3.646188
-1.021165 -3.697862
-1.182666 -2.986001
-0.574979 -3.044316
-0.753487 -3.100154
-0.762658 -2.932741
-0.903300 -3.286839
-0.805810 -3.361953
-1.120776 -4.175621
-0.564464 -3.254660
-0.874321 -3.363125
-0.905832 -3.466552
-0.937795 -2.576659
-1.181447 -3.166368
-1.018129 -3.367604
-1.017495 -3.066993
-0.985462 -3.036177
-1.242172 -4.184094
-1.070055 -2.853150
-0.858990 -3.572749
-1.213582 -3.306689
-1.206286 -3.221241
-0.938454 -3.183693
-0.871673 -3.161518
-1.425547 -3.034056
-1.315880 -3.192617
-1.157604 -3.703009
-0.543546 -3.223967
-0.979578 -3.708867
-1.689646 -3.510126
-0.318134 -3.454083
-0.864075 -3.589979
-0.756270 -3.322503
-0.974620 -3.339333
-1.225829 -3.554334
-0.785592 -3.427704
-0.941724 -3.630458
-0.749514 -3.239025
-0.409423 -3.193151
-1.201057 -3.481233
-1.040675 -3.028594
-1.254322 -3.580880
-1.162307 -3.713161
-1.252884 -3.353169
-1.110347 -3.744233
-1.149846 -3.559891
-0.978425 -2.787262
-1.114874 -3.283808
-1.193041 -3.350480
-0.756918 -3.383638
-0.609152 -2.990793
-0.823286 -3.184336
-1.121912 -3.604218
-0.247524 -3.456109
-0.742459 -2.933342
-0.859835 -3.314643
-0.914734 -3.435636
-0.638637 -3.231675
-0.843190 -3.256098
-1.233227 -3.579073
-0.969654 -3.029854
-0.749088 -2.956291
-1.071093 -3.068814
-1.231284 -3.476548
-1.130199 -2.988719
-1.188920 -3.665303
-0.805184 -3.343722
-1.163867 -4.179354
-1.189482 -3.280953
-0.977667 -3.538945
-0.856313 -3.211824
-0.651572 -3.256989
-0.572442 -2.838023
-1.435214 -2.702330
-0.514181 -3.230771
-0.744654 -3.709371
-1.213047 -3.558429
-0.842073 -2.867266
-0.740131 -3.213639
-1.000725 -3.207899
-1.029193 -3.094564
-0.826742 -3.496622
-1.169633 -3.276004
-0.989594 -3.606741
-0.744167 -2.989858
-1.093695 -3.308199
-0.856928 -3.488683
-0.768925 -3.137492
-0.924456 -2.936370
-0.894569 -3.596496
-1.162163 -3.216551
-0.890191 -3.480593
-0.928805 -2.805761
-0.916673 -3.327309
-0.564756 -3.278167
-1.064451 -3.292564
-0.872575 -3.293335
-1.156058 -3.554842
-1.099256 -3.487940
-1.266956 -3.561922
-1.036642 -3.672808
-0.813412 -3.575575
-0.767844 -3.078850
-0.879293 -3.330844
-1.049032 -3.061584
-1.147333 -3.164764
-1.110810 -3.717009
-0.781595 -3.500710
-1.104898 -2.933967
-1.257228 -3.426723
-0.755236 -3.388295
-1.200469 -2.772324
-0.847883 -3.568010
-1.242300 -3.223012
-1.065942 -2.893720
-0.658677 -2.595327
-1.222368 -2.925142
-1.034660 -3.556093
-0.895068 -3.548585
-0.931109 -3.536124
-1.260572 -3.284142
-0.859438 -3.663024
-1.220932 -3.286955
-0.909507 -2.846133
-1.229978 -3.528023
-0.977025 -3.995100
-0.937492 -3.518490
-1.218601 -3.373488
-0.882736 -3.059171
-1.258964 -3.210084
-0.748065 -3.362964
-0.774065 -2.951533
-1.006183 -2.930627
-0.975448 -3.603597
-0.776350 -2.958465
-1.180047 -3.707299
-0.908877 -2.858605
-0.743434 -3.331162
-1.115689 -3.523204
-0.810501 -3.826518
-1.183412 -3.409002
-1.027345 -2.744743
-1.030417 -2.801201
-1.027985 -3.698613
-1.137155 -3.048444
-1.115523 -3.814537
-1.189057 -3.675465
-0.832838 -2.791226
-1.050101 -3.183764
-0.802784 -3.124074
-1.205817 -3.290636
-0.934544 -2.909616
-0.696060 -3.719230
-0.986218 -3.482574
-1.079662 -3.794783
-0.818488 -2.841756
-0.793624 -2.511598
-0.636796 -3.534834
-0.792405 -3.337766
-0.883168 -3.082264
-0.627614 -3.044042
-1.026732 -2.591160
-1.325825 -3.016745
-1.042926 -2.929708
-1.065294 -3.625127
-1.114567 -3.769722
-1.099481 -3.715800
-0.915353 -3.397399
-1.061752 -3.821106
-0.666254 -3.137732
-0.839251 -2.798190
-1.173544 -3.354165
-0.870464 -3.513190
-1.095786 -2.882717
-1.092246 -4.049329
-0.943113 -3.449848
-1.082394 -3.495359
-1.255536 -3.539546
-1.077061 -2.570364
-0.833384 -2.968996
-1.025184 -3.349766
-0.638796 -3.541965
-0.906635 -3.269735
-0.617827 -3.177469
-0.820440 -3.621421
-0.755269 -3.212677
-1.120330 -3.271174
-1.235246 -4.067238
-0.895124 -3.005475
-0.911408 -3.101428
-1.223312 -3.883393
-0.805844 -3.438272
-0.551433 -3.376863
-0.947579 -3.226883
-0.919789 -2.800188
-0.905433 -3.393255
-0.877904 -3.488100
-1.028733 -3.739152
-0.938856 -3.600615
-0.687050 -2.700283
-1.399165 -3.900481
-1.242833 -3.018857
-1.096073 -3.789153
-0.775472 -3.301398
-0.814355 -3.572108
-1.229724 -3.260366
-0.787945 -3.005876
-0.784060 -2.998898
-0.845967 -3.564305
-1.224206 -3.236274
-1.177823 -3.503083
-0.813835 -2.837973
-0.620460 -3.068487
-1.121792 -3.035696
-0.801013 -2.967016
-0.875116 -2.951641
-1.073893 -3.643081
-0.836406 -3.346640
-0.791023 -3.366809
-0.921782 -3.354472
-1.114435 -3.757567
-1.198871 -3.371721
-1.150959 -3.186493
-1.146872 -3.600111
-1.176782 -3.603470
-0.812006 -3.417075
-1.213783 -3.317749
-1.134105 -2.849137
-0.648760 -3.314160
-1.194819 -3.090747
-0.986500 -3.621253
-0.839154 -2.994474
-0.944057 -2.402973
-0.560142 -3.573922
-1.361174 -4.002877
-1.267453 -3.488829
-4.395954 -4.192889
-1.079508 -3.195288
-0.985569 -2.800954
-1.129169 -3.507533
-1.149735 -3.530717
-0.606935 -2.318285
-0.819836 -3.291489
-1.384336 -3.945050
-1.165765 -2.946176
-1.102427 -3.241203
-0.890118 -3.556537
-1.079769 -3.785501
-1.138192 -2.917990
-1.099780 -3.696979
-0.552401 -3.430485
-0.735895 -3.132997
-1.165865 -3.385512
-1.183174 -3.104740
-0.819900 -2.814353
-1.017977 -3.376359
-1.183145 -3.748170
-0.925613 -3.525999
-0.991655 -3.572274
-1.204784 -3.569711
-0.900887 -3.464686
-0.968641 -3.699764
-0.754860 -3.264360
-1.170341 -3.864535
-1.103892 -3.434598
-0.786442 -3.453880
-0.855531 -3.406740
-0.780459 -3.499155
-1.230611 -3.361581
-0.602264 -3.148429
-1.143188 -2.954968
-0.766362 -3.301986
-0.838616 -3.505590
-0.752844 -3.347668
-0.884002 -2.804961
-1.137679 -3.285170
-0.735246 -3.391017
-1.402469 -3.945826
-1.013154 -3.122814
-0.919312 -3.615294
-1.234475 -3.509696
-1.093035 -3.742075
-1.115796 -3.752422
-1.189490 -3.528134
-0.626417 -3.586941
-0.734537 -3.512768
-0.965717 -3.575264
-1.003918 -3.401085
-0.785328 -2.900756
-1.148394 -2.984904
-1.068449 -2.969544
-1.172469 -4.023580
-1.146304 -3.510735
-1.218053 -3.142319
-1.100421 -3.735927
-1.001887 -3.683993
-0.804738 -3.105927
-0.536871 -2.769677
-0.732833 -3.464054
-0.572637 -3.507361
-1.270765 -3.600123
-1.517611 -2.243260
-1.356105 -3.920612
-0.764042 -3.152667
-1.136684 -2.908907
-1.249387 -3.665827
-1.117500 -3.769768
-0.989335 -2.980699
-0.772672 -2.890499
-1.368736 -3.214835
-1.420597 -3.633756
-1.259185 -3.191682
-0.848218 -3.528717
-0.797770 -3.497518
-1.071340 -2.859444
-1.176904 -3.225072
-0.622691 -2.954809
-0.774101 -2.884992
-1.246107 -3.227833
-1.001445 -3.606347
-0.779633 -2.958947
-0.842599 -3.451610
-1.143170 -3.211547
-0.912379 -2.957176
-0.734040 -2.992826
-0.623630 -3.502310
-0.775191 -3.400647
-0.769188 -2.891565
-0.756725 -3.369527
-0.863127 -2.806306
-0.764206 -3.516140
-1.216222 -3.610086
-1.081229 -3.090456
-1.192558 -3.801874
-0.656739 -3.678152
-1.206174 -3.187948
-1.270420 -3.601055
-1.171552 -3.789702
-0.783042 -3.078378
-0.560899 -3.081831
-0.755435 -3.507115
-1.183705 -3.758480
-1.080187 -3.189889
-0.913731 -3.053713
-0.769723 -3.327573
-0.869115 -2.783417
-1.050770 -3.080462
-1.128235 -4.119242
-1.094011 -3.772919
-1.045047 -3.349554
-1.287998 -4.321441
-0.864668 -2.885135
-1.270767 -4.174420
-0.973013 -3.612893
-1.243929 -3.291882
-1.153193 -3.757031
-0.978436 -2.816899
-0.852455 -3.064271
-0.754507 -3.254097
-1.065593 -3.340981
-0.909176 -3.718588
-1.225370 -3.407667
-1.009683 -2.957347
-0.944538 -3.730720
-0.915007 -3.736351
-1.082427 -3.579195
-1.186899 -3.386286
-1.061820 -3.649337
-1.267217 -3.663612
-0.748504 -3.509011
-0.736766 -3.508122
-0.570095 -3.438283
-1.160533 -2.961198
-0.612753 -2.790691
-1.255517 -3.437500
-0.875851 -3.593263
-0.916926 -2.914865
-0.987837 -3.475512
-0.782172 -2.861828
-1.012946 -2.816654
-0.872304 -3.493378
-1.258432 -3.663277
-1.087081 -2.950329
-0.953045 -3.639053
-1.029914 -4.016780
-1.397658 -4.032086
-0.963893 -3.729584
-0.865687 -3.394780
-1.096127 -3.777092
-1.023869 -3.383984
-0.923526 -3.582275
-1.209386 -3.185834
-1.327744 -3.048804
-1.170090 -2.934664
-0.745949 -3.657539
-0.973013 -3.616035
-1.239016 -3.198944
-0.890723 -3.369168
-0.857672 -3.290538
-1.139332 -3.783282
-0.969121 -3.739080
-0.777774 -2.834996
-0.968185 -3.724760
-0.827468 -3.288727
-0.818927 -3.438639
-0.933359 -3.682193
-0.811407 -3.242420
-0.563676 -2.788213
-1.271156 -3.300652
-0.767058 -2.650959
-1.102024 -3.618352
-1.055960 -3.676895
-0.834179 -2.957222
-1.362362 -4.019680
-0.584629 -3.429168
-0.941090 -3.258902
-0.781141 -3.129902
-1.253429 -3.501271
-1.264636 -3.618511
-1.091022 -3.464982
-0.740683 -3.164171
-0.845608 -3.266761
-0.776493 -3.418405
-0.826097 -3.802704
-0.807672 -3.387224
-0.749688 -3.063468
-0.774472 -3.333306
-1.249317 -3.618453
-0.903081 -3.710112
-1.081544 -3.790015
-1.359319 -2.602185
-1.325203 -3.822259
-0.882252 -3.567288
-0.780183 -3.464369
-0.901086 -3.298831
-0.858535 -3.038370
-1.262951 -3.273081
-1.056103 -3.733237
-1.141937 -3.117271
-0.808798 -3.258094
-0.861742 -3.513777
-1.155745 -3.557490
-2.084798 -3.114300
-0.779787 -3.041346
-0.950700 -3.126894
-0.781004 -2.871221
-0.926678 -3.706408
-0.868689 -3.706846
-1.191411 -3.188498
-0.861774 -3.171105
-1.011700 -3.585883
-1.255487 -3.593679
-0.531786 -3.491898
-1.161573 -3.063825
-0.918389 -2.767977
-1.236858 -3.547332
-1.005367 -3.663845
-1.366308 -3.837652
-0.764735 -3.076684
-0.599848 -2.800447
-1.042423 -2.866271
-1.159601 -2.999060
-0.794448 -3.447742
-0.910230 -3.724923
-1.048404 -3.751802
-0.646552 -3.904555
-0.946436 -2.786332
-0.582060 -2.800695
-0.903838 -3.139277
-0.789898 -3.427981
-1.164462 -2.941365
-0.913525 -3.620939
-0.857924 -2.854231
-1.004166 -3.570265
-0.688953 -3.522136
-0.547352 -2.869520
-0.717379 -3.481617
-0.736000 -3.320507
-0.844488 -2.537396
-1.157045 -2.724630
-0.792505 -2.853000
-0.857339 -3.516230
-1.020852 -3.246505
-0.759354 -3.020621
-0.727937 -3.180336
-1.235114 -3.621171
-0.996525 -3.611854
-1.013376 -2.764611
-0.663712 -3.206252
-1.122217 -3.544741
-1.203988 -3.311527
-1.071102 -2.908838
-0.919029 -3.655863
-1.392647 -4.232940
-0.787560 -3.392356
-0.718544 -3.203084
-0.867596 -3.759624
-0.906404 -2.852728
-0.793422 -3.361156
-1.204654 -3.378207
-0.796903 -2.846273
-0.746771 -2.908496
-0.823447 -3.619090
-0.875278 -2.843480
-0.852851 -3.652912
-0.942626 -3.149014
-1.169879 -3.761635
-1.267004 -3.410330
-0.777800 -3.510273
-1.169970 -3.704067
-1.025184 -3.794766
-0.972026 -3.179471
-0.943168 -3.737281
-0.787596 -2.554052
-0.983095 -2.840338
-1.187005 -3.774535
-0.973176 -2.818833
-0.850624 -3.629295
-1.077372 -3.225621
-0.792149 -3.436705
-0.862291 -3.616821
-0.717688 -3.194841
-1.020619 -3.763782
-1.093346 -3.430839
-0.859664 -3.159302
-0.795603 -3.445044
-0.857755 -3.370215
-0.551697 -3.022779
-1.036288 -3.471697
-0.855933 -2.791289
-0.927767 -2.845350
-0.907688 -2.686523
-0.908405 -2.593663
-0.666094 -3.205219
-0.755102 -3.145566
-1.060611 -2.884066
-1.387373 -3.909918
-1.187951 -4.168565
-1.033161 -3.678230
-0.846975 -3.617522
-1.020907 -3.830241
-0.665716 -3.216955
-0.823767 -3.397670
-0.725424 -3.280890
-0.837212 -2.752595
-0.893713 -2.675660
-0.737589 -2.974311
-0.830158 -3.564348
-0.658682 -3.257460
-0.898015 -2.677005
-0.988051 -3.658730
-1.037983 -3.354588
-1.180512 -3.211997
-0.982765 -3.765031
-0.729172 -3.259257
-1.248598 -3.260438
-0.898380 -3.536573
-1.249414 -3.330958
-1.005503 -3.091769
-0.992320 -3.772547
-1.200826 -3.681863
-0.960965 -3.712034
-0.979114 -2.435803
-1.121301 -4.196139
-0.647273 -3.094300
-0.866710 -3.079529
-0.714827 -3.280709
-1.192431 -3.173726
-0.873980 -3.643103
-1.397284 -3.952469
-1.133235 -3.609877
-0.972282 -3.026873
-1.090737 -2.783286
-0.702997 -3.402689
-0.692578 -3.082480
-1.078985 -2.801712
-0.887639 -2.932931
-0.876712 -3.588806
-0.825040 -3.340294
-0.680184 -3.064810
-0.693248 -3.145867
-1.003933 -3.532976
-1.227454 -3.655201
-0.641010 -3.460898
-0.718189 -3.080577
-0.954711 -3.740612
-0.502617 -2.778883
-0.996846 -2.869471
-1.071965 -3.788701
-0.810588 -3.571663
-1.053044 -3.602102
-1.050042 -3.675052
-0.677972 -3.096178
-1.202743 -3.275516
-1.083553 -3.381995
-0.939421 -3.303714
-1.141461 -3.449499
-1.262011 -4.073735
-0.934848 -2.741981
-0.746716 -3.427797
-0.888072 -2.734144
-0.980708 -3.805853
-0.890595 -3.420547
-1.046772 -2.761657
-1.174828 -2.928561
-0.676249 -3.088686
-1.121593 -3.615704
-1.055230 -3.513389
-0.810412 -3.457771
-0.882373 -2.770061
-1.067517 -2.526768
-0.808055 -3.392093
-0.760064 -3.344368
-0.880384 -3.642805
-0.902271 -2.992656
-0.679932 -3.241152
-0.791037 -3.093299
-0.669177 -3.339299
-1.204323 -3.667310
-1.074528 -3.632253
-0.691534 -3.092498
-1.043873 -2.508227
-0.953699 -3.128243
-0.920112 -2.807352
-1.067254 -3.056431
-0.713113 -3.188087
-1.077116 -2.154939
-0.713122 -3.067771
-1.010123 -3.377966
-1.023409 -3.712930
-0.821123 -3.630373
-0.636337 -3.219316
-0.952131 -3.471972
-0.819753 -3.666140
-0.744492 -2.360371
-0.653003 -2.322686
-0.337669 -3.153763
-1.056458 -3.311621
-0.747026 -2.902241
-0.892962 -3.694790
-0.537075 -3.354173
-0.951432 -2.707721
-0.792220 -2.825421
-0.976695 -2.940712
-0.954006 -2.735018
-0.812491 -3.575719
-0.927351 -3.601417
-0.727493 -3.208040
-0.692321 -3.088708
-1.655816 -3.469277
-0.966203 -2.800323
-1.015624 -3.760992
-0.908143 -2.796678
-0.756909 -3.495614
-0.966567 -3.523397
-0.980114 -3.117495
-1.077090 -2.815188
-1.082649 -3.005330
-1.040392 -3.802315
-0.747116 -3.731333
-0.703395 -2.747702
-0.721451 -3.184768
-0.932131 -3.263153
-1.091296 -3.589992
-0.663605 -2.488177
-1.177362 -3.010717
-1.272361 -3.327086
-1.212694 -3.702154
-1.397600 -2.999144
-0.510993 -3.093328
-1.132764 -3.106668
-1.060759 -3.497952
-1.243129 -3.084064
-0.610736 -2.910086
-1.200337 -3.717819
-0.738687 -3.246193
-1.224919 -3.189387
-1.181726 -3.738161
-0.426481 -3.342669
-0.829454 -3.375199
-0.792827 -2.821477
-0.653490 -2.806326
-0.683555 -3.270340
-0.718782 -3.059630
-0.807875 -2.901671
-0.871230 -2.875199
-1.148458 -3.190410
-1.010602 -3.791856
-0.924244 -3.644455
-0.772634 -3.433104
-1.182711 -3.845103
-1.049652 -3.807322
-1.142076 -3.978150
-0.921996 -3.482889
-1.231695 -3.088829
-0.738769 -3.510983
-0.922892 -3.182808
-0.737791 -3.176530
-0.685347 -3.180358
-0.990206 -3.725502
-1.239397 -3.114406
-0.765652 -3.393057
-1.222210 -3.249964
-1.089593 -2.763692
-0.931955 -3.059505
-0.910308 -3.006478
-0.766744 -3.228184
-1.254342 -3.601643
-0.856494 -3.643700
-0.608531 -4.803901
-0.773608 -3.472360
-1.074752 -2.888951
-0.973594 -3.751372
-0.935861 -2.894963
-0.753012 -2.948802
-0.768999 -3.344628
-0.834464 -3.523051
-0.930062 -2.685846
-0.909908 -3.559392
-1.109807 -2.904481
-1.030264 -3.655586
-0.994963 -2.729877
-0.747502 -2.982448
-0.864949 -3.312020
-0.699689 -3.212404
-1.218983 -3.572478
-0.675386 -2.431614
-1.241087 -3.452236
-0.714325 -2.582881
-0.848360 -3.178788
-0.678834 -3.247252
-1.034876 -2.690191
-0.787351 -3.070602
-0.865216 -3.652532
-1.042802 -3.806446
-0.640366 -3.528420
-0.752980 -2.856557
-1.027912 -2.479265
-1.005552 -3.430708
-1.240174 -3.216251
-1.237632 -3.273397
-1.230960 -3.096785
-0.863260 -3.574737
-1.011372 -3.726745
-1.005848 -3.515490
-0.508992 -4.094724
-0.843338 -3.323828
-1.704310 -3.059527
-0.665205 -3.288783
-0.968815 -3.232262
-0.567345 -3.034794
-4.340631 -3.601253
-1.345594 -3.974293
-2.651309 -3.012715
-1.123428 -3.040722
-0.916865 -3.615481
-1.369691 -3.846156
-1.402402 -4.048613
-0.711778 -3.354529
-0.687478 -3.265685
-0.795418 -3.509973
-0.800980 -2.914880
-0.809299 -3.288866
-0.873278 -3.128772
-0.821773 -2.999188
-0.987818 -2.737300
-0.733366 -3.486027
-0.923798 -3.671655
-0.701412 -3.099662
-0.668914 -2.975487
-0.768470 -2.873655
-0.659548 -2.987085
-0.891248 -2.918142
-0.709757 -3.334865
-1.085647 -3.640472
-0.905907 -3.382526
-1.065433 -4.049203
-0.523763 -3.006860
-0.871251 -2.774445
-0.661265 -3.003146
-0.778012 -3.370913
-0.684388 -3.248787
-1.120591 -2.599555
-0.822547 -3.538991
-0.732613 -3.470290
-0.949941 -2.703534
-1.063117 -3.031256
-0.867247 -3.209603
-1.185908 -3.213107
-0.708214 -3.165505
-1.049797 -3.578794
-1.127252 -3.789078
-0.994110 -3.136068
-1.071466 -3.658355
-0.869001 -3.672436
-1.373359 -3.521825
-0.853741 -3.613365
-1.193773 -3.753766
-0.715942 -3.353140
-1.116026 -3.276850
-0.721599 -3.294328
-1.257757 -3.110818
-1.173436 -3.692935
-0.689416 -3.051292
-0.868947 -3.198493
-0.953429 -3.706038
-0.943551 -3.466178
-1.145358 -3.274201
-0.815549 -3.432061
-0.750412 -2.808279
-1.035672 -3.669333
-1.190712 -3.510294
-0.839151 -3.497958
-1.042631 -3.449253
-1.070208 -3.803325
-0.958019 -2.946584
-0.757353 -2.814023
-0.502987 -2.918026
-0.852424 -2.719405
-0.921723 -3.585243
-1.240715 -3.290586
-0.979234 -2.715236
-0.985243 -2.995058
-0.795152 -3.230363
-0.787502 -3.487689
-1.026527 -3.092170
-0.919401 -2.756909
-1.092450 -2.841662
-1.159347 -3.706576
-0.974604 -2.964770
-0.677933 -3.285806
-0.996608 -3.249395
-0.797036 -3.346204
-0.976795 -3.274714
-0.761890 -3.326540
-1.106139 -3.405492
-1.240443 -3.420021
-1.264070 -3.396386
-0.825608 -3.613742
-0.987726 -3.246505
-0.860692 -3.559160
-0.831890 -2.402772
-1.209798 -3.059661
-0.741093 -3.515435
-0.986336 -3.302691
-0.977365 -3.291289
-0.661228 -3.098253
-0.827422 -2.871723
-0.723481 -3.280656
-0.914940 -3.266491
-0.820673 -3.045532
-0.683117 -3.026874
-0.725849 -3.176310
-0.986151 -3.265982
-1.249312 -3.054299
-1.026804 -3.551192
-1.151722 -2.919204
-0.645859 -2.694779
-1.203495 -3.368602
-0.817636 -2.738124
-1.167291 -3.429036
-0.993707 -2.728277
-0.834208 -3.464438
-0.552199 -3.426256
-1.038975 -3.279347
-0.788513 -2.789419
-1.214397 -3.523700
-0.824877 -3.540065
-1.002143 -3.227841
-0.751001 -2.754931
-1.152658 -3.525526
-0.979206 -3.284752
-0.974022 -3.320416
-1.039372 -2.794156
-1.100181 -3.123448
-1.075944 -3.583166
-0.692240 -3.132362
-0.850815 -2.510829
-0.844411 -3.388394
-0.705618 -3.293933
-1.002098 -3.252108
-0.967329 -3.235806
-0.748954 -3.508444
-1.035660 -3.662172
-1.004146 -3.315243
-0.705958 -3.116081
-1.130435 -2.685322
-1.039621 -3.303159
-1.079772 -3.119507
-0.965410 -3.320214
-0.977599 -3.272838
-1.097519 -2.849098
-1.030242 -3.270297
-1.026575 -3.321464
-0.962896 -2.710673
-0.971843 -3.215457
-0.990971 -3.241307
-1.123902 -3.081387
-1.428413 -3.121159
-0.800640 -3.471591
-0.809644 -3.667588
-0.563777 -3.396631
-0.850898 -3.988991
-0.663031 -3.047025
-0.793610 -2.954269
-0.968530 -3.357810
-1.021499 -3.305041
-0.936571 -4.041190
-1.212135 -3.619930
-0.975353 -3.312572
-0.965862 -3.289563
-0.741028 -3.200643
-0.996013 -3.352031
-0.896834 -3.602504
-1.011767 -2.695748
-0.979165 -3.265940
-1.033520 -3.296984
-0.971080 -3.334653
-1.168824 -3.345947
-0.738568 -3.768208
-1.049327 -3.715011
-0.982560 -3.333958
-1.181650 -2.833926
-0.956766 -3.705922
-1.009422 -3.286181
-0.861943 -3.151600
-0.905882 -3.151054
-1.021668 -3.357424
-0.955882 -3.246759
-1.115596 -4.104935
-0.763483 -2.569491
-0.920180 -2.847180
-0.998230 -3.351932
-0.870869 -2.688268
-1.008170 -3.324448
-0.664204 -3.063011
-0.926398 -2.669955
-1.012964 -3.345876
-1.044838 -3.672848
-0.987680 -3.171281
-0.950807 -3.248071
-0.982604 -3.200711
-1.008060 -3.213593
-0.986934 -3.354761
-1.011683 -3.241353
-1.013245 -4.151711
-0.951053 -3.224867
-1.046931 -3.876002
-0.926953 -3.222922
-0.926643 -3.238104
-0.993300 -3.242917
-0.976887 -3.206680
-0.663264 -3.320755
-0.729476 -3.846881
-0.868735 -3.316533
-0.710942 -3.866190
-0.960035 -3.275390
-1.081894 -3.888919
-1.004646 -3.233922
-0.828019 -3.476148
-0.859646 -3.236230
-0.708570 -3.345745
-1.049604 -2.957171
-1.017656 -3.227844
-0.928372 -3.223538
-0.959762 -3.279938
-1.227881 -3.178960
-1.047936 -3.895069
-1.063135 -3.879088
-0.968674 -3.174549
-0.999108 -2.467284
-0.643128 -3.484106
-0.721529 -3.212507
-0.940328 -2.775315
-0.987960 -3.339079
-0.713945 -3.128197
-1.033521 -3.218346
-1.121265 -2.880452
-0.853607 -3.934445
-0.946179 -3.354967
-1.023386 -3.281386
-1.009509 -3.235952
-1.032236 -3.344858
-0.823756 -3.669392
-1.182199 -3.632627
-1.351659 -4.153766
-0.890364 -2.994471
-0.933280 -3.300207
-0.778944 -3.540539
-0.999586 -3.207211
-0.829079 -3.569550
-0.943820 -3.219880
-0.935204 -3.302362
-1.124722 -3.895583
-0.917503 -3.976168
-1.262648 -3.657913
-0.957445 -3.240082
-0.695058 -2.992836
-1.108962 -3.787473
-1.039733 -3.303431
-0.815170 -2.964666
-1.010480 -3.209862
-1.114819 -3.865634
-0.972323 -3.330498
-1.060142 -3.151247
-1.153934 -2.864617
-1.265586 -2.768096
-0.995938 -3.185823
-0.990110 -3.270054
-0.830478 -3.545534
-1.205591 -3.497818
-0.828002 -3.097944
-1.015240 -3.354123
-0.790802 -2.794232
-0.716087 -3.135114
-0.947652 -3.518119
-0.853408 -3.651064
-0.972973 -3.171794
-0.738021 -3.275427
-0.944878 -3.286152
-1.186674 -3.682268
-0.839393 -3.121941
-0.994104 -3.389197
-1.016980 -3.317163
-0.556972 -2.805347
-0.753136 -3.296550
-0.758736 -3.575347
-0.934960 -3.216456
-0.756138 -3.384909
-0.783283 -3.453108
-1.211183 -3.680891
-0.945120 -3.221991
-1.022015 -2.799621
-0.948142 -3.263210
-1.349357 -2.863928
-0.952153 -3.194427
-1.087007 -3.886769
-0.979790 -3.343927
-0.929038 -3.723889
-1.192486 -3.594116
-1.039444 -4.166516
-0.735944 -3.592425
-1.006944 -3.366283
-1.018353 -3.386407
-1.416372 -3.977045
-0.738411 -3.476426
-0.958405 -3.184165
-1.037884 -3.393081
-0.698689 -3.361341
-0.987718 -3.260569
-0.944991 -3.211989
-1.017131 -3.247509
-0.963129 -3.307610
-0.974143 -3.391690
-1.049443 -3.891186
-0.964685 -3.368434
-0.752415 -3.539151
-0.781906 -3.266533
-0.981336 -3.340011
-0.938520 -3.181889
-0.977658 -3.399109
-1.030429 -3.273089
-1.027239 -3.182871
-0.965689 -3.177170
-0.909969 -3.503973
-1.011816 -3.174930
-0.966547 -3.356442
-0.981926 -3.364134
-1.033870 -3.338558
-1.037603 -3.173528
-1.177574 -3.832847
-0.929584 -3.182376
-0.796322 -3.413721
-1.032202 -3.317890
-0.941857 -3.353870
-0.966773 -3.289042
-0.665099 -3.337466
-0.758524 -3.519964
-0.948653 -3.240998
-1.018123 -3.232076
-0.953338 -3.350377
-1.000609 -3.371503
-1.024564 -3.365609
-1.005395 -3.169015
-0.975177 -3.143816
-0.928001 -3.318911
-0.965877 -3.143783
-0.801919 -3.558807
-1.236021 -3.396281
-0.995050 -3.344119
-1.284835 -4.425519
-0.925420 -3.329586
-0.717428 -2.948331
-1.034221 -2.527600
-1.042759 -3.882907
-1.138618 -2.932004
-1.006833 -3.365075
-1.012109 -3.316300
-0.690959 -2.961105
-1.043513 -3.387448
-0.944812 -2.788092
-1.249934 -3.716095
-1.008336 -3.257163
-0.736397 -3.513871
-0.973105 -3.344950
-1.629454 -4.099486
-0.942313 -3.179844
-1.200298 -3.207254
-0.534137 -2.947485
-1.027402 -3.341839
-1.356228 -3.655716
-0.844400 -3.670990
-1.020881 -3.335282
-1.024848 -3.204136
-0.943316 -3.226434
-0.381620 -3.265999
-0.864402 -3.297748
-1.069296 -3.895599
-0.759706 -2.775282
-1.222295 -3.664696
-1.023615 -3.193929
-0.975890 -3.315127
-0.955060 -3.219264
-1.196779 -3.818088
-0.525240 -2.677562
-0.930704 -3.590185
-0.958715 -3.318369
-0.769447 -2.921735
-1.023644 -3.302109
-0.981303 -3.145875
-1.074367 -2.985559
-1.069961 -3.319264
-0.777839 -3.427880
-0.827850 -3.190764
-0.917247 -3.696611
-0.977593 -3.370406
-0.975460 -3.313116
-1.184994 -3.491335
-0.998686 -3.278029
-0.947715 -3.271492
-0.999230 -3.232814
-0.959939 -3.205770
-1.257133 -3.793211
-0.937737 -2.718775
-1.047045 -3.317791
-1.045296 -3.315208
-0.950936 -3.273208
-1.025239 -3.398981
-0.950711 -3.313123
-0.863694 -3.601706
-0.790922 -3.527178
-1.057795 -3.791927
-0.699004 -2.906475
-0.958772 -3.145143
-0.964005 -3.216881
-0.694087 -3.131505
-1.068023 -3.360024
-1.003417 -3.315264
-1.026386 -3.356984
-1.025185 -3.215310
-0.727321 -3.196221
-1.055305 -3.279233
-1.018187 -3.392795
-0.967489 -3.400119
-0.951546 -2.917269
-0.782053 -3.565376
-0.970569 -3.255049
-1.119386 -2.829835
-0.927527 -3.139724
-0.930165 -3.176050
-0.811995 -2.668220
-1.018033 -2.712888
-0.953467 -3.300850
-0.977742 -3.176853
-0.829793 -2.773735
-0.779431 -3.456900
-1.225841 -3.216230
-0.596038 -3.384666
-0.748054 -2.846522
-0.891520 -3.227585
-1.062931 -3.281829
-1.105284 -3.824463
-0.951970 -3.298646
-0.580702 -3.611748
-1.043772 -3.311262
-0.943426 -3.190042
-1.068052 -3.258069
-0.863621 -3.587583
-1.269210 -3.794576
-0.677604 -3.046792
-1.026377 -3.215962
-1.037882 -3.298859
-0.957297 -3.360084
-1.091719 -3.742192
-1.007078 -3.824731
-0.963656 -3.260540
-1.044570 -3.330243
-1.068438 -3.261228
-1.000266 -3.314145
-0.998853 -3.195025
-1.007238 -3.388457
-0.985635 -3.217837
-1.078646 -2.901982
-0.944872 -3.153205
-1.009003 -3.411310
-1.008632 -3.419922
-0.997690 -3.212296
-1.054524 -3.309227
-1.063472 -3.284591
-1.258875 -3.600433
-1.076910 -3.521552
-0.801505 -3.590302
-0.721036 -3.338193
-1.024682 -3.358320
-1.029809 -3.179761
-0.913276 -3.368884
-1.000492 -3.060556
-1.060011 -3.351819
-1.024473 -3.212843
-0.802998 -3.360323
-0.933402 -3.182215
-0.931697 -3.224076
-1.121662 -2.827997
-1.062000 -3.281011
-1.005677 -3.146394
-0.686211 -2.942104
-1.013312 -3.254458
-0.903347 -3.239063
-0.918969 -3.222423
-1.271257 -3.125191
-0.719434 -3.431058
-0.894739 -3.245268
-1.015876 -3.413829
-0.776941 -3.159483
-0.792226 -2.801357
-0.990156 -3.170072
-1.124407 -3.886942
-0.730903 -3.263368
-0.666453 -3.102813
-0.836483 -3.325014
-1.062356 -3.232098
-1.198826 -3.018734
-1.075671 -3.285700
-0.774904 -2.762492
-1.062660 -3.286029
-0.897802 -3.222435
-0.976267 -3.404527
-0.806514 -2.945621
-0.931662 -3.277224
-0.980253 -3.428562
-0.734432 -3.450790
-0.950480 -3.366208
-0.893114 -2.765152
-0.803998 -2.381803
-1.062392 -3.379091
-1.010646 -3.400083
-1.070643 -3.231470
-1.048994 -3.275180
-0.982751 -3.429593
-0.944672 -3.394122
-1.048897 -3.241829
-1.058395 -3.388899
-0.918283 -3.208917
-0.730355 -3.414766
-1.036345 -3.426742
-1.042242 -3.249060
-0.795448 -3.397854
-1.026585 -3.144172
-0.952574 -3.207696
-0.988121 -3.349627
-0.674712 -3.512896
-0.989988 -3.348692
-0.950010 -3.174692
-0.878794 -2.766636
-0.979328 -3.409490
-0.964669 -3.384708
-0.996029 -3.151390
-0.966891 -3.304055
-1.151806 -3.053834
-0.931563 -3.297002
-1.068235 -3.388718
-1.075434 -2.975390
-0.955486 -3.140109
-1.009154 -3.372743
-0.895175 -3.230156
-0.943791 -3.385179
-0.950888 -4.050287
-0.931378 -3.188920
-0.888142 -3.254368
-0.889867 -3.646877
-0.727403 -3.324173
-0.758115 -3.465324
-0.788306 -3.070491
-0.970907 -3.429249
-1.046262 -3.286776
-0.875982 -3.636914
-0.903662 -3.173356
-1.025202 -3.433045
-0.892791 -3.188865
-1.015566 -3.279993
-1.079341 -3.237349
-1.121740 -3.619253
-0.995155 -3.118188
-1.013783 -3.134498
-1.065248 -3.350402
-1.090659 -3.507431
-0.662517 -3.432577
-0.916484 -3.200135
-0.890946 -3.220024
-0.973798 -3.128610
-0.806897 -2.981832
-0.890649 -3.204388
-1.142289 -3.774428
-1.034514 -3.239815
-0.874416 -3.057893
-0.808700 -3.346534
-1.005446 -3.628236
-1.021131 -3.317862
-1.088449 -3.827657
-0.927912 -3.340024
-0.960019 -3.381242
-0.924883 -3.213719
-0.985116 -3.125487
-0.967613 -3.126365
-0.694959 -2.973646
-1.233584 -2.983537
-0.847630 -3.321860
-0.924562 -3.737792
-0.995552 -3.432864
-0.758192 -3.524673
-1.059351 -3.245888
-0.902347 -3.305554
-0.967825 -3.411292
-0.898498 -3.316915
-0.958876 -3.267497
-3.105481 -3.320303
-0.503023 -2.628051
-0.926070 -3.337925
-0.709521 -3.185267
-0.896228 -3.201071
-1.053281 -3.224875
-0.985293 -3.273279
-5.442249 -3.711277
-2.863985 -3.111634
-0.963407 -3.159383
-0.920980 -3.286170
-0.710311 -3.326336
-0.974907 -3.399837
-0.961669 -3.173497
-0.977978 -3.343811
-0.851914 -2.692607
-0.942238 -3.226729
-0.659193 -3.151584
-0.994209 -3.176460
-0.896808 -3.282651
-1.037398 -3.189111
-0.924093 -3.924018
-0.657406 -3.372577
-0.902608 -3.266117
-0.837812 -3.078931
-1.068074 -3.308277
-0.876931 -3.439684
-1.021861 -3.487517
-0.714816 -3.126393
-1.022415 -3.153342
-1.078236 -3.260962
-0.914226 -3.172331
-0.928335 -3.291210
-0.700015 -3.393160
-0.858764 -3.504666
-0.954821 -3.182560
-0.999947 -3.436694
-0.973835 -3.304803
-0.656154 -3.379836
-0.895625 -3.313681
-0.635651 -2.928673
-0.981906 -3.223222
-0.942698 -3.328333
-0.928915 -3.107968
-0.656029 -3.301472
-0.918841 -3.296367
-0.937477 -3.388186
-0.478061 -2.890094
-0.978273 -3.272663
-0.815192 -3.901778
-0.932302 -3.370220
-1.257650 -3.642681
-0.921405 -3.273573
-1.013070 -3.426585
-0.834771 -3.657312
-0.961983 -3.115430
-0.660820 -3.226115
-1.038077 -3.162409
-0.937129 -3.449926
-0.611848 -2.538819
-0.887725 -3.236176
-0.604558 -2.821564
-0.939753 -3.108509
-0.789245 -3.563877
-0.835799 -2.431943
-1.051192 -3.405335
-0.917027 -3.301069
-1.058789 -3.387009
-0.723187 -3.030144
-0.955775 -3.676043
-0.806147 -2.467319
-1.157303 -3.781037
-0.710724 -3.722891
-0.984982 -3.127463
-0.837584 -3.352891
-0.526036 -3.447009
-0.968286 -3.153486
-1.022010 -3.301425
-1.062501 -3.421957
-1.035169 -3.214337
-0.946976 -2.674166
-1.414469 -3.576304
-0.920370 -3.216111
-1.060083 -3.249415
-1.080171 -3.786741
-0.849113 -3.566344
-0.787797 -2.787879
-0.950057 -3.372333
-1.044648 -3.199419
-1.006034 -3.374060
-0.855045 -3.007656
-1.006272 -3.176024
-1.182769 -2.861551
-1.051989 -3.227646
-0.922021 -3.264437
-0.982893 -3.359672
-0.929983 -3.211982
-1.055109 -3.171615
-1.250736 -3.412467
-1.234905 -3.021466
-0.916090 -3.534787
-1.201826 -3.277545
-1.028749 -3.303407
-0.986260 -3.260030
-0.915927 -3.165735
-0.557100 -3.017115
-0.902315 -3.263402
-0.908138 -3.142227
-1.236224 -3.196763
-0.779374 -3.650970
-1.008696 -3.130054
-0.976391 -3.407858
-0.952288 -3.289770
-0.816829 -2.849447
-1.055200 -3.421560
-0.813935 -3.389584
-1.069935 -3.426600
-0.586127 -3.128020
-0.853342 -3.580076
-1.032418 -3.348428
-0.975099 -3.116142
-0.824997 -4.004761
-0.754948 -3.545901
-0.926598 -3.235906
-0.670562 -3.267193
-1.026401 -3.338905
-0.924627 -3.305548
-0.963264 -3.338632
-1.067169 -3.343796
-0.996989 -3.548469
-1.072001 -3.202290
-1.019713 -3.104280
-0.897949 -3.153384
-1.010599 -3.443570
-0.938148 -2.795782
-0.988857 -3.267314
-1.244808 -3.814266
-0.982022 -3.159503
-0.657246 -3.059589
-1.042077 -3.431056
-0.774794 -3.110770
-1.064341 -3.279576
-0.893202 -3.151050
-0.394959 -2.909556
-1.070090 -3.294490
-0.904475 -3.276996
-0.592826 -2.726526
-1.294711 -4.034368
-1.029690 -3.119217
-1.064543 -3.874507
-0.935095 -3.121138
-1.006063 -3.450790
-1.039289 -3.412974
-1.229204 -3.064292
-0.955322 -3.282687
-1.038757 -3.415073
-1.239711 -3.623698
-1.034400 -3.454414
-0.982832 -3.143278
-1.009409 -3.146640
-1.016171 -3.303824
-0.710436 -3.096449
-1.075991 -3.746495
-1.002470 -3.109881
-1.210747 -3.767673
-1.052056 -3.313231
-1.112818 -3.777492
-1.026623 -3.118152
-0.971683 -3.353884
-0.947237 -3.149629
-1.077573 -3.437404
-0.730466 -3.399278
-0.909220 -3.255758
-0.908911 -3.161616
-0.986826 -3.329808
-0.963951 -3.316356
-5.871189 -4.275362
-0.941605 -3.419917
-0.729933 -3.178914
-0.944654 -3.433410
-0.558771 -3.517911
-0.900365 -3.354332
-0.949777 -3.409234
-0.668675 -3.261954
-0.969771 -3.699491
-1.008572 -3.459364
-0.982106 -3.267091
-0.953847 -3.338286
-1.010638 -2.700152
-1.066313 -3.236892
-1.259777 -2.990940
-0.924227 -3.268813
-1.042534 -3.373991
-0.668435 -3.761673
-0.932430 -2.712565
-1.047092 -2.853023
-0.932274 -3.784191
-1.059480 -3.330946
-0.980586 -3.698120
-0.856942 -2.741764
-1.024005 -3.364759
-0.960806 -3.416489
-0.923783 -3.747750
-0.925735 -2.612458
-1.001566 -3.273070
-0.883273 -2.991494
-1.019536 -3.406481
-1.000794 -2.799650
-0.716458 -2.922578
-1.011857 -3.357584
-1.008929 -3.161433
-0.990795 -3.422771
-0.987939 -3.303525
-1.073185 -3.367286
-1.015453 -3.421986
-1.056688 -3.435694
-1.002363 -3.216274
-0.950601 -3.415665
-0.940395 -3.336831
-0.875389 -3.235387
-1.010943 -3.461331
-0.989613 -3.460374
-0.916856 -3.197894
-0.926244 -3.095634
-0.925288 -3.187647
-0.744171 -3.163443
-1.128478 -3.455900
-0.473699 -3.213254
-0.928133 -2.645552
-0.983697 -3.252099
-0.969597 -3.473471
-0.975192 -3.107075
-0.722705 -3.402800
-1.383990 -2.889527
-1.038721 -3.184734
-0.913275 -3.231285
-0.602299 -3.447623
-0.609987 -3.268913
-0.971270 -3.134484
-0.998789 -2.840187
-0.973634 -3.085619
-0.942374 -3.157198
-1.000012 -3.215675
-0.935361 -3.141001
-0.816884 -3.446321
-0.980418 -3.457197
-0.918906 -3.130796
-0.568493 -2.593441
-0.984531 -3.059287
-0.739730 -3.396224
-1.004587 -3.237672
-0.894708 -3.249598
-0.734434 -3.793661
-1.139783 -3.195940
-0.719994 -3.406842
-0.914676 -3.316145
-0.954936 -3.209357
-1.079966 -3.389041
-1.041834 -3.232663
-1.103390 -2.704300
-0.879081 -2.786888
-1.041104 -3.289259
-1.054773 -3.162523
-0.906105 -3.228456
-0.993091 -3.327716
-1.184121 -3.743977
-1.076700 -3.464684
-1.230380 -3.696146
-0.971185 -3.405894
-0.932701 -3.398368
-0.631742 -3.589926
-1.033287 -3.294700
-0.681682 -3.229276
-0.920722 -3.233638
-1.074046 -3.557238
-0.996538 -2.944697
-0.968692 -3.463677
-0.902034 -3.098018
-1.052543 -3.397013
-0.895096 -3.253305
-1.053631 -3.276278
-0.911066 -2.947427
-1.053882 -3.320210
-0.984057 -3.132818
-1.053804 -3.168789
-0.994473 -3.257394
-0.721573 -3.203607
-0.955236 -3.070199
-0.955023 -3.072458
-0.732321 -3.569868
-1.077802 -3.456397
-0.928530 -3.407508
-1.014482 -3.166589
-0.903243 -3.359709
-0.963410 -3.064258
-0.990133 -2.738065
-1.113927 -3.879125
-1.118187 -3.308406
-1.064662 -3.458200
-0.915107 -3.109561
-0.833976 -2.738696
-1.109262 -3.288676
-1.095299 -3.291902
-0.689749 -3.371007
-0.916102 -3.160123
-0.943061 -3.068761
-1.057073 -3.404630
-1.117256 -3.345430
-1.098653 -2.769329
-1.041145 -3.091963
-0.985062 -3.464116
-0.878456 -3.405827
-0.808246 -3.469861
-1.025928 -3.809023
-0.951449 -3.252070
-1.000581 -3.102705
-0.974106 -3.242824
-1.216323 -3.763789
-0.905770 -3.126660
-1.105706 -3.310262
-1.061864 -3.448078
-0.964441 -3.421563
-1.033699 -3.379218
-0.790084 -3.212893
-0.784838 -3.809047
-1.004081 -3.179049
-1.093880 -3.351830
-0.699415 -2.823067
-0.911899 -2.982927
-0.932834 -3.162907
-1.050542 -2.938204
-0.743172 -3.783353
-1.098365 -3.404621
-0.934747 -3.275397
-1.054066 -3.391110
-0.898189 -3.211826
-1.061644 -3.462380
-0.953856 -3.406014
-0.929434 -3.372852
-1.044209 -3.243178
-0.985291 -3.280208
-0.981954 -3.146931
-0.754598 -3.515995
-0.757758 -3.538408
-1.006656 -3.416952
-1.129532 -3.428400
-0.917222 -3.332326
-1.048959 -3.316320
-1.095797 -3.361188
-0.957159 -3.235704
-1.242394 -3.565237
-0.904997 -3.385618
-0.908750 -3.101090
-1.011604 -3.427652
-0.890862 -3.291318
-0.915309 -3.389882
-0.736509 -3.310338
-1.089262 -3.255571
-1.087939 -3.249317
-0.952739 -3.086625
-1.079690 -3.329201
-0.847158 -3.246614
-1.016626 -3.111447
-1.000993 -3.324016
-0.955596 -3.335769
-1.051355 -3.371786
-0.971221 -3.199574
-1.067739 -3.267174
-0.766364 -3.769295
-0.700877 -3.013779
-0.952307 -3.413222
-0.909177 -3.383533
-0.564500 -3.583316
-1.061372 -3.421602
-1.079576 -3.142370
-1.007075 -3.374434
-1.110730 -3.356704
-0.916954 -3.309975
-0.912422 -3.290721
-0.973520 -3.055580
-1.337891 -3.387061
-0.803864 -3.560674
-0.846595 -3.702726
-0.977153 -3.129109
-1.104375 -2.686415
-1.082370 -3.247541
-1.030658 -3.845867
-1.032835 -2.865858
-0.932534 -3.223068
-0.853411 -3.693753
-0.684534 -3.331635
-1.008646 -3.201579
-0.988642 -3.082216
-1.083397 -3.395875
-0.984605 -3.125928
-0.904914 -2.594087
-0.889910 -3.275822
-0.923636 -3.098472
-0.511415 -2.883070
-1.037998 -3.280857
-0.910494 -3.342349
-0.680933 -3.142838
-1.138507 -3.516918
-0.959469 -3.390391
-0.764357 -3.121893
-1.013024 -3.450048
-0.992765 -3.507981
-1.095752 -3.012159
-0.926643 -3.474590
-0.838993 -3.605477
-1.050506 -3.446477
-1.232593 -3.684120
-0.816782 -3.725249
-0.915143 -3.174139
-1.090523 -3.349205
-0.975232 -4.334695
-0.930920 -3.188456
-1.111632 -3.372586
-0.772638 -3.602731
-0.835411 -3.471266
-1.030787 -3.088295
-1.232383 -3.125877
-1.173387 -3.516183
-0.907273 -3.388857
-0.890983 -3.175128
-1.038916 -3.393185
-0.896619 -3.108853
-1.273324 -3.171257
-1.159287 -3.176829
-1.030092 -3.059750
-0.568940 -3.282489
-1.126609 -3.857453
-1.091636 -3.061807
-0.848095 -3.238909
-0.875728 -3.379388
-1.499603 -3.856656
-1.113688 -3.312571
-0.795495 -3.577247
-1.002454 -3.467291
-0.691305 -3.022778
-1.031243 -3.479007
-1.066533 -3.413727
-0.992932 -4.069627
-1.078722 -3.193512
-0.655895 -2.872094
-1.048245 -3.316569
-0.954883 -3.359463
-1.057302 -3.176728
-0.842688 -3.049765
-0.959255 -3.068905
-0.914805 -3.358227
-1.089399 -3.349388
-1.059387 -3.340131
-0.866401 -3.241128
-1.391015 -3.783297
-1.069173 -3.390527
-0.950488 -3.225936
-0.961725 -3.104934
-0.930921 -3.058404
-1.379775 -3.737537
-0.921686 -3.516827
-1.013226 -3.066404
-0.874193 -3.257191
-0.999507 -3.414986
-0.802840 -3.520163
-1.039757 -3.132909
-0.797238 -3.476035
-1.012464 -3.065549
-1.109561 -3.283357
-1.086845 -3.216157
-0.947765 -2.695806
-0.853057 -3.188524
-0.877081 -3.268196
0.606184 -3.127066
-0.918422 -3.276499
-1.097469 -3.240664
-0.871923 -3.268961
-0.979214 -3.207438
-0.939635 -3.426532
-0.677807 -2.422117
-1.089293 -3.567031
-0.601119 -3.624536
-0.931745 -3.414370
-1.028507 -3.585931
-1.028483 -3.158959
-0.792675 -2.863169
-1.327590 -3.435024
-1.050307 -3.475739
-1.098649 -3.403705
-0.580270 -2.571926
-0.862970 -3.182237
-0.978373 -3.159441
-1.088703 -3.243669
-0.871732 -3.254596
-0.670705 -2.928728
-1.090716 -3.435898
-0.758175 -3.506845
-1.110175 -3.237439
-0.851633 -3.251951
-1.027543 -3.501061
-0.900604 -3.283330
-0.920706 -3.374789
-0.893113 -3.243708
-1.041283 -3.066472
-1.092787 -3.410689
-0.958892 -3.219235
-0.531500 -3.568305
-0.807024 -3.582876
-0.949616 -3.780506
-0.875881 -3.282183
-0.849718 -3.208593
-1.067535 -3.150510
-1.037592 -3.168736
-0.994878 -3.376487
-1.009670 -3.327114
-1.072890 -3.102695
-1.010671 -3.405859
-0.885735 -2.824781
-0.949471 -3.131683
-1.078841 -3.119956
-0.750048 -2.908361
-0.935834 -3.064514
-1.413784 -4.131879
-0.959433 -3.443516
-0.831719 -3.684744
-1.115302 -3.307025
-1.106225 -3.323307
-0.897745 -3.122581
-0.966819 -3.325563
-1.010037 -2.492255
-1.051651 -3.432016
-0.964488 -3.889838
-0.752098 -3.045033
-1.342893 -3.316978
-1.218181 -3.246091
-1.077889 -3.110275
-1.110290 -3.389162
-0.659139 -3.073649
-1.008530 -3.447267
-1.267605 -3.709835
-0.890239 -3.075139
-0.215433 -2.698896
-1.012031 -3.080386
-0.944285 -3.416493
-1.017059 -3.176787
-1.009736 -4.203496
-0.898017 -3.125163
-1.062269 -3.493050
-1.111034 -3.408450
-0.862576 -2.599466
-0.991020 -3.428224
-0.952605 -3.319073
-1.076431 -3.119213
-0.910750 -3.145995
-0.935323 -3.378108
-0.744580 -2.734634
-1.151119 -3.882636
-0.862384 -3.257027
-0.972637 -3.226068
-0.927627 -3.463604
-0.883147 -3.989942
-0.958699 -3.307191
-0.923345 -3.072161
-1.168540 -2.773412
-1.004098 -3.052576
-0.901027 -3.268897
-1.067727 -3.312284
-1.013549 -3.866609
-0.745006 -3.049414
-0.687930 -2.911012
-1.066904 -3.269810
-0.994332 -3.092722
-1.302341 -3.351624
-0.968774 -2.628612
-0.913640 -3.204124
-0.871599 -3.229971
-1.038538 -2.653299
-1.083587 -3.418774
-1.114418 -2.838745
-0.877653 -3.137500
-1.100268 -3.236279
-0.837826 -2.717578
-0.960131 -3.164650
-1.004441 -2.725645
-0.997361 -3.509126
-0.926675 -3.088715
-1.110845 -3.399188
-0.857941 -3.312208
-0.891849 -3.229481
-1.013860 -3.784205
-0.801622 -3.541111
-0.862320 -2.665171
-0.991371 -3.037855
-1.260702 -3.835643
-0.991098 -3.358192
-1.014447 -3.389401
-0.869294 -3.137314
-0.918700 -3.349644
-0.987425 -3.023184
-1.063553 -3.805480
-0.755237 -3.544241
-1.028673 -3.135358
-1.080854 -3.402085
-0.989731 -3.159801
-0.991062 -3.087579
-1.027634 -3.461266
-0.985076 -3.505846
-0.864669 -3.296613
-0.813394 -3.177400
-0.863263 -2.623745
-1.072245 -3.457430
-0.840089 -2.985837
-0.945508 -3.450147
-0.890902 -3.572465
-1.093017 -3.243753
-0.691779 -3.277056
-1.080028 -3.095604
-0.964657 -3.038865
-0.880099 -3.300749
-1.058935 -3.467795
-0.920914 -3.083853
-0.944508 -3.024419
-0.954943 -3.048374
-0.777185 -3.483711
-1.027647 -3.835523
-0.838012 -2.816113
-0.906974 -3.387905
-1.066579 -3.408408
-0.881017 -3.180572
-0.769985 -3.433679
-0.967143 -3.477774
-1.062364 -3.148215
-0.860644 -3.211434
-0.890305 -3.140056
-0.958398 -3.165822
-0.721747 -3.391697
-0.935858 -3.181811
-0.788858 -2.963971
-0.892325 -3.355708
-1.283691 -3.346242
-1.103981 -3.175566
-0.962154 -3.270689
-0.987320 -3.013951
-1.039248 -3.386773
-1.064504 -3.501252
-0.929559 -3.338070
-0.993912 -3.062982
-1.094465 -2.792958
-1.059328 -3.171493
-1.189461 -3.360601
-1.213983 -3.827446
-0.949085 -3.300382
-0.890141 -3.277828
-0.981372 -3.846771
-0.882660 -3.151269
-0.930474 -3.080676
-0.941107 -3.254972
-1.041604 -3.104493
-0.917713 -3.274676
-1.109255 -3.202444
-1.094205 -3.449541
-0.965150 -3.263179
-0.859841 -3.303516
-0.885600 -3.245928
-0.706174 -2.965803
-1.064389 -3.388539
-1.099577 -3.453154
-0.781356 -2.671243
-1.049783 -3.336993
-0.872748 -3.170950
-0.906735 -3.437657
-0.877964 -3.177549
-1.059637 -3.141225
-1.077446 -2.680534
-0.707373 -3.319198
-0.991831 -3.298447
-0.894550 -3.432057
-1.108956 -3.195447
-0.981831 -3.039434
-0.949315 -3.121750
-0.915787 -3.110200
-1.023456 -3.108375
-1.140886 -3.213205
-0.915464 -3.379471
-0.914006 -3.377173
-0.876224 -3.240971
-1.296234 -3.548904
-1.217769 -2.980516
-0.857224 -3.657648
-0.888779 -3.426057
-0.981373 -3.241160
-1.065797 -3.496180
-0.981782 -3.079306
-0.895503 -3.175175
-1.006011 -3.462718
-0.893106 -3.239365
-0.799725 -2.772411
-1.113886 -3.194046
-1.049951 -3.886313
-0.930503 -3.020957
-0.969836 -3.479666
-0.589405 -3.716520
-1.184557 -3.541580
-0.817917 -2.613478
-1.008604 -3.052534
-0.867625 -3.152238
-0.945323 -3.224191
-0.884762 -3.284624
-0.999853 -3.436888
-0.910059 -3.086853
-1.095476 -3.259374
-1.007925 -2.745921
-1.146984 -3.291164
-1.107739 -3.447207
-0.880674 -3.291169
-1.273751 -3.002745
-1.072529 -3.370244
-1.047299 -3.104818
-1.266254 -3.880144
-1.112333 -3.183091
-0.958975 -3.373261
-0.993055 -3.151423
-0.933697 -2.672410
-1.213850 -3.557904
-0.984393 -3.503091
-0.870568 -3.189406
-0.944666 -3.108693
-1.347654 -3.479752
-1.212049 -3.752582
-1.067444 -3.414130
-1.066841 -3.170582
-0.871016 -3.174128
-0.957525 -3.155739
-0.880321 -3.213753
-0.891062 -3.431534
-0.594370 -3.537242
-0.893030 -3.123701
-0.894742 -3.209994
-0.884837 -3.227391
-1.051584 -3.489075
-0.848932 -3.160376
-0.757005 -3.574382
-1.235597 -3.065265
-1.019784 -3.900410
-0.995679 -2.835505
-1.011359 -3.497048
-0.955957 -3.238779
-0.694509 -3.996950
-1.081259 -3.262313
-0.848725 -3.714317
-1.194312 -2.778694
-0.723057 -3.110681
-0.741400 -2.807680
-0.961586 -3.593216
-0.921303 -3.068234
-0.856661 -3.099731
-0.895544 -3.091858
-1.015633 -3.513411
-0.884709 -3.104414
-1.298145 -3.489256
-1.092376 -3.182290
-0.956201 -3.120198
-0.919593 -3.140316
-0.641826 -2.758739
-1.041402 -3.330944
-0.979734 -3.641969
-0.769075 -3.858786
-0.566977 -3.223930
-1.033408 -3.362333
-0.752703 -3.184776
-1.076071 -2.781513
-1.013127 -3.204813
-1.112641 -4.070561
-0.937088 -3.466798
-0.870997 -3.333678
-1.025997 -3.471887
-1.030579 -3.084647
-0.932006 -2.877747
-1.025892 -3.112040
-0.689545 -3.513276
-0.876174 -3.097976
-0.855006 -3.701778
-1.197103 -3.653237
-0.967995 -3.124611
-1.076194 -3.122124
-1.000897 -3.085096
-1.077171 -3.393383
-0.886306 -3.096741
-1.116099 -3.208599
-0.703921 -2.861626
-0.998164 -3.285587
-0.828265 -3.369416
-0.900930 -3.199139
-0.826425 -3.606140
-1.053959 -3.766046
-1.275182 -4.161918
-0.921346 -3.206212
-0.924327 -3.409624
-1.019121 -3.340629
-1.346613 -3.298786
-1.014741 -3.014372
-0.930268 -3.019172
-0.851043 -3.320709
-0.999949 -3.475905
-0.933578 -3.276046
-1.009858 -3.483371
-0.901155 -2.613504
-0.678983 -3.287180
-0.855540 -3.346045
-0.914840 -3.292585
-0.975021 -3.104915
-0.764519 -3.244252
-1.197388 -3.867334
-0.894614 -3.307091
-0.941903 -3.996779
-1.342386 -3.156423
-1.043347 -3.454584
-0.766425 -3.311452
-0.987126 -3.073101
-0.916592 -3.166239
-0.708749 -3.821182
-0.960091 -3.203335
-0.927237 -2.984639
-0.696791 -3.459878
-1.059258 -3.318099
-1.055060 -3.421511
-0.983074 -3.513807
-1.163858 -3.387815
-0.994450 -3.294142
-0.865995 -3.151761
-0.898477 -3.434632
-0.866247 -3.186763
-1.030460 -2.882164
-1.013871 -3.371112
-1.111582 -3.640815
-0.802312 -2.986811
-0.785793 -3.438122
-1.019474 -3.261194
-1.073565 -3.496887
-0.930350 -3.804448
-0.977843 -3.351611
-1.090520 -3.266521
-0.903806 -3.428558
-0.897901 -3.101370
-0.982990 -3.394564
-1.037369 -3.524362
-1.221104 -2.927256
-1.036513 -3.133976
-0.697403 -3.437836
-1.193327 -3.594236
-0.916887 -3.343291
-1.000924 -3.013968
-1.506425 -3.315948
-0.879204 -3.289580
-0.866719 -3.224141
-1.078939 -3.498377
-1.041041 -3.765328
-0.976582 -3.456520
-1.313025 -3.559172
-0.871386 -3.736442
-0.670738 -3.409900
-0.890183 -3.015759
-1.146975 -2.789412
-0.897181 -3.134197
-0.797848 -2.691586
-0.896251 -3.395699
-1.082813 -3.212235
-1.030928 -3.102908
-0.721223 -3.145573
-0.914795 -3.037906
-0.949209 -3.304521
-0.689637 -2.968721
-1.016622 -3.427884
-0.661395 -3.471879
-1.033359 -3.443318
-1.115150 -3.152687
-1.014923 -3.550794
-0.863724 -3.126081
-1.016120 -3.522281
-1.018520 -3.502516
-0.891788 -3.268803
-0.957513 -3.237613
-1.052258 -3.131860
-0.916925 -3.031489
-1.257542 -3.140447
-1.092718 -3.322676
-0.573983 -3.717936
-1.205833 -2.816832
-1.099641 -3.160892
-0.964002 -3.146049
-0.849056 -3.263321
-0.700463 -3.140228
-0.986916 -3.501250
-1.042121 -3.700298
-1.151098 -3.052604
-0.937140 -3.470394
-1.327844 -3.473182
-1.197887 -2.842740
-0.960590 -3.034026
-0.657575 -3.387327
-0.877928 -3.360298
-0.954526 -3.331729
-1.098545 -3.147387
-0.744427 -3.560757
-1.012260 -3.534216
-1.091986 -3.179452
-0.947235 -3.264960
-0.947317 -3.436783
-0.966710 -3.095981
-0.860055 -3.168458
-0.917670 -3.778956
-1.191220 -2.969053
-1.013115 -2.691656
-1.063466 -3.077950
-1.248959 -3.471612
-0.901130 -3.124433
-1.042239 -3.491653
-0.889050 -3.231992
-1.183743 -3.900259
-1.069475 -3.519079
-0.885758 -3.164084
-1.028410 -3.569307
-1.030367 -3.185975
-0.938834 -3.976978
-1.171151 -3.909870
-0.907309 -3.315912
-0.709995 -3.372347
-0.801249 -2.835470
-0.877771 -3.288748
-1.011173 -3.517403
-1.106867 -3.175560
-0.904874 -3.423584
-1.086302 -3.479379
-0.696943 -3.413018
-0.996130 -3.450366
-0.993123 -3.435980
-1.031650 -3.020746
-0.908393 -3.099871
-1.065307 -3.075665
-1.029871 -3.405263
-0.759021 -2.778526
-1.110036 -3.319091
-0.865237 -3.151371
-0.958647 -3.072394
-0.954422 -3.497535
-0.921307 -3.344559
-1.065318 -3.378360
-0.961537 -3.500261
-1.279439 -4.044672
-1.052352 -3.122868
-1.089517 -2.667903
-0.867743 -2.709622
-0.946276 -3.033105
-1.273399 -2.921087
-1.007540 -3.517646
-0.932413 -3.512879
-1.085331 -3.409510
-0.975452 -3.296030
-1.058179 -3.313923
-0.862576 -3.123916
-1.072106 -3.078891
-0.912891 -3.045039
-0.966651 -3.033217
-0.771275 -3.462097
-1.074575 -3.549088
-0.941066 -3.238409
-1.032480 -3.525310
-1.105950 -3.484542
-0.668253 -3.099493
-1.005021 -3.090567
-0.862267 -3.204476
-0.951659 -3.515687
-1.096301 -3.225781
-0.964255 -3.218762
-0.978302 -3.390648
-1.035677 -3.398064
-0.672897 -3.356825
-1.017838 -3.042348
-0.872617 -3.295865
-0.982519 -3.130618
-0.957193 -3.134300
-0.925748 -3.418655
-1.326923 -3.230210
-1.111205 -3.359845
-0.838874 -2.572009
-0.856265 -3.315484
-0.875846 -3.150957
-0.953583 -3.497869
-1.033497 -3.280008
-1.084420 -3.461288
-1.017245 -3.107656
-1.025782 -3.241614
-1.094935 -3.337774
-1.037556 -3.411943
-0.895746 -3.254467
-1.231887 -3.047902
-1.000945 -3.466871
-1.081385 -3.509343
-1.168339 -3.821920
-0.694481 -3.509778
-1.004010 -3.119840
-0.963307 -3.118074
-1.044371 -3.497917
-1.247840 -3.623180
-0.965740 -3.073116
-0.883916 -3.324995
-0.851922 -3.731242
-0.882559 -3.146624
-0.849521 -3.057125
-1.092112 -3.273629
-0.974180 -2.991344
-1.051199 -3.270494
-0.907871 -3.176411
-1.071615 -3.102679
-1.076143 -3.916012
-0.674146 -3.379372
-0.850456 -3.239367
-0.979816 -3.093479
-0.869527 -3.336306
-0.729631 -3.477371
-0.830191 -3.706924
-0.966469 -3.055708
-1.102282 -3.493526
-0.815335 -4.059718
-0.954490 -3.717554
-0.863792 -3.353353
-0.340744 -2.774577
-0.922703 -3.162427
-1.029899 -3.020622
-0.994356 -3.534849
-0.971185 -3.521404
-1.019681 -3.052954
-0.883765 -3.399351
-0.894317 -3.117031
-0.993589 -3.434279
-0.921162 -3.023621
-0.863785 -3.071912
-1.103848 -3.467165
-0.982406 -3.401481
-0.976587 -3.524257
-1.053558 -3.419671
-1.097063 -3.283540
-0.927020 -3.160026
-0.935912 -3.511726
-1.017715 -3.200125
-1.109477 -3.283246
-1.112625 -3.130318
-0.946273 -2.988427
-0.954468 -3.480919
-1.152600 -3.325580
-1.009548 -3.032562
-0.921029 -3.444300
-1.104170 -3.481780
-1.114447 -3.212988
-0.975312 -3.297201
-0.965506 -3.101880
-0.889499 -3.439427
-0.862275 -3.371756
-0.704942 -3.485252
-1.076234 -3.502879
-0.889539 -3.469917
-1.118000 -3.115600
-0.558823 -2.760567
-1.108436 -3.821623
-1.217630 -3.864585
-0.969358 -3.523341
-0.974254 -3.515639
-0.911901 -3.554558
-1.058645 -3.544194
-0.684962 -3.378691
-0.916748 -3.032972
-0.957449 -2.994196
-0.951001 -3.019111
-1.109043 -3.323339
-0.977684 -2.975937
-1.010136 -2.783887
-0.960019 -3.338100
-0.902588 -3.454412
-1.058887 -3.298827
-1.009057 -3.040741
-0.983338 -3.543739
-0.950687 -3.489696
-1.017271 -3.708877
-0.852444 -3.211077
-1.258174 -3.577340
-0.847908 -3.679063
-0.965421 -3.555034
-1.280984 -3.576821
-0.991522 -3.354482
-0.983795 -3.639335
-0.891808 -3.086483
-1.023622 -3.110004
-1.039861 -3.106004
-1.075074 -3.849954
-0.920379 -3.472641
-1.279436 -3.091158
-0.983349 -3.071003
-1.093872 -3.451187
-1.055446 -3.221228
-0.621556 -3.375431
-1.069654 -3.530985
-1.117338 -3.212886
-0.965519 -3.521561
-0.838822 -3.560459
-0.994745 -3.069829
-1.090102 -3.472237
-0.918776 -3.115172
-1.134727 -3.363641
-0.952311 -3.352113
-0.977239 -3.491463
-0.922127 -3.241358
-1.255996 -3.040215
-1.085905 -3.409902
-0.903887 -3.388964
-0.655985 -2.757276
-0.948550 -3.441732
-0.999479 -2.998742
-1.101922 -3.288539
-1.151312 -3.265529
-1.092752 -3.098407
-0.830797 -3.708816
-0.984896 -3.425485
-1.130473 -3.318614
-0.907660 -3.111298
-1.110581 -3.423021
-0.995905 -3.432491
-0.959657 -3.073946
-0.774403 -3.820257
-1.183780 -4.131869
-0.699187 -3.842799
-1.077183 -3.424266
-1.092712 -3.490039
-0.699422 -3.420453
-1.270257 -3.080092
-1.011831 -3.071603
-1.094551 -3.098397
-0.952981 -3.421972
-1.005375 -3.453196
-0.869750 -3.368700
-1.008424 -3.339860
-1.189841 -3.952042
-1.146763 -3.358008
-0.974474 -3.012374
-1.052595 -3.532122
-1.043375 -3.084645
-1.027469 -2.629560
-0.915475 -3.147889
-0.859573 -3.366234
-0.830773 -3.209014
-0.830859 -3.210114
-1.031532 -3.290612
-1.094114 -3.379172
-0.921798 -3.080044
-0.839107 -3.170305
-1.004014 -3.208820
-0.831889 -3.216239
-1.008467 -2.991735
-0.920576 -3.288450
-0.593800 -3.591482
-1.006960 -3.286745
-1.086242 -3.355815
-0.902325 -3.341707
-1.130501 -3.281574
-0.965164 -3.528337
-0.813131 -3.222353
-0.974232 -3.502644
-0.989318 -3.370138
-1.079696 -3.470180
-1.081058 -3.463005
-0.843078 -3.700170
-0.843705 -3.179195
-0.850393 -3.159802
-0.887224 -2.997162
-0.992142 -2.683541
-0.812721 -3.169757
-0.940582 -3.194957
-0.871916 -3.285504
-1.109100 -3.509280
-0.898765 -2.979666
-1.010018 -3.006387
-0.927636 -3.386042
-0.947928 -3.484756
-0.932663 -3.297328
-0.966373 -2.981850
-0.946718 -2.982499
-0.885455 -3.056122
-1.050324 -3.333848
-1.007926 -3.409724
-0.978806 -3.166280
-0.989050 -3.058148
-0.667780 -3.412736
-1.072951 -3.040310
-0.831518 -3.175153
-0.973764 -3.307471
-1.084636 -3.407471
-0.978206 -3.139590
-0.992970 -3.246014
-1.082385 -3.181205
-0.952661 -3.096944
-0.828530 -3.222701
-1.088560 -3.499637
-1.028319 -3.281579
-1.084570 -3.533187
-0.982170 -3.490610
-0.742729 -2.694391
-0.578343 -2.914962
-0.829743 -3.229529
-0.761682 -3.601382
-0.817922 -3.272400
-1.098917 -3.292850
-0.825562 -3.225678
-0.891003 -2.982910
-1.058327 -3.227853
-1.125409 -3.368818
-0.743484 -3.559257
-1.074478 -3.077838
-1.024730 -3.132227
-0.811008 -3.626250
-0.843336 -3.196859
-0.711872 -3.158833
-0.707427 -3.198399
-0.865974 -3.348219
-0.825064 -3.244575
-1.137826 -3.221718
-1.118160 -3.272691
-1.070162 -3.047336
-0.845297 -3.227745
-0.892944 -2.993426
-1.087685 -3.448874
-0.920606 -3.033881
-1.102760 -3.111727
-0.861425 -3.726947
-1.347510 -3.525497
-0.825402 -3.258773
-1.215144 -3.729508
-0.954232 -3.485152
-1.077676 -3.265777
-0.834343 -3.199230
-0.660979 -2.958293
-0.905761 -3.440661
-0.956052 -2.947076
-0.908302 -3.378361
-0.735545 -3.626948
-0.835607 -3.131758
-0.968395 -3.042166
-0.986945 -3.580978
-0.711047 -3.457374
-1.017233 -3.585965
-0.921310 -3.293787
-1.110732 -3.332052
-1.035395 -3.408478
-0.835036 -3.213725
-1.059689 -3.334877
-0.703277 -3.128863
-1.076369 -2.940371
-0.922788 -2.980633
-0.846027 -3.157493
-0.889804 -2.988595
-0.958749 -3.078255
-0.919468 -3.807585
-0.857473 -3.016867
-1.346306 -4.141218
-0.932060 -3.336070
-0.911869 -3.025604
-0.988246 -3.496464
-1.141871 -3.382834
-0.873718 -3.383818
-1.148328 -3.803273
-0.935603 -3.392674
-1.020781 -3.557091
-1.010934 -3.291327
-0.784970 -3.653823
-0.846640 -3.211528
-0.923281 -3.265881
-0.913652 -3.454189
-1.057718 -3.511762
-0.872566 -2.682989
-1.043227 -2.527311
-1.029458 -3.212571
-3.571614 -3.979576
-0.987771 -3.080283
-0.831901 -3.278456
-1.053069 -3.572399
-1.044124 -3.231696
-0.830656 -3.310793
-0.824445 -3.177713
-0.993873 -3.186720
-0.994675 -3.061719
-0.945928 -3.135114
-1.005562 -3.589041
-0.983636 -2.986980
-1.230195 -3.327461
-0.832951 -3.307359
-0.872940 -3.717845
-0.861563 -3.213120
-0.836453 -3.296784
-0.845115 -3.288456
-0.956841 -2.990115
-0.821179 -3.161481
-1.130027 -3.310051
-1.314091 -2.605651
-1.014227 -2.996143
-0.703735 -2.763104
-0.975360 -3.344378
-0.925148 -3.071585
-1.295637 -3.163078
-0.710214 -2.786723
-0.812730 -3.229218
-1.045598 -3.574479
-0.952935 -3.436440
-1.115093 -3.479205
-1.019287 -3.561526
-0.818382 -3.256431
-0.894759 -3.343988
-0.920051 -3.086270
-1.025501 -3.567839
-0.456011 -1.966890
-1.069620 -3.038352
-0.717983 -3.511442
-0.985164 -3.018595
-1.151854 -3.467965
-0.889271 -3.004652
-0.546346 -3.747694
-0.829688 -3.122364
-1.083073 -3.363456
-1.146737 -3.316396
-0.962622 -3.627255
-0.915822 -3.621817
-0.851999 -2.607603
-0.947534 -3.519200
-0.782911 -2.983720
-0.568304 -3.148383
-1.042788 -3.178870
-0.735520 -2.835477
-1.148485 -3.268199
-1.074858 -3.576117
-0.701329 -3.277781
-0.884144 -4.051389
-0.932144 -3.210040
-0.884654 -3.423558
-0.845523 -3.252496
-1.221140 -2.987058
-0.817698 -3.215747
-1.018461 -3.415031
-0.679879 -3.059269
-1.072667 -3.299963
-0.838990 -3.097268
-0.900152 -3.452654
-1.110533 -3.209559
-0.929032 -3.086801
-0.956216 -3.531505
-0.996554 -3.483596
-1.129357 -3.197096
-0.627320 -3.176150
-0.873520 -3.272999
-0.964864 -2.938324
-0.701630 -3.456493
-1.095374 -3.176026
-0.918311 -3.243952
-1.094645 -3.148927
-0.685407 -3.237708
-1.017200 -3.063440
-0.929036 -3.528940
-1.113601 -3.415996
-0.820452 -3.294214
-1.107766 -3.097813
-0.832238 -3.102935
-1.074697 -3.581708
-1.172591 -3.933911
-1.132432 -3.459674
-0.640284 -3.223951
-0.855101 -3.268399
-1.109936 -3.476908
-1.131261 -3.501693
-1.124231 -3.480961
-0.820061 -3.237472
-0.908939 -3.074426
-1.098044 -3.389910
-1.065146 -3.145362
-1.105524 -3.307976
-0.904279 -3.323551
-1.302416 -3.224088
-0.968601 -2.388988
-0.944698 -3.098174
-1.059935 -3.555305
-0.937801 -3.096874
-1.089478 -3.160984
-1.017270 -2.979630
-0.934675 -3.148358
-1.064558 -3.511525
-0.924674 -3.496078
-0.839182 -3.736645
-0.673187 -3.504957
-0.830471 -3.315327
-1.103929 -3.533761
-0.706401 -3.507117
-1.006723 -3.018222
-0.954619 -3.553504
-1.050991 -3.114303
-0.961388 -3.485574
-0.690118 -2.922709
-0.925022 -3.488251
-0.962683 -2.407665
-1.266713 -3.889929
-0.982111 -3.574036
-0.831662 -3.140594
-1.035251 -2.995367
-1.096668 -3.578984
-0.945269 -3.077982
-1.010996 -3.582629
-1.130781 -3.353752
-0.891787 -3.101593
-0.744839 -3.619813
-1.117442 -3.114599
-1.107192 -3.115295
-1.149905 -2.823491
-1.123307 -3.468874
-0.691149 -3.761092
-0.821175 -3.140880
-0.679929 -3.169603
-1.496240 -3.986684
-0.697109 -3.510381
-0.880629 -3.404810
-0.993657 -3.587805
-1.114823 -3.696518
-0.634689 -3.103711
-0.689659 -3.481526
-1.136399 -2.652649
-0.693372 -3.399148
-0.819239 -3.352820
-1.024356 -3.493760
-1.021645 -3.424263
-0.824440 -3.349790
-0.927067 -3.034564
-0.697381 -3.510523
-0.960541 -3.093671
-0.842761 -3.260984
-0.840702 -3.330326
-0.866375 -3.389844
-1.072479 -3.953500
-1.058419 -4.107126
-0.813307 -3.097988
-1.117151 -3.586771
-1.133308 -3.220605
-0.704214 -3.469726
-1.118105 -3.425023
-0.828763 -3.277578
-0.884064 -3.330979
-1.051124 -3.377422
-0.910551 -3.441070
-0.986258 -3.578081
-0.852911 -3.369254
-0.889557 -3.427682
-0.880550 -3.005537
-0.822151 -3.237756
-0.706978 -3.439521
-1.147747 -2.372225
-0.739604 -3.988464
-0.909984 -2.523407
-0.989027 -3.541424
-1.336028 -3.388617
-0.846892 -3.727131
-1.053993 -3.251305
-1.073025 -3.526119
-1.200975 -3.048655
-0.822668 -3.065526
-0.735862 -2.606047
-0.912293 -3.438459
-0.824913 -3.262152
-1.098761 -3.499391
-0.938427 -3.304199
-0.976867 -3.873440
-0.850510 -2.976966
-0.579514 -3.117069
-0.882153 -3.063163
-0.677200 -2.896633
-0.883148 -3.180596
-1.251333 -3.342420
-1.008783 -3.202967
-0.894467 -3.276614
-0.671349 -3.444854
-0.544537 -3.094649
-0.829055 -2.836514
-1.157022 -3.513222
-1.323651 -3.316835
-1.141531 -3.253037
-0.584371 -3.250373
-1.131380 -3.477244
-1.012093 -3.303628
-0.919462 -3.371673
-1.228882 -3.182870
-0.896940 -3.690922
-0.760327 -3.645079
-0.625493 -2.730555
-0.907034 -2.974021
-1.041292 -2.943134
-1.069617 -2.686001
-1.233861 -3.408298
-0.818373 -3.101912
-1.341043 -4.040462
-0.906923 -3.491515
-1.149800 -2.805017
-0.887689 -3.493046
-1.092995 -3.354554
-1.094742 -3.922570
-1.068154 -2.995314
-0.829522 -3.250886
-0.891809 -2.986258
-1.084657 -3.224736
-0.980996 -3.099740
-0.863968 -3.342174
-0.972227 -3.591401
-0.867970 -3.011075
-0.979451 -3.153510
-0.821242 -3.062298
-1.019797 -2.950338
-1.058233 -2.989343
-1.109009 -3.158908
-1.105808 -3.426324
-3.732510 -3.431019
-0.669269 -3.043433
-1.015465 -3.576347
-1.055191 -3.506267
-0.977564 -3.514120
-0.975382 -3.011254
-0.411191 -2.784675
-0.936091 -2.974192
-0.981679 -4.185470
-1.519608 -3.851925
-1.120826 -3.515307
-0.867803 -2.979394
-0.787469 -2.293833
-1.324241 -3.609553
-0.828048 -3.138440
-1.234870 -3.239429
-0.908327 -3.392735
-0.579692 -2.754368
-0.755975 -2.874105
-1.098040 -3.950956
-0.876287 -3.022979
-1.151734 -3.166431
-1.286750 -3.375783
-1.168476 -3.235903
-0.555627 -3.747594
-0.816426 -3.678959
-2.498341 -5.940088
-1.162210 -2.631187
-1.135062 -3.380958
-0.856767 -3.469941
-1.036805 -3.339127
-1.145041 -3.309833
-0.876496 -3.477010
-1.130003 -3.500281
-1.153716 -3.429431
-0.603197 -3.104245
-1.086370 -2.836649
-0.879625 -3.411340
-1.028789 -3.800678
-1.050672 -3.855612
-0.620157 -2.994754
-0.921032 -3.132219
-0.909740 -3.026552
-0.835655 -3.284755
-0.950747 -2.576021
-0.818429 -2.569803
-0.949206 -2.579413
-1.050375 -3.490511
-0.967196 -3.927024
-0.848130 -3.038436
-1.104926 -3.619261
-0.917310 -3.487883
-0.898717 -2.938635
-1.008649 -3.625888
-0.865525 -3.397923
-1.188096 -2.883893
-0.876791 -3.207640
-0.650523 -3.303434
-0.866180 -3.285201
-0.818551 -3.399153
-1.194099 -3.797447
-0.843812 -3.284077
-0.926169 -2.990676
-1.144416 -3.282179
-0.925255 -3.446824
-1.144998 -3.372756
-1.014071 -3.623014
-0.842522 -3.341791
-1.551309 -3.364921
-1.238456 -3.788723
-0.835468 -3.378486
-0.621231 -3.126149
-1.026393 -3.567784
-1.081156 -3.313109
-1.100705 -3.265891
-1.001887 -3.555113
-1.052970 -3.611757
-1.078108 -3.115478
-1.019137 -2.996627
-0.826517 -3.389851
-1.099353 -3.708635
-1.146576 -3.324836
-0.906428 -3.862500
-0.692828 -3.546911
-0.777717 -2.966625
-0.649161 -2.497954
-0.672149 -2.800355
-0.982878 -3.163184
-0.725098 -3.562690
-0.902695 -3.175535
-0.817016 -3.136059
-0.816794 -3.279600
-0.670778 -3.540324
-1.662376 -3.572332
-0.906907 -3.465169
-0.718610 -3.519657
-1.171892 -3.350719
-0.656568 -3.079475
-1.283019 -2.903581
-0.730096 -3.572638
-0.868389 -3.418005
-1.301507 -3.755913
-1.042801 -3.776191
-0.588248 -3.349350
-1.182583 -3.326177
-0.586599 -3.033356
-1.082441 -3.074200
-0.740400 -2.589767
-0.821816 -3.035518
-1.088755 -3.049291
-1.172593 -3.324163
-1.141119 -3.455993
-1.034927 -3.406815
-1.120758 -3.117893
-0.815504 -3.171822
-1.300851 -3.788682
-1.118895 -3.128986
-0.901348 -2.915959
-1.193890 -3.312878
-0.830315 -3.214503
-0.641541 -3.221524
-0.819730 -2.579471
-0.817592 -3.296528
-0.885090 -3.452879
-0.832457 -3.145092
-0.883701 -3.056824
-1.160083 -3.193867
-1.344912 -3.364959
-0.887212 -3.538189
-0.826862 -3.312343
-1.124813 -3.136544
-0.927345 -3.395093
-1.060240 -3.108870
-1.212967 -2.919772
-1.032618 -2.565310
-0.987430 -3.629456
-0.798172 -3.203322
-0.880123 -3.451797
-1.197952 -3.221585
-0.683384 -2.739215
-0.831493 -3.926594
-0.937839 -3.885049
-0.903785 -3.351344
-1.096923 -3.143261
-1.018522 -3.116781
-0.908399 -2.981321
-1.133167 -3.113735
-0.892527 -3.483124
-0.992923 -2.907691
-0.902915 -2.902267
-0.661447 -3.565230
-0.969013 -3.625341
-0.770842 -3.154895
-1.179057 -4.007191
-0.799872 -3.190705
-0.691547 -2.398317
-0.605908 -3.179637
-0.931715 -3.591333
-1.105233 -3.353688
-0.784237 -3.140687
-1.138285 -2.696085
-1.104499 -4.100910
-0.969307 -3.625016
-0.695699 -3.570596
-0.643241 -2.790712
-0.834486 -3.040125
-1.120135 -4.058835
-0.587663 -3.135219
-1.028488 -3.069927
-0.686295 -2.737987
-1.042177 -3.583837
-0.727923 -3.558203
-1.229114 -3.694702
-0.730385 -3.516959
-1.623620 -4.513293
-0.836698 -3.613491
-0.717651 -3.560582
-1.171354 -3.477154
-0.530609 -2.544523
-0.772529 -3.254698
-0.969228 -3.893593
-1.183550 -2.735456
-0.839231 -3.435622
-0.818010 -2.990814
-0.968485 -3.086734
-0.721616 -3.539046
-0.846999 -3.054349
-0.869555 -3.423795
-1.701544 -4.377537
-1.212718 -3.336124
-0.785194 -3.108713
-1.038165 -2.911734
-0.925385 -2.933707
-0.403809 -3.192442
-0.923925 -2.996581
-0.820706 -3.368325
-0.802208 -3.201492
-1.169448 -3.331935
-1.100808 -3.578953
-0.887538 -3.368607
-0.950950 -3.585429
-0.693581 -2.535917
-0.527206 -3.725942
-0.648896 -3.438002
-1.094036 -3.235780
-0.701838 -2.738110
-0.615991 -3.120441
-0.681049 -3.568855
-0.581183 -3.427541
-1.117185 -3.030104
-0.771311 -2.960650
-1.006531 -2.961293
-1.183424 -3.213685
-1.115143 -3.002696
-1.248249 -3.831172
-1.255168 -3.526211
-0.856760 -3.499685
-0.992463 -2.926712
-1.210228 -3.543646
-0.661099 -2.710123
-0.614338 -3.042150
-0.979525 -3.009655
-1.083351 -2.979577
-1.032879 -2.883942
-1.060764 -3.709521
-0.623882 -3.084566
-0.470786 -2.772050
-1.062743 -3.289663
-0.590249 -3.214321
-1.419660 -2.772338
-1.039140 -3.591138
-1.012744 -3.948648
-0.869884 -2.904086
-1.181011 -3.397097
-0.796198 -3.092396
-1.176620 -3.259726
-1.087905 -2.491715
-0.658573 -3.557155
-0.958386 -3.011003
-1.075458 -2.991913
-1.082987 -3.336200
-0.817449 -3.799558
-0.974423 -2.979473
-1.085366 -3.641307
-1.125084 -4.038867
-0.827581 -3.373402
-1.221610 -3.165370
-1.196295 -2.827612
-0.582246 -3.005427
-1.164324 -3.250667
-1.200294 -3.947463
-0.791350 -3.227922
-1.349286 -3.893693
-1.189826 -3.394111
-1.151748 -3.136369
-1.055728 -3.011833
0.185191 -5.358682
-0.584513 -3.437443
-1.051292 -3.063294
-1.529295 -4.466657
-1.180428 -3.226736
-1.167953 -3.617231
-0.704744 -2.354827
-1.019974 -2.921646
-1.284403 -3.077480
-1.164939 -3.298563
-1.729704 -4.100178
-0.973458 -2.434902
-1.185659 -3.198493
-1.301342 -3.425006
-1.239337 -3.388497
-1.146929 -3.288775
-1.081389 -3.255251
-0.783462 -3.345593
-0.905081 -3.696029
-1.185539 -3.204905
-1.160664 -3.328349
-1.254298 -3.392797
-0.816876 -3.116446
-1.172001 -3.403225
-0.862325 -3.467448
1.932392 -2.967009
-0.827100 -3.401737
-1.266832 -2.985119
-1.144253 -2.773501
-0.846204 -3.285644
-0.439839 -3.090360
-0.681561 -3.574243
-0.877185 -3.117352
-0.912175 -3.885794
-1.274534 -3.540774
-0.828066 -3.361807
-0.689015 -3.584283
-1.175056 -3.726402
-1.329147 -2.784813
-0.597908 -3.387753
-1.124014 -2.725823
-0.775611 -3.343960
-1.160367 -3.450725
-1.171853 -3.846502
-0.711145 -3.578857
-0.974720 -3.665234
-1.164470 -3.112028
-1.533317 -4.687645
-0.823672 -3.374797
-1.385406 -3.762381
-1.139184 -3.299565
-1.142425 -2.468520
-0.827949 -2.993866
-0.861592 -2.775584
-0.840816 -3.465329
-0.621294 -3.273769
-1.158876 -3.138859
-0.577819 -3.209007
0.007017 -3.272272
-0.705401 -2.669774
-0.523818 -3.223323
-1.173550 -3.213151
-1.259335 -3.564786
-0.720519 -2.781193
-0.589588 -3.234226
-0.780965 -3.357247
-0.842080 -3.325706
-1.257229 -3.505077
-0.781351 -2.532852
-1.029793 -2.769991
-1.138260 -3.069834
-0.631174 -3.354298
-1.222587 -2.670829
-0.821319 -3.425431
-1.175089 -3.243158
-0.596675 -2.968656
-1.173343 -2.699169
-0.621369 -2.829233
-0.724195 -3.021873
-1.109492 -3.304789
-1.157636 -3.669431
-1.310083 -4.051599
-0.825098 -2.559848
-1.105138 -4.015548
-0.004993 -3.470167
-1.168627 -2.744792
-0.730946 -2.660441
-0.357287 -3.441729
-0.793310 -3.676185
-0.512750 -2.809729
-0.697139 -2.603810
-0.844656 -3.404170
-1.332399 -3.477466
-0.755542 -3.690173
-1.038509 -3.881493
-1.320963 -3.500771
-0.655437 -2.827306
-1.024441 -3.007488
-1.177821 -3.119963
-0.819672 -2.898188
-0.625051 -3.483213
-1.320897 -3.650041
-1.068987 -4.025088
-0.752864 -3.194625
-0.664487 -3.018476
-0.556895 -3.706831
-0.758729 -3.245605
-0.607112 -3.473633
-0.735193 -3.167401
-1.228810 -2.805245
-0.645421 -3.049170
-1.327232 -3.101886
-1.104429 -2.994292
-0.807571 -3.720981
-1.160089 -2.720341
-1.485607 -3.179873
-0.809785 -2.877629
-1.043519 -4.093043
-0.828476 -3.486779
-0.804875 -2.842681
-1.228353 -3.529098
-0.801777 -3.696515
-0.751813 -3.680488
-1.112864 -3.880336
-1.284431 -3.070124
-0.744139 -3.133404
-1.210654 -3.508522
-0.718798 -2.868088
-0.844034 -3.770329
-0.755880 -2.552490
-0.886336 -4.113832
-1.562416 -4.689913
-0.893659 -4.142972
-0.688560 -2.722512
-0.725408 -3.645850
-0.738842 -3.232017
-1.088005 -3.157225
-0.507988 -3.734144
-0.767819 -3.189067
-0.740300 -3.321519
-1.176841 -3.289274
-0.738455 -3.125070
4.212282 -6.426976
-1.178432 -3.064920
-0.635871 -2.780756
-0.899899 -2.530623
-0.754328 -3.193577
-1.089834 -3.062547
-0.912163 -2.698294
-0.652740 -2.585241
-1.544289 -3.386785
-1.078356 -3.323875
-1.553076 -4.783653
-1.010804 -3.563970
-0.840521 -4.127988
-0.728564 -2.795220
-0.969523 -2.687826
-1.586311 -2.922502
-1.412255 -3.333844
-0.989768 -2.553767
-1.085964 -3.086584
-0.645883 -3.363255
-1.229164 -3.884396
-0.756775 -3.134591
-0.308857 -3.560401
-0.741388 -3.338686
-0.815046 -2.732162
-0.758513 -3.065467
-1.189941 -3.327237
-1.349392 -2.927604
-0.996985 -4.056374
-0.675056 -3.028463
-0.903164 -3.827567
-0.697484 -2.713875
-0.709862 -3.626846
-1.678515 -4.425068
-1.218417 -3.157565
-1.069492 -2.609826
-0.590369 -2.646235
-0.490677 -3.781512
-1.577229 -4.655109
-0.526678 -3.899306
-0.842916 -3.891294
-1.406037 -3.331107
-0.810198 -3.000147
-0.627642 -3.940251
-0.937929 -2.944106
-1.150443 -3.004097
-1.418673 -3.545877
-1.204016 -3.091129
-0.639971 -3.506398
-0.556243 -3.229622
-0.634671 -2.475670
-1.301155 -3.655156
-0.514296 -3.113164
-0.916264 -3.897422
-0.598054 -3.575228
-0.814882 -3.837857
-1.184017 -3.135843
-0.692407 -4.097002
-0.575931 -3.869808
-0.655627 -2.670771
-1.408018 -3.682807
-0.943474 -2.306178
-0.641209 -3.879102
-0.603986 -3.521646
-1.044548 -4.161073
-1.356876 -2.524472
-1.291392 -2.891900
-0.880438 -3.886683
-0.715653 -3.954793
-0.563362 -3.428866
-1.377404 -3.730596
-0.611271 -3.539264
-0.866060 -4.148601
-1.505876 -4.141723
-1.396985 -3.208998
-0.400381 -3.718541
-0.693213 -3.711655
-0.816633 -3.855878
-0.425841 -3.536702
