-5.692460 2.065108
-5.734972 2.115923
-5.566340 2.020351
-5.236694 0.152096
-5.148613 0.120110
-5.244403 0.152930
-5.748982 0.925966
-5.618054 0.853928
-6.305470 1.666562
-6.336441 1.741688
-5.441175 0.823611
-5.412262 0.815247
-5.320325 0.806697
-6.370158 3.124221
-6.268978 3.107616
-6.628749 3.667419
-6.572352 3.785773
-6.524369 2.426396
-6.504125 2.414336
-6.465966 2.058901
-6.411873 2.040560
-6.211288 3.324001
-6.093934 3.357317
-6.175428 3.263334
-5.961740 1.854807
-6.064295 1.883397
-5.295105 0.909476
-5.274845 0.804484
-6.254334 3.146139
-6.310768 3.079937
-5.914006 1.294869
-5.831298 1.219297
-5.477898 0.934434
-5.587829 0.945596
-5.549029 0.909336
-6.482080 1.264491
-6.403292 1.159506
-6.181260 1.674248
-6.167531 1.704858
-6.126606 1.790884
-6.005021 3.185576
-5.927639 3.103906
-6.441290 3.134326
-6.451485 3.158945
-4.878427 0.372202
-4.866965 0.184655
-6.366884 -4.935974
-6.262031 -5.225822
-5.339200 1.020572
-5.372973 0.947525
-7.793159 -5.668260
-7.506032 -5.818632
-6.222295 1.863169
-6.125172 1.870609
-6.757513 2.099972
-6.891901 2.228161
-5.309588 1.060421
-5.402022 1.077538
-5.916316 3.011635
-5.989181 3.026087
-6.954126 2.342368
-6.801387 2.322565
-5.528214 0.777827
-5.553418 0.738465
-6.028643 2.297756
-6.035781 2.348324
-5.541777 1.186276
-5.457771 1.157649
-5.096148 0.516477
-5.247040 0.254323
-6.180852 3.208298
-6.175562 3.125022
-6.513645 2.818478
-6.410647 2.811518
-7.356612 3.675660
-7.119206 3.241941
-7.850327 4.013289
-6.087360 3.353051
-6.069992 3.303088
-5.960473 3.278760
-5.968224 3.319746
-6.284242 2.980313
-6.358037 2.993048
-6.151655 2.837345
-6.140522 2.882868
-5.980326 4.451010
-5.738000 5.053489
-5.157095 0.696327
-5.186228 0.704262
-5.365711 1.359539
-5.244184 1.392021
-6.326324 2.411803
-6.304269 2.316965
-6.725466 -2.298850
-6.965641 -1.941377
-6.347581 2.786860
-6.324998 2.762779
-5.540019 1.153799
-5.534219 1.174491
-5.517025 1.067354
-5.481838 1.306137
-5.467585 1.273314
-5.377640 1.227294
-5.033984 0.994154
-5.325470 0.699550
-5.304763 0.702790
-6.193958 3.919219
-6.220349 3.835469
-6.574219 3.264915
-6.635094 3.287589
-5.795236 3.103800
-6.065947 3.019156
-6.011194 3.003447
-5.934752 3.009035
-6.033062 3.034593
-6.475555 2.886151
-6.522709 2.750060
-2.530782 -9.013101
-2.768378 -8.820181
-6.345647 0.869186
-6.111897 0.929641
-6.372793 2.810935
-6.308273 2.823204
-6.108373 2.365463
-6.106905 2.297396
-6.335015 1.716064
-6.233918 1.736855
-6.387739 2.236769
-6.503449 2.258198
-6.519956 2.063229
-6.465038 2.017434
-5.221476 0.457249
-5.263220 0.489171
-5.947419 3.263328
-6.052810 3.351142
-7.087323 -4.568668
-7.169815 -4.703753
-5.226590 0.832940
-5.257619 0.842897
-6.144954 3.014862
-6.206168 2.945191
-6.475829 1.854394
-6.461936 1.898334
-6.358983 2.118531
-6.363201 2.055707
-6.831487 2.660708
-6.984163 2.830685
-6.044961 3.214714
-5.969786 3.360574
-6.410231 3.183500
-6.426543 3.112650
-5.982642 2.842818
-6.053544 2.894345
-6.248342 3.664050
-6.177961 3.666288
-6.245866 3.076178
-6.316486 3.198797
-7.612778 -5.579005
-7.610091 -5.646795
-6.238280 2.431881
-6.234760 2.321051
-6.394023 2.216294
-6.439821 2.211785
-6.044396 2.676090
-5.953293 2.713745
-6.443732 2.636671
-6.429443 2.743849
-6.587345 1.866753
-6.453435 1.882819
-6.442052 2.787755
-6.473126 2.819551
-6.195035 3.484321
-6.172492 3.431287
-6.001824 1.830696
-5.992025 1.820626
-6.124320 3.464121
-6.209735 3.439205
-6.207957 2.613526
-6.174225 2.717691
-5.148143 1.354785
-5.315401 1.176471
-5.968686 2.455180
-5.988283 2.582571
-5.925988 0.086580
-6.012572 -0.218921
-6.436184 2.299081
-6.324456 2.248637
-6.362142 2.060210
-6.071750 3.521653
-6.112419 3.266753
-6.080482 3.334584
-6.146410 3.257654
-5.597953 1.459907
-5.431819 0.500305
-5.409436 0.550866
-5.513743 1.385128
-5.736731 1.246966
-5.723724 1.351602
-5.858896 3.607523
-6.059922 3.619987
-5.467550 1.381127
-6.069364 3.490403
-6.090008 3.515007
-6.938886 2.900226
-6.982913 2.881581
-5.959129 1.747558
-5.965766 1.812213
-5.610702 1.403939
-5.726058 1.426190
-6.356617 1.870137
-6.322390 1.901072
-6.428071 1.902260
-5.747119 1.305415
-5.641243 1.267772
-6.268634 3.924178
-6.093135 3.867085
-6.181537 2.137226
-5.389138 2.315179
-5.014679 2.451859
-6.333963 2.513214
-6.226735 2.583131
-6.478502 3.690857
-6.389786 3.710945
-6.316081 3.111846
-6.273972 3.164710
-6.151998 1.095728
-6.202975 1.203286
-6.116104 3.106370
-6.182047 3.131996
-6.067422 2.147329
-5.993683 2.203095
-5.380024 1.756246
-5.144541 1.809132
-6.449646 -2.717088
-6.533985 -2.616045
-6.082726 -4.902209
-6.200758 -4.838224
-6.110893 3.045529
-5.730741 1.419010
-5.619177 1.380392
-6.096897 2.612978
-6.248960 2.631594
-6.676766 -4.822335
-6.385585 -4.530489
-5.391278 0.466091
-0.920778 -10.443420
-5.478822 0.788988
-5.500264 0.794092
-6.866658 2.881716
-6.192201 2.421532
-6.273306 0.749390
-6.123000 0.812492
-6.021744 3.087332
-5.961321 3.111678
-6.205432 3.457339
-6.220141 3.393542
-5.321804 1.330159
-6.559817 2.247410
-6.582783 2.133703
-5.919361 3.295407
-6.068154 3.272034
-5.172991 1.028436
-5.273374 0.978671
-5.914123 1.924031
-6.017482 1.830062
-6.201675 3.455172
-6.152450 3.389986
-6.051835 1.772681
-6.052321 1.691450
-6.274195 1.951949
-6.198708 1.784857
-5.655796 1.409712
-5.582070 0.942902
-5.564488 0.926836
-5.221869 0.447561
-6.180335 1.648314
-6.087701 1.578339
-5.657741 1.331877
-5.475495 1.407903
-6.451229 2.758514
-6.381640 2.834812
-6.388247 3.740999
-6.506990 3.591374
-5.365744 0.637362
-5.362996 0.636155
-5.985543 2.383386
-5.988620 2.339917
-6.332982 3.243886
-6.327610 3.245379
-6.354862 3.253632
-5.199826 1.899517
-6.365781 1.566205
-6.336277 1.600017
-6.137449 1.921832
-6.131517 1.832495
-5.645724 2.257746
-5.676665 2.223586
-6.268480 2.983169
-5.293309 0.274619
-5.268790 0.404908
-5.214005 0.369557
-5.976848 1.008558
-6.067814 0.800541
-5.365258 1.099043
-5.397479 1.100135
-6.266518 0.971374
-6.106903 0.756682
-6.167090 1.618396
-6.200589 1.431975
-5.332368 1.222367
-5.448282 1.349625
-6.176952 3.271497
-6.207737 3.241497
-6.309342 -4.302227
-6.390457 1.685889
-6.439129 1.735180
-5.993342 3.359566
-6.001768 3.288230
-6.647089 1.973595
-6.654088 1.900893
-6.106724 1.684979
-6.083501 1.694615
-6.618789 2.411152
-6.640819 2.320784
-6.477009 2.508674
-6.532053 2.533020
-5.451031 1.339813
-6.478173 2.233417
-6.488689 2.174479
-7.016251 -4.109776
-5.559900 1.346555
-5.551230 1.300413
-5.935992 2.833012
-5.798296 4.369366
-5.648425 0.854311
-5.701694 0.911375
-6.025089 3.180818
-6.002880 3.185245
-6.408912 2.822773
-6.469218 2.779363
-6.569172 2.319633
-6.664409 2.304131
-6.064180 2.074557
-5.926402 2.025923
-5.146377 0.622296
-5.285212 0.682421
-5.878416 4.146672
-6.102512 2.493046
-6.186014 2.505755
-6.331900 1.723262
-6.244993 1.701052
-6.169219 3.356683
-6.117983 3.216170
-6.212714 1.918721
-6.073123 1.841266
-5.919804 2.681753
-5.949298 2.610472
-5.576894 1.041861
-5.493010 1.041338
-5.442862 1.203397
-5.433209 1.299754
-6.180108 3.507442
-6.273154 1.591214
-6.264087 1.579026
-6.406642 2.260661
-6.652086 2.114700
-6.556412 2.233031
-5.667529 1.133486
-5.609749 1.121011
-5.467670 0.835191
-5.604280 0.822425
-5.933416 1.694767
-5.991302 1.674472
-6.325087 2.718305
-6.251113 2.685018
-6.244367 2.726545
-6.138722 1.638006
-5.704782 1.485365
-6.258283 1.985332
-6.252205 1.521129
-5.633257 1.935081
-5.935244 2.988534
-5.978314 2.156043
-5.946132 2.161534
-6.265823 3.364834
-6.241519 3.245585
-6.286736 3.172299
-6.358057 3.144761
-6.225058 1.716220
-6.235947 1.793780
-6.061077 2.972128
-6.036733 3.116681
-6.515450 1.340564
-6.429862 1.075749
-6.155173 3.080987
-5.469178 1.195255
-5.547258 1.058477
-5.686546 1.196118
-6.326846 3.293357
-6.253715 3.214979
-6.517365 2.972808
-6.478073 2.439871
-5.237363 0.485218
-6.981269 1.673997
-5.605597 1.616864
-5.661747 1.577326
-5.841268 2.038720
-5.888688 2.031655
-5.567017 1.086033
-5.598424 1.108475
-6.667686 2.028548
-5.276072 0.968216
-5.139021 3.192716
-5.237746 2.693540
-6.999083 -4.761275
-5.758440 1.663800
-5.714808 1.585274
-5.152925 0.772606
-5.325772 1.043909
-6.198377 1.551752
-6.166235 1.661906
-5.756479 0.361882
-5.482919 0.211678
-5.965886 3.424425
-6.003805 3.424566
-6.328957 2.073551
-6.316601 1.998515
-5.724912 1.443874
-5.737783 1.433296
-6.409659 2.779439
-6.002288 3.369045
-5.945615 3.461612
-6.231524 3.081648
-6.249458 3.181406
-6.402075 -4.631474
-6.385701 -4.812095
-6.158712 1.726402
-5.323105 1.140727
-5.434983 1.126717
-5.255831 0.376569
-5.230982 0.422822
-6.032504 3.495971
-5.961724 3.488864
-5.249095 0.645175
-5.205681 0.859811
-5.292613 0.836429
-6.382785 2.646541
-5.625464 2.314461
-5.466287 2.522171
-7.395038 -4.677835
-7.362703 -4.713509
-6.190400 3.048493
-6.130692 2.944995
-6.226956 1.854920
-6.244763 1.940871
-6.504945 3.022045
-6.514697 2.932758
-5.376832 0.730867
-6.262490 3.119885
-6.210069 3.144166
-6.171773 3.124246
-6.219861 3.163365
-6.166040 3.367675
-6.109245 3.422966
-6.765843 1.925098
-6.831642 1.666684
-6.183282 2.620726
-5.073689 0.468218
-5.069477 0.479380
-5.026918 0.547020
-5.009128 0.523364
-5.460401 1.481969
-5.591907 1.465850
-6.658696 2.132949
-6.632171 2.210384
-6.305163 3.366762
-6.343784 3.227480
-5.357239 0.460476
-5.327481 0.503718
-6.385715 1.666253
-5.701302 1.239972
-5.744672 1.326590
-5.673393 1.571480
-5.953962 3.519060
-5.977113 3.368298
-5.888322 3.697531
-5.900080 3.699770
-5.070085 0.475024
-5.061572 0.568468
-6.439027 3.026705
-5.850313 0.821455
-6.010639 1.016078
-6.060058 3.462144
-6.040708 3.402573
-6.074938 3.500989
-6.108392 3.484000
-6.484785 1.776408
-6.529600 1.762860
-6.680215 2.551861
-6.632016 2.532529
-6.120131 2.969307
-6.146856 3.014932
-5.727347 1.522013
-5.685351 4.992604
-6.193583 2.579097
-6.178560 2.444833
-6.101357 2.070409
-6.017622 2.435586
-6.822546 2.744537
-6.806423 2.848615
-6.336708 3.016976
-6.321432 2.941318
-6.659972 2.494977
-6.317562 1.536507
-6.265863 1.555773
-5.960580 1.746996
-5.987343 1.750850
-6.622592 2.066375
-5.085630 0.426981
-5.188536 2.653382
-4.977495 3.066795
-6.391395 1.519591
-6.307177 2.971021
-5.995029 3.278293
-5.933991 3.237245
-6.152264 3.238464
-5.996222 2.063815
-6.047710 2.527833
-6.424677 2.351449
-5.872539 1.763476
-5.889580 1.810097
-5.973721 1.715800
-5.481594 1.412476
-6.466703 2.697699
-6.523229 2.649201
-5.610856 1.235455
-6.387636 -4.589704
-6.677227 -4.702682
-6.319570 2.540249
-6.296575 2.590891
-5.103803 0.353912
-5.080128 0.289890
-5.843702 1.729264
-5.770185 1.768676
-5.399596 1.341019
-5.304749 1.322897
-5.840793 1.194963
-6.316617 2.764413
-6.202930 1.554420
-5.613828 1.087374
-5.644863 1.283332
-5.221728 0.801991
-5.612827 2.592454
-5.605355 2.413758
-5.963811 3.382240
-5.656559 1.079857
-5.736354 1.094776
-5.952660 2.896364
-5.934151 2.852799
-5.845138 1.882334
-6.586053 1.250481
-5.859187 2.269751
-5.923697 2.068817
-6.364421 3.140488
-6.291181 3.187585
-6.540584 -4.986889
-6.614541 -5.088613
-5.599462 -1.418249
-5.624224 -1.032287
-6.016269 3.445629
-6.019326 3.505563
-6.146558 3.468569
-6.423191 1.983702
-6.238142 3.253643
-5.818861 1.804126
-6.350920 4.133278
-5.545105 0.679211
-5.536621 0.603976
-5.462910 0.635403
-5.525901 0.701227
-5.908572 1.843837
-5.839736 1.951694
-5.794243 1.918038
-5.761623 1.944490
-5.781651 1.548196
-5.840018 1.554321
-5.528076 0.770121
-5.479837 0.880500
-6.003925 1.871688
-5.678364 1.448464
-5.728202 1.438028
-6.141407 1.756327
-6.198778 1.753915
-6.592777 2.288670
-5.922684 3.187907
-5.916557 3.159921
-6.831156 2.216927
-6.288656 2.269626
-6.251463 2.215253
-6.359300 3.251446
-5.626784 1.181936
-5.653825 1.186586
-5.791752 1.622285
-7.525760 -5.236773
-6.622358 2.423273
-6.169622 2.767923
-6.149854 2.901832
-6.329122 2.746110
-5.851254 1.681820
-5.045276 0.428396
-5.072866 0.470969
-6.267078 2.257571
-6.456511 2.426195
-5.940609 2.185078
-6.812816 2.358692
-6.793050 2.530468
-6.572783 2.049593
-5.643979 1.400385
-5.712506 1.463506
-6.165171 1.269951
-6.236895 1.320999
-6.330650 2.320100
-5.994543 3.340189
-6.016006 1.584908
-7.562652 -5.079309
-5.020441 0.350102
-5.694386 1.642438
-4.872377 -0.021617
-4.875312 -0.083914
-6.015651 1.590210
-5.837739 1.635764
-5.958851 4.269529
-6.240296 1.727956
-6.302629 1.725431
-6.338402 3.313350
-6.224706 3.400662
-7.218411 -5.171604
-6.454382 2.964898
-6.414142 3.055810
-5.903777 2.089294
-5.636220 1.640293
-5.736297 1.546534
-6.036462 3.398199
-6.038955 3.520418
-5.763903 1.729677
-5.577918 1.208688
-5.984747 2.522056
-5.932270 2.588804
-5.765473 1.962208
-5.889783 1.930192
-7.518120 -5.131410
-6.118721 4.051639
-6.298231 1.518296
-5.011062 0.635414
-5.108393 0.600433
-5.477149 1.948193
-5.618356 1.846838
-6.631578 2.488515
-5.251893 0.980038
-5.268648 0.939820
-6.015725 2.652520
-6.777087 2.298977
-6.004724 3.364653
-6.209336 1.593566
-6.150542 1.545507
-5.976432 2.376491
-7.526672 -5.322071
-7.548408 -5.318379
-6.062401 3.421866
-5.940007 3.457671
-5.222104 1.018165
-5.517317 2.142664
-6.641080 2.486519
-6.674479 2.574244
-6.470072 1.792449
-5.800183 1.606815
-5.897858 1.786600
-6.223187 3.674454
-6.181192 2.039185
-7.471774 -5.248499
-7.583290 -5.202904
-6.383449 1.930809
-6.104797 3.675344
-6.112366 3.585107
-5.598567 1.637565
-5.512812 0.791571
-6.543859 1.431506
-5.993611 1.638046
-5.338810 0.071023
-6.000668 1.918785
-6.135900 3.072784
-6.122962 3.075654
-6.215193 0.804818
-6.296978 0.940703
-5.184018 0.518215
-6.068163 1.790477
-5.973181 1.814040
-5.308205 1.098752
-5.538836 1.571895
-6.425772 2.126334
-6.506358 2.020984
-6.274365 1.572888
-6.711536 -4.886879
-6.801521 -4.950862
-5.533233 4.239759
-6.460655 1.424473
-6.650465 1.628233
-6.199521 3.582393
-6.143826 3.662595
-5.971054 1.636485
-6.068426 2.981653
-5.120536 0.651467
-5.932026 3.250809
-6.233704 3.290310
-5.902938 2.073329
-5.864724 2.119915
-6.167068 3.595419
-6.170497 3.630072
-5.273061 0.346271
-5.151940 0.347894
-7.250268 2.745847
-7.881883 -5.279461
-7.780213 -5.222661
-6.310537 2.567989
-6.112090 3.509564
-5.728298 1.797903
-5.614395 1.810271
-6.462501 2.908099
-6.527266 2.918305
-5.351714 1.021108
-5.343399 0.917717
-6.151036 3.243958
-5.024518 0.325504
-6.129501 1.526957
-6.179515 1.565668
-5.475765 1.318709
-5.327680 0.715513
-5.577072 1.471429
-6.105292 1.946261
-6.167377 1.821220
-5.734183 0.970613
-5.964548 2.778123
-6.518414 1.937259
-5.690159 0.996176
-5.554723 0.669963
-5.368465 1.262039
-5.444662 1.308989
-6.119093 0.378005
-5.777853 1.782501
-5.724563 1.714395
-5.746758 1.735741
-6.396399 2.531307
-6.524489 3.251097
-6.292180 2.943639
-6.282382 1.921524
-6.277628 1.880208
-6.091730 3.647516
-5.782747 2.235135
-5.772416 2.089797
-5.896026 1.977394
-5.804792 2.229742
-6.216502 2.722804
-6.026528 3.841535
-6.005176 3.839720
-5.920724 2.291086
-5.943302 2.008965
-5.664651 1.750875
-5.692518 1.725453
-5.252724 0.308810
-5.838843 1.393403
-5.911762 1.412007
-6.371151 3.130270
-6.330417 3.151046
-6.562234 1.925491
-6.108567 3.624781
-6.206321 3.632997
-6.403046 1.038289
-6.641382 2.209426
-5.209126 0.715432
-7.479161 -5.187163
-6.174412 2.987415
-5.598766 1.603439
-5.680167 1.559715
-5.833562 1.643831
-5.833346 1.532276
-5.384546 0.747426
-5.044638 0.662827
-5.126688 0.600782
-5.559718 1.068779
-6.325701 3.024147
-5.767319 1.955481
-5.484003 2.561913
-6.092708 2.032784
-6.617312 1.977707
-6.221640 2.224116
-5.883332 2.276920
-5.679870 1.304190
-6.482695 2.857264
-5.922287 2.948023
-6.612216 -5.091421
-6.211929 3.225193
-6.205256 3.313436
-6.658992 2.339838
-6.417244 2.159096
-5.757346 1.280539
-6.673325 0.963502
-5.365351 1.579675
-5.942976 3.204283
-6.272486 -2.160534
-6.605638 -5.072645
-6.133719 2.334344
-6.260772 2.483242
-6.527788 2.781879
-6.453920 3.205027
-6.257085 2.865755
-5.857961 1.413589
-6.559705 3.633957
-5.504131 1.646454
-5.971348 3.469664
-5.971256 2.833435
-6.067858 1.626011
-6.106502 -3.716238
-5.890732 2.079103
-2.827143 -8.641583
-6.645499 2.659823
-6.593304 2.632041
-5.913195 1.464697
-5.968998 3.636142
-6.265120 3.430969
-6.233733 3.419156
-6.545280 2.446218
-6.053098 3.670112
-5.957742 3.388124
-6.007801 3.497039
-5.248929 0.581640
-6.349401 3.476032
-5.228475 1.132995
-5.280179 1.196295
-6.638412 1.973903
-5.808468 1.646500
-6.526855 1.975556
-6.546371 -5.059611
-7.690044 -4.790942
-6.479977 3.405237
-5.523549 1.021629
-5.531157 0.966917
-5.384421 0.768471
-6.203138 3.517726
-6.331146 3.440454
-6.723397 -4.609071
-6.734294 -4.709945
-2.794615 -9.116404
-6.915550 -5.047329
-6.001436 1.535949
-6.028796 1.592847
-5.890315 1.765423
-6.158555 2.419456
-6.220065 3.611660
-5.318482 0.441130
-6.445605 2.362656
-6.071385 3.554529
-6.301424 3.100137
-5.911907 2.660745
-5.801594 2.876166
-6.030980 1.246915
-5.512251 1.009511
-6.488097 3.163584
-5.301377 1.308134
-6.304740 3.419393
-6.489622 -1.652107
-6.602767 2.748418
-5.638196 1.166291
-5.929534 3.648165
-6.363447 2.231776
-6.375702 2.258103
-5.751349 1.730677
-5.958033 3.642640
-5.971885 3.626836
-6.059201 3.215317
-6.007997 3.272120
-6.964059 2.010649
-6.153697 1.839831
-6.180874 1.924273
-6.080105 2.156763
-6.032304 2.731827
-5.632737 1.145063
-5.072842 0.138344
-5.769642 2.436893
-5.862352 2.289630
-5.876888 2.351064
-5.853130 2.275920
-6.333379 1.848132
-5.564304 0.199293
-5.453663 1.456987
-5.663845 1.514719
-6.683022 2.282148
-5.647808 1.010617
-5.829618 2.153935
-5.945227 4.061609
-6.552570 2.643324
-5.253109 1.174291
-5.375913 0.577663
-6.615337 1.984411
-6.361714 2.727773
-6.310906 3.423843
-5.934817 1.048885
-5.906154 3.372038
-5.545807 2.534302
-5.330779 0.830391
-5.432743 0.314292
-7.548509 -5.070762
-6.357494 3.216618
-5.392480 1.051228
-6.643646 2.023529
-5.987724 2.256492
-6.249963 2.342427
-5.890969 2.355699
-6.270845 2.020009
-7.696533 -5.228050
-6.151025 2.898738
-5.640041 1.394983
-5.681201 1.509133
-5.927237 1.935219
-6.382986 2.358606
-7.375368 -5.137280
-7.396799 -5.106591
-5.734990 1.740117
-6.079138 3.467027
-6.528708 2.840382
-6.366901 1.982545
-5.790346 2.371554
-5.853452 0.810273
-5.323189 1.410349
-6.450417 3.144907
-6.295464 3.446833
-6.298031 3.354030
-5.381265 0.298339
-5.694292 1.613903
-5.226961 0.865784
-6.518472 1.789939
-6.226439 1.553008
-5.021874 0.350287
-5.224912 1.181799
-5.234573 0.230803
-5.061698 0.557112
-5.568737 1.091087
-5.566515 1.049987
-6.453308 2.370938
-6.950828 3.015358
-6.195469 1.575344
-6.190850 2.859138
-4.991651 0.194875
-5.431752 1.449476
-6.505232 3.115739
-5.896743 1.470801
-5.825652 1.483719
-5.929012 -4.957754
-5.974576 3.670403
-6.264637 0.638575
-5.934474 1.746001
-5.692789 1.485607
-6.269786 1.390566
-6.396506 1.546516
-7.409584 -5.126650
-5.956907 3.550756
-5.005946 0.494513
-6.243174 0.579576
-6.361235 3.367464
-5.797364 1.389445
-6.216032 1.699055
-5.868392 2.584404
-6.010823 1.943165
-5.931389 3.080727
-7.543688 -5.024464
-7.480307 -5.067632
-6.211706 1.391111
-5.819058 2.292759
-6.091391 3.622712
-6.206756 2.473806
-5.924301 2.468116
-6.405284 -4.460823
-5.821212 2.092792
-5.801549 2.025120
-6.103866 3.992221
-6.396316 2.189080
-6.113977 1.411327
-5.802337 1.888895
-6.354855 1.769722
-6.303168 1.415561
-6.477523 1.213369
-5.861297 2.578870
-6.215210 3.525282
-6.159274 3.663280
-5.877293 1.803921
-5.275251 0.617356
-5.047544 0.171144
-6.528645 1.929480
-5.242568 0.452712
-6.167520 3.320389
-6.501420 1.575191
-6.131157 1.627917
-5.971242 1.780995
-5.423421 1.027486
-6.466162 2.691586
-6.308774 3.949844
-6.835020 -4.740951
-6.373025 3.495703
-6.344941 1.663693
-5.500839 1.571946
-5.860914 2.244781
-5.445939 0.663972
-5.987519 1.591926
-6.078045 3.192039
-6.225069 2.315125
-6.207806 1.456384
-6.813231 -4.585298
-6.302354 2.487877
-6.258310 2.534962
-6.409630 2.540259
-5.878942 1.890279
-5.800064 1.864811
-6.013701 3.498839
-6.368149 1.374198
-5.184248 0.235452
-6.521998 1.709072
-5.350445 1.408829
-5.817117 2.543229
-5.997984 2.463447
-6.519567 3.023818
-6.385768 1.631871
-5.473258 0.717848
-6.199510 1.390200
-7.640501 -5.232961
-5.836891 1.636932
-5.531329 1.563627
-6.968911 1.934050
-7.731344 -5.643582
-6.669144 2.436253
-5.839937 4.433185
-6.362049 3.190529
-5.921667 3.368807
-6.432895 2.812285
-6.095849 1.684565
-6.105504 1.448789
-5.957929 1.040390
-5.918683 2.687324
-5.834164 1.590995
-5.793489 1.608646
-7.311455 -5.179649
-4.962413 0.931691
-5.055011 0.821519
-6.842319 2.942017
-6.893869 3.173918
-6.243599 2.964951
-5.612787 1.758481
-6.049376 3.151207
-7.618019 -4.626721
-6.295609 1.718173
-5.097897 1.316820
-6.905764 2.468271
-5.964149 2.010308
-6.036174 1.619615
-6.376252 2.920781
-6.166701 3.109854
-6.228005 3.386317
-5.282688 0.202130
-7.752472 -5.150788
-6.401319 2.162683
-6.127604 3.750483
-5.359194 0.414786
-5.901713 1.753783
-5.793644 2.666976
-5.768022 0.930847
-6.620263 1.867803
-6.504133 3.209126
-5.957266 3.632056
-7.465431 -5.196793
-6.281330 1.899308
-7.499032 -4.718334
-6.238422 1.396441
-6.044485 3.002147
-5.413477 0.508239
-5.840789 0.879162
-6.121485 2.512128
-6.666018 1.864230
-6.678890 1.928587
-5.789947 2.289879
-5.955049 2.437144
-5.902918 1.999847
-6.617322 0.703818
-5.944386 2.228057
-5.219049 1.081924
-5.535240 1.217571
-5.927848 2.037922
-7.473061 -5.354300
-6.912829 -2.162674
-5.927436 3.543628
-6.323619 3.416145
-5.094942 0.606298
-6.187524 3.517511
-6.356049 2.862322
-6.309125 2.878145
-6.063334 3.242608
-8.117920 -5.252066
-6.834562 3.089338
-5.313192 1.433315
-6.413531 2.976615
-5.455551 0.706903
-5.290067 1.039566
-5.303930 0.927773
-6.449796 2.734851
-6.091647 3.082838
-6.411165 2.353354
-6.418978 4.077503
-5.595791 1.411270
-5.525190 1.357623
-6.483775 1.982589
-6.110086 2.073777
-6.239210 3.291307
-6.213130 2.269197
-6.490537 1.511295
-6.111108 3.675043
-5.505140 0.828201
-6.242210 2.797693
-7.408859 -5.200948
-6.023006 2.782076
-5.821505 2.602040
-7.473427 -4.974478
-7.625592 -5.086583
-5.989115 -4.839815
-7.625175 -5.064807
-6.347030 3.318979
-6.059453 2.588325
-6.184733 2.653868
-5.630131 1.286698
-5.713077 1.019764
-5.975078 1.025035
-6.162664 2.920922
-6.564923 2.600700
-6.624362 2.675865
-5.775976 2.567399
-5.009111 0.284849
-5.719918 1.759656
-6.256723 3.143024
-6.097686 3.579350
-5.449901 0.427926
-5.242191 0.967974
-5.792216 2.216471
-6.132769 3.425778
-6.273102 1.478544
-7.874244 -5.744906
-6.671849 2.185753
-6.358236 2.196906
-4.872008 0.024304
-5.819152 2.082462
-7.315945 -5.098307
-5.473199 0.984098
-6.185418 1.469556
-6.575597 2.165888
-5.902686 1.262850
-5.792713 1.402410
-5.893466 2.217752
-6.567202 2.064535
-6.184021 1.443787
-6.288622 3.023307
-5.840418 2.628809
-5.789033 1.352976
-5.740745 1.663054
-6.597926 -4.792426
-6.892542 2.837989
-6.453274 2.487422
-5.927029 1.698021
-5.744895 2.409456
-5.685125 2.106346
-5.582016 0.799749
-7.524128 -5.318159
-5.837242 2.521904
-6.516314 3.065926
-6.257306 2.353326
-6.289875 3.467817
-5.289499 2.222330
-6.109381 1.948231
-5.903144 1.854800
-6.162891 2.431804
-6.252684 2.219998
-6.111529 0.473722
-6.059968 3.048911
-5.827561 1.426643
-6.160649 2.695149
-5.371372 1.226216
-6.520825 1.663033
-5.279393 0.397112
-6.287006 -3.362325
-5.612961 0.922486
-6.339475 2.594168
-5.878636 2.326002
-6.629673 2.568389
-5.798200 2.516958
-5.952811 2.271085
-6.543264 -0.141578
-6.335927 2.028249
-6.390523 -0.108561
-6.673881 0.387966
-5.789177 2.315688
-5.107483 0.265584
-5.736026 1.105013
-6.313288 0.604608
-5.988284 3.595206
-5.514917 0.554730
-6.062109 3.412526
-5.687143 1.379110
-6.506628 1.946634
-6.445222 3.076638
-6.323637 3.406955
-5.029581 0.769135
-6.399776 4.084372
-6.721045 2.813230
-5.474264 1.110896
-6.537539 2.463949
-5.011404 0.178753
-6.036327 1.780085
-5.610269 0.465308
-6.433517 1.752007
-6.404231 2.072416
-5.642782 1.886333
-5.994728 1.625673
-6.234238 1.359521
-5.967816 1.967466
-6.453906 2.774886
-7.461033 -4.979396
-6.575661 2.844898
-6.583981 2.791873
-5.938560 1.393972
-5.419909 1.454899
-6.441674 0.158628
-6.511254 3.181669
-6.490602 2.620472
-5.262167 0.218337
-5.910735 2.855564
-5.641160 0.485332
-5.621680 -4.380373
-5.789478 2.856445
-5.424921 1.182543
-5.711762 2.215009
-5.874558 1.423597
-6.411702 3.096780
-5.860324 1.240604
-6.241526 1.612701
-1.016896 -11.565578
-7.426656 -4.890063
-6.087581 2.394288
-6.452562 2.468264
-5.558732 1.900629
-6.451098 0.796920
-6.488687 3.875294
-7.447195 -5.197527
-5.976666 2.367093
-5.642262 1.942383
-6.468379 3.057769
-6.629895 2.327117
-6.634909 2.402414
-7.535130 -5.282270
-6.143689 1.536728
-7.721437 -5.445721
-5.982923 1.452503
-5.389222 0.763704
-6.071053 1.858152
-6.375828 2.423570
-5.868893 2.709638
-5.790005 1.325377
-6.028813 3.635969
-5.807611 1.566746
-5.955427 2.873674
-5.849175 1.679617
-6.349355 1.264777
-5.631394 1.689863
-6.387633 2.819592
-6.119868 3.365047
-5.572385 1.123969
-5.860550 2.607476
-6.218945 2.105459
-7.550425 -4.860626
-5.089581 0.797160
-5.890758 1.772747
-5.859741 2.463833
-7.342396 -5.009977
-6.666710 2.841059
-6.249987 2.534294
-6.004200 1.389537
-6.581658 2.877205
-7.573617 -5.403427
-6.485220 0.555119
-5.928465 2.569830
-6.054037 1.639721
-5.944444 3.464672
-6.427886 2.421439
-5.994814 1.668889
-6.385653 2.204141
-5.983088 1.970309
-5.873009 2.802405
-6.086432 1.644904
-6.214924 2.555341
-5.623930 1.212161
-6.195672 1.489142
-6.232625 3.172284
-6.247135 1.726968
-6.534457 2.617522
-5.405312 1.252426
-6.526141 1.589280
-6.040075 3.160907
-6.099344 1.192217
-6.203793 2.894994
-5.132830 0.825465
-5.557186 1.335903
-6.417799 2.999839
-6.024219 4.442188
-6.277587 -4.692346
-6.600681 1.876465
-5.650163 1.541480
-6.386807 3.231496
-5.948866 2.012581
-6.125131 3.535991
-6.447927 3.232772
-5.891872 2.318882
-6.569647 2.023429
-6.192332 3.103777
-7.188333 0.518048
-5.036256 0.317971
-5.954378 3.270528
-6.042941 3.726222
-6.387726 2.430695
-5.440437 0.970780
-5.902379 1.588712
-6.784801 -4.617215
-6.254674 3.213261
-5.885368 2.044404
-7.059617 -4.377821
-6.269318 1.557270
-6.391590 3.174415
-6.402505 3.310861
-6.272474 3.008834
-4.836066 1.317613
-5.178100 0.231638
-6.063220 1.035985
-6.251465 1.929847
-6.252963 1.412764
-6.248317 -5.031455
-5.694005 1.955818
-5.307191 0.998767
-6.032184 1.475503
-1.668859 -10.884580
-6.456760 -4.871029
-5.645138 1.105737
-6.227454 3.502618
-6.059002 2.936210
-6.461718 1.982659
-6.849075 3.040919
-6.086350 1.759693
-7.810706 -6.102202
-5.794041 2.864094
-5.400469 0.348637
-5.963456 3.755142
-6.429116 3.316433
-6.077565 2.939297
-6.452283 0.621888
-7.703222 -5.138166
-6.569903 1.740597
-5.526013 0.552024
-6.552672 2.823015
-5.972415 3.407157
-6.169884 3.786128
-6.123170 3.428954
-5.957150 3.652775
-7.345306 -4.873406
-6.551246 1.779817
-7.453465 -4.859010
-5.294504 0.700213
-5.939373 2.353460
-5.004698 0.470878
-6.669516 1.944924
-6.587304 2.798934
-6.468742 3.082062
-6.004448 3.289612
-6.353296 -4.585024
-5.955444 3.098385
-5.882735 2.465696
-5.846229 1.855491
-8.461201 -5.992816
-6.561091 2.710228
-7.692566 -5.032713
-5.467841 0.664156
-6.496251 3.257409
-5.991722 3.805920
-6.213346 2.089180
-6.183545 0.851515
-6.611892 -0.497219
-5.234696 2.157891
-6.326604 1.841818
-6.636737 1.871075
-5.025334 -5.004776
-5.652356 0.807002
-5.782643 2.761382
-6.219343 2.169540
-6.460564 0.064225
-5.564840 1.667031
-6.231591 2.236460
-6.425155 -0.116747
-7.634494 -5.245106
-5.842713 1.339202
-6.691323 2.382243
-5.502251 0.485964
-6.309447 2.862172
-6.566069 2.243425
-5.333352 1.888798
-5.211787 1.166153
-5.211669 0.531941
-6.013484 3.458040
-5.951979 2.855331
-6.388420 2.435216
-6.551574 2.468132
-5.319325 0.471827
-6.604732 2.048534
-5.656860 1.660918
-6.556090 -4.243448
-7.536747 -4.461082
-6.254264 2.369757
-6.199594 3.469113
-7.443032 -4.380680
-6.516346 1.645189
-6.032393 3.106601
-6.329259 3.060670
-5.649260 1.433012
-6.263235 1.441487
-6.200033 3.753434
-5.813353 1.646162
-5.756352 0.755768
-6.528944 3.332441
-5.633118 2.721611
-7.521268 -5.012187
-5.696408 1.253567
-6.526447 2.199587
-5.856866 1.663998
-7.387383 -5.236152
-5.471807 0.569452
-5.515750 1.038827
-6.037149 -4.728599
-7.728223 -5.179271
-5.848886 2.927411
-6.127414 -4.849112
-6.205552 4.070500
-6.399862 2.616915
-6.049283 2.137912
-5.879502 2.693888
-6.524875 2.577483
-7.625580 -5.367036
-6.613473 1.742706
-6.126681 2.827783
-5.711519 -4.993597
-6.361790 2.032252
-5.921966 1.783880
-6.125191 3.692326
-6.622418 2.395236
-6.387672 3.240691
-6.079318 3.826256
-5.938370 3.830745
-5.784173 1.558680
-6.051560 3.600911
-5.767398 2.287018
-6.170162 2.341766
-8.476945 -6.061401
-5.863866 1.758321
-6.159046 -3.355909
-5.590204 1.782382
-6.198031 2.662092
-7.420521 -5.737839
-5.775884 1.561390
-5.795148 1.552992
-5.911688 2.184315
-5.837213 1.279209
-6.214054 2.440493
-6.188162 2.453248
-5.694434 1.438542
-6.278710 2.350334
-5.697436 2.046967
-6.199524 1.463858
-6.740164 2.219873
-5.509476 0.568924
-5.457283 1.741693
-6.389750 2.640541
-6.567586 2.778697
-5.629065 1.744650
-6.652332 -4.066918
-6.188698 2.567175
-5.932731 2.440684
-6.639708 1.761641
-6.404073 2.835417
-6.149092 2.404667
-6.418039 2.907415
-5.568765 1.480008
-6.208508 2.421740
-6.101139 3.278467
-5.313256 1.139778
-6.620059 -4.439077
-6.267811 4.066358
-6.211550 2.498736
-5.655545 1.508630
-6.206955 2.501216
-5.747158 0.846728
-5.925583 1.386031
-5.725302 2.839722
-5.726730 1.957811
-6.147058 2.397044
-5.192122 2.314187
-5.906313 1.361808
-5.807232 1.441583
-6.608437 -0.666023
-6.267590 0.176562
-6.259858 3.492762
-5.822772 2.496358
-6.371703 3.631039
-6.530322 2.178576
-6.407588 1.764159
-6.153463 2.416877
-6.481493 2.258714
-5.595207 1.347548
-5.767640 3.920379
-6.781743 -4.577512
-6.496381 4.105928
-6.384121 3.165653
-6.163620 2.580414
-5.796044 1.509399
-5.347338 0.779735
-6.353221 3.603577
-5.907134 1.416104
-6.166758 2.377328
-5.890194 2.005781
-6.085021 3.553615
-6.198850 2.444273
-6.157483 2.465559
-6.216414 2.543110
-6.206275 3.091703
-6.635918 2.588541
-6.208768 2.647173
-6.279351 2.855956
-4.998468 0.627476
-5.605937 1.068648
-6.350679 2.548194
-6.840796 -4.975694
-6.208082 2.651144
-6.452506 3.253781
-5.717584 1.472933
-6.061803 1.531917
-6.388986 2.318081
-6.383222 1.917514
-6.185027 2.329904
-6.208031 2.331041
-6.441329 3.513589
-6.276947 2.513793
-6.097546 2.517631
-6.075261 2.559959
-6.198736 3.618708
-6.167861 2.597371
-6.372279 0.277023
-6.437792 3.983333
-5.781976 2.825673
-6.176596 2.612370
-6.140282 2.553554
-6.190424 2.313498
-5.184700 0.828576
-5.973606 2.074459
-6.153113 2.346910
-5.866696 2.955522
-6.083795 2.547908
-6.109794 2.483013
-5.506215 0.708823
-6.168748 2.363274
-6.039875 1.360695
-6.073065 3.744647
-5.684713 2.586613
-7.588069 -4.886588
-5.751107 1.229289
-6.486763 3.071946
-6.075946 2.638009
-6.192682 2.647030
-5.678345 1.339333
-6.148658 2.583974
-5.982402 3.305704
-6.904295 3.177906
-5.777673 1.437050
-6.124678 2.464121
-6.174870 2.473315
-6.319616 3.338258
-5.832472 1.361191
-6.651552 1.855958
-5.986065 3.177821
-6.085814 2.608224
-6.134810 1.482650
-5.795135 1.878329
-5.065832 0.163730
-6.217293 2.659639
-6.091995 2.534173
-6.097940 2.518551
-5.568157 2.083908
-6.040003 2.106649
-6.147251 2.343955
-7.768345 -5.311615
-6.326058 3.674344
-7.517950 -4.887528
-6.662819 2.214889
-6.166906 2.403292
-5.248704 2.295034
-6.136970 2.466333
-5.504054 2.711182
-6.451340 2.116143
-6.007204 3.467152
-6.332668 1.010694
-6.278779 1.402553
-6.424049 2.344379
-5.454218 0.587329
-5.886690 1.546052
-5.015247 0.005961
-0.509895 -11.570016
-6.389102 3.346555
-5.279211 1.213127
-6.427205 2.493089
-6.089818 2.367680
-5.796052 1.478966
-5.744730 0.837844
-4.990883 0.066514
-6.485127 0.251939
-6.072775 2.412006
-5.535745 0.727121
-6.205414 2.627247
-5.275486 0.188351
-6.374110 2.324199
-6.338394 1.930661
-5.676307 1.464180
-6.271369 1.743575
-5.493361 1.565963
-5.917673 3.726124
-5.247481 1.040385
-5.081260 2.657993
-5.636802 1.292085
-5.804762 1.355445
-6.114233 2.367653
-6.442198 3.388504
-6.192197 2.271672
-5.712979 1.006342
-6.216813 2.717992
-6.214618 2.315150
-6.187123 2.217189
-6.200350 2.534750
-6.167941 2.556283
-5.812145 1.787549
-6.195781 2.678575
-6.218990 2.729604
-6.275490 2.403016
-6.150640 2.305592
-5.813213 1.582812
-6.117203 2.378079
-6.196060 2.442715
-5.842491 1.737671
-6.094946 2.638373
-6.087687 2.737609
-5.985640 1.760789
-6.129239 2.745769
-6.225786 2.390953
-6.252424 2.396674
-6.161288 2.442384
-5.243637 0.858591
-6.661216 2.539896
-6.194782 2.259346
-6.286022 2.451694
-6.169613 2.723878
-6.163050 2.437375
-6.168452 2.728938
-6.057227 3.464565
-6.359542 3.674406
-7.457328 -5.093779
-5.173159 2.430556
-6.577560 -4.847702
-6.624382 2.632925
-6.148386 2.596164
-6.070140 2.418945
-6.006003 2.178020
-6.104625 2.622739
-6.104625 2.059567
-6.326107 3.573906
-5.465373 1.728596
-6.282073 2.477031
-5.195470 1.205458
-6.605197 2.266943
-6.234722 2.399288
-5.943173 3.032184
-5.889009 1.186803
-5.801327 2.310702
-7.346699 2.734826
-6.227074 2.424365
-5.470734 1.773419
-5.209240 0.648099
-6.295107 2.331250
-5.605645 1.347747
-6.087436 2.520190
-6.100567 2.367990
-6.194205 3.206913
-6.150777 2.681914
-5.973241 2.413820
-6.118646 2.576133
-7.409467 -5.435186
-5.469150 0.834273
-5.823609 2.473857
-5.811197 1.628690
-5.689066 1.518375
-6.177532 2.648153
-6.116046 2.811510
-6.071597 2.358375
-6.087971 2.645456
-8.081470 -5.212625
-5.894361 2.938720
-5.207923 1.279814
-6.180330 2.675067
-6.107338 2.693719
-6.130011 2.298019
-5.831128 2.715117
-6.265047 0.598786
-6.146514 3.371784
-6.398821 2.545959
-5.380991 0.968540
-6.086515 2.733025
-6.244335 2.467636
-6.233557 2.431337
-6.144229 2.301944
-5.867141 1.699202
-6.256247 2.586376
-5.797019 1.782052
-5.678835 1.852601
-6.428132 3.231402
-6.281716 2.482917
-6.083797 2.506500
-6.162508 2.547502
-6.247375 2.323514
-5.033421 0.296010
-5.936218 1.865772
-5.789233 2.186454
-6.119011 2.426264
-6.507218 2.705844
-5.082464 1.079474
-6.347583 1.241757
-6.257793 2.520850
-6.279202 3.442288
-5.694796 1.279007
-5.882733 1.071774
-6.895671 3.189091
-6.434617 1.386521
-5.893577 1.445294
-6.279035 2.435324
-6.157350 2.442820
-5.644349 1.421855
-7.495476 -4.935032
-6.381736 -0.992863
-6.613964 2.704766
-6.720580 -5.283246
-6.209857 2.642267
-5.892672 -4.757246
-6.169318 2.676571
-6.582445 2.051250
-6.108490 2.645790
-6.019034 1.678122
-4.907374 0.302130
-6.270438 2.059866
-6.277560 2.246040
-6.284946 2.229644
-6.289952 2.560245
-5.444127 1.535653
-6.207177 3.744812
-7.407456 -5.155546
-6.343794 1.233770
-6.471313 1.370467
-6.682287 3.019042
-5.584013 1.658985
-6.716339 2.227710
-6.189586 2.498348
-5.538659 2.083838
-6.227553 2.866971
-6.152932 2.406918
-6.265553 2.227491
-5.925010 3.759227
-5.128479 0.731762
-5.856316 1.586401
-6.297380 2.283390
-6.144390 2.592208
-6.238501 2.509791
-5.642691 1.270089
-5.828254 1.606364
-5.832304 2.503652
-6.134925 2.794170
-6.078074 2.332745
-6.031598 3.635061
-6.028315 2.200966
-5.595766 1.126541
-5.840394 0.811004
-6.102343 2.615139
-6.332667 3.412548
-5.902048 2.738555
-6.266826 2.290183
-5.613121 1.677667
-6.266770 1.631890
-5.970579 1.358480
-7.492094 -5.400189
-6.101741 3.705966
-6.150755 2.183838
-6.219522 1.499952
-6.196096 1.900586
-6.128692 2.777608
-6.102473 2.592756
-4.937989 0.276501
-6.797871 2.146671
-6.438268 0.360017
-5.661753 2.566182
-5.612760 1.394351
-6.413726 2.815814
-6.225316 2.533178
-6.279296 2.402220
-6.186654 2.805996
-6.189244 2.604563
-7.148195 -4.347123
-6.161301 2.324115
-5.997914 1.829249
-6.174863 2.378051
-6.158072 2.800720
-5.839658 2.079751
-6.195808 2.194865
-6.359276 1.261972
-6.202453 2.811698
-5.866699 1.364411
-6.684013 1.690392
-6.216740 2.731100
-5.344970 1.628862
-6.819481 2.298575
-6.233214 2.547829
-6.155073 2.164368
-5.974062 2.886171
-6.796762 2.325889
-6.277261 2.395006
-6.547102 2.924955
-5.203523 0.361305
-5.835372 1.652808
-6.500786 3.308959
-6.089856 2.801802
-6.266797 2.237688
-7.437108 3.181135
-5.659480 1.830321
-6.172299 2.564998
-6.147464 2.863136
-6.103803 2.736187
-6.252073 2.634571
-6.232141 2.304691
-6.533299 -0.501891
-6.175465 2.811574
-6.213641 -5.031434
-6.388100 2.357495
-6.294851 2.603459
-7.327699 -4.862949
-6.086555 1.216094
-7.436745 -5.334221
-6.119864 2.299803
-6.524710 2.009764
-6.414076 1.663983
-6.204348 2.282167
-6.456524 3.057027
-7.299321 -0.394306
-6.297936 2.619560
-5.826121 1.909780
-5.481621 0.775786
-7.388411 -4.971557
-6.096650 2.363773
-5.750777 1.531580
-6.127664 2.268177
-6.396556 1.455364
-5.630651 0.885886
-6.103764 2.369779
-6.213390 2.464227
-6.070119 3.532371
-5.243977 0.206007
-6.194653 2.721709
-5.734598 1.564801
-6.266256 2.604293
-6.273238 2.493580
-5.425606 1.552030
-6.239851 2.480306
-6.182973 2.545061
-6.149816 2.757046
-6.218650 2.185684
-6.209582 1.314112
-6.342372 2.722213
-6.097850 2.282975
-6.835122 2.161919
-5.741508 1.534207
-5.163049 -0.327979
-6.080081 2.604333
-5.928797 3.281353
-6.037582 1.435659
-6.125657 2.349430
-6.352774 2.182898
-6.233427 2.183752
-6.131952 2.820148
-6.278438 1.213679
-6.236970 2.266066
-7.239781 -5.115946
-6.420131 3.203205
-5.780923 3.194293
-6.109558 2.242481
-6.241253 2.551097
-6.442505 -0.437179
-5.731191 2.127945
-6.257157 3.489854
-6.674072 3.799922
-5.919354 3.786603
-6.140308 2.427531
-5.983643 3.644498
-5.677458 1.461941
-5.393848 0.393330
-6.109260 1.235576
-7.145358 -5.396328
-6.154738 2.444816
-5.880764 2.881303
-7.716093 -4.885899
-6.485151 1.914946
-6.116932 2.228347
-6.218146 2.371665
-4.977993 0.216635
-6.618990 -4.318248
-6.106562 3.533172
-6.117322 2.727864
-6.006979 1.633486
-6.222375 2.137432
-5.317111 1.332239
-6.384778 1.416329
-6.112748 2.447678
-5.798992 2.808470
-6.127728 2.460026
-6.185063 2.796278
-5.433280 1.143359
-6.815517 -4.790493
-6.290355 3.671209
-6.073943 2.306888
-4.890853 0.246173
-6.193516 2.631886
-6.343387 3.613142
-5.777324 1.762533
-5.801759 1.293126
-5.724753 1.710278
-5.783481 1.395283
-5.284549 -0.369803
-6.194416 2.758102
-7.205494 -5.010718
-6.199889 2.435364
-6.525727 1.714369
-6.434574 2.007652
-5.776541 1.153213
-6.285546 2.359800
-6.122457 2.245564
-6.147084 2.164924
-5.764771 1.599793
-5.719365 1.335682
-7.262240 2.444718
-6.732351 2.381919
-6.279059 2.650017
-6.687747 2.378253
-5.445407 -4.980712
-6.804298 2.246750
-6.192652 2.254243
-5.792233 1.302720
-5.385469 0.222047
-6.208242 2.230603
-7.374308 -4.004496
-6.482111 1.534067
-5.157909 0.800078
-6.184493 2.558840
-5.275729 1.100852
-6.564872 2.079472
-6.161933 2.584834
-6.141436 2.770262
-6.323369 2.506105
-6.105703 2.239988
-5.196544 0.071657
-6.300500 2.630217
-6.536753 1.931996
-6.952711 -4.230812
-7.345736 -5.009826
-6.225842 2.506959
-5.792576 1.029075
-6.166351 2.326244
-6.213836 2.726019
-6.144773 2.853466
-6.180215 0.516863
-6.170938 2.603433
-5.185213 1.374360
-5.281700 1.291372
-6.261259 2.461634
-6.090690 2.701220
-5.865434 1.432473
-6.102127 2.291757
-6.034544 3.343717
-6.300739 2.279829
-6.108081 2.614116
-6.084500 2.888184
-6.096217 2.667856
-4.908742 0.353344
-5.956792 2.646790
-6.961532 2.979091
-6.565556 2.970431
-6.114895 2.836242
-6.356282 1.630159
-6.421850 3.481831
-6.215199 2.714433
-5.513525 -0.003293
-5.362924 0.177042
-6.188232 2.767810
-5.916264 3.101895
-5.831844 2.341536
-6.093160 2.578854
-6.125262 2.758875
-6.166402 2.805571
-6.214767 2.498815
-7.649693 -5.066555
-5.736643 1.511688
-6.427025 3.489409
-6.070570 2.235973
-6.213945 2.078851
-5.553855 1.694667
-5.772948 1.341943
-6.186102 2.193839
-6.094781 2.421144
-6.119339 2.729881
-5.632674 1.117197
-6.180582 3.807662
-6.250806 2.699240
-5.541575 2.856199
-6.574951 1.891399
-5.941135 2.899322
-5.764253 2.966170
-6.197830 2.865196
-6.379064 1.812644
-5.733049 0.872751
-6.241629 2.151394
-5.041561 0.865213
-6.239750 2.644366
-6.165755 2.877683
-6.147334 1.469239
-5.786348 1.796910
-6.053766 3.977607
-5.976995 1.864055
-5.816113 2.616581
-5.671125 1.099215
-6.036998 3.124912
-6.512909 4.133454
-6.190894 2.115493
-5.668822 1.610687
-6.233604 3.294509
-5.557814 1.389855
-6.486711 3.493711
-5.786009 1.345508
-6.357077 3.074851
-6.244183 2.745775
-5.648476 -4.961873
-6.231306 2.159994
-5.939246 2.321548
-6.251191 2.603619
-6.142211 1.884595
-6.146569 2.888880
-6.088408 2.259779
-6.238004 2.144475
-5.688845 1.239384
-5.913547 1.846696
-6.127993 2.490051
-6.081763 2.752753
-5.448671 1.563759
-7.713053 -4.894385
-6.149317 2.867140
-6.252256 2.430629
-6.459038 3.403251
-6.136936 2.838377
-5.829984 1.618764
-5.845761 1.757720
-6.256191 2.079130
-5.948443 1.813112
-6.130393 2.205307
-6.635357 0.877406
-6.273295 2.318489
-6.254559 1.413164
-6.184921 2.113541
-6.023201 3.420921
-6.298314 2.095563
-6.095627 1.352638
-6.145497 2.465939
-6.188138 2.430527
-6.441955 0.617022
-5.937154 3.840602
-5.634297 1.530689
-5.999035 2.547420
-6.163555 2.613587
-6.005770 2.558719
-6.305846 1.541069
-6.178129 2.881772
-6.167440 2.260181
-6.620242 2.302413
-6.231273 1.785967
-6.213875 2.792498
-6.179518 2.907591
-6.206545 1.606825
-6.204530 2.421481
-6.265385 2.095898
-6.096767 2.771516
-6.122839 1.761490
-6.024075 2.653357
-6.186362 2.121819
-6.164480 3.333717
-6.620256 2.620155
-6.082071 2.276505
-6.145158 2.205815
-5.832695 2.878442
-6.177708 2.212186
-6.268068 2.543313
-6.257341 2.459873
-6.384090 -0.782099
-6.227945 2.245105
-6.078686 1.976713
-5.555239 0.635872
-5.655582 1.411312
-6.200256 2.559913
-6.341676 3.593579
-6.827038 2.062183
-6.508656 2.694330
-6.214605 2.885032
-5.992894 2.656968
-6.005826 2.588525
-6.083716 2.353119
-5.355734 1.430085
-6.202442 2.733035
-6.550507 -4.907387
-6.181371 2.688722
-6.096854 2.622441
-5.720264 1.177533
-5.775930 1.768391
-5.784542 1.556317
-6.389985 2.849776
-6.226997 2.490179
-5.823173 -5.125607
-6.267725 2.298193
-5.773657 1.896021
-6.106657 2.182599
-7.889202 -5.140835
-6.357512 1.233866
-6.438468 0.031377
-5.832214 1.523502
-6.166591 0.184146
-7.637980 -5.339315
-5.328411 1.544959
-5.512066 1.502739
-5.594132 1.784887
-6.195836 2.157233
-6.040710 2.461980
-6.261342 2.177323
-6.346715 2.425924
-6.276155 2.604951
-6.100651 2.831523
-6.209930 2.585225
-6.133259 1.808494
-5.847926 1.986042
-5.564721 1.330238
-6.277780 2.093400
-6.119547 2.522215
-5.874271 1.053498
-6.073887 2.425853
-5.455080 1.535430
-6.746404 2.028249
-6.294962 2.620497
-6.492301 1.462214
-6.192997 2.077734
-5.783379 1.531681
-5.400800 2.434435
-6.123716 2.660385
-5.678460 1.185859
-6.473423 3.408855
-6.377362 2.095891
-6.253633 2.435779
-6.040217 2.505356
-6.021468 3.372145
-5.650121 1.280072
-6.034313 2.538609
-6.166157 2.172629
-6.467265 2.258187
-6.319896 2.934986
-6.539436 2.202167
-6.004838 2.498383
-5.515005 0.554079
-6.140130 2.260617
-6.064126 2.739853
-5.612613 1.633526
-6.247779 1.922034
-6.277253 2.692535
-5.788881 2.901503
-6.048669 2.295788
-6.181736 2.881963
-6.033538 1.349071
-6.201030 2.462907
-7.421142 -4.790097
-6.054596 2.748164
-5.528207 1.775735
-6.366669 2.274421
-6.584569 2.560417
-6.298783 2.069556
-6.192870 2.065760
-7.177958 -4.975407
-6.587072 2.829511
-6.347330 2.430801
-6.062190 2.701712
-5.904938 1.578410
-6.371843 2.929577
-5.818536 1.759865
-6.084306 1.287573
-6.785062 2.477558
-6.755025 3.434005
-6.345249 2.342422
-5.998896 2.476639
-6.312971 2.376450
-1.880121 -9.495770
-7.563075 -4.740210
-5.612562 2.259677
-6.036354 2.557350
-6.110321 2.164857
-6.164015 2.759248
-6.054171 2.683007
-7.811119 -5.878161
-6.346604 2.448886
-6.325325 2.450440
-6.334974 2.267222
-6.338459 2.274187
-6.197738 1.838058
-5.957032 2.002807
-6.136891 3.236729
-6.430555 2.803498
-6.173384 -5.080772
-6.119989 2.235913
-6.699053 2.539477
-5.966448 1.442273
-5.810923 2.621830
-6.079130 2.138091
-5.808872 3.132430
-5.845947 1.555678
-8.154438 -5.119683
-6.004555 2.946523
-6.023761 3.835985
-6.053358 2.552230
-6.076051 2.941542
-6.419034 2.912373
-6.313103 2.490674
-6.425683 2.297524
-5.369577 0.246860
-6.331362 2.333258
-5.119150 0.976628
-6.136601 2.861627
-6.213400 2.321011
-5.999771 3.980006
-6.279115 2.530098
-5.668419 2.577355
-6.248061 2.384392
-6.302628 2.422509
-6.009145 2.646391
-6.208464 2.603331
-6.189211 2.880895
-6.033043 2.381127
-5.738538 1.323990
-6.277704 2.357856
-6.055954 2.502152
-5.458570 1.288779
-6.232946 2.699436
-6.592117 3.527709
-6.296861 2.559658
-6.577752 3.208752
-6.623216 2.700620
-6.200525 2.234844
-6.021602 2.699311
-6.652542 3.012750
-6.235343 2.804652
-6.213833 2.704738
-6.299771 2.444890
-6.328944 3.551610
-6.245570 2.760311
-6.061605 2.685187
-6.223437 3.923540
-6.361276 2.262998
-5.896819 1.750311
-6.264681 2.092365
-6.289143 2.700802
-6.343585 2.293146
-6.366209 -0.127931
-6.109113 2.642124
-6.049810 2.591193
-5.879595 -5.359420
-6.370568 2.407700
-6.087687 2.978970
-5.575573 2.744381
-6.039671 2.374965
-6.077304 2.729282
-5.613257 1.062462
-6.513112 3.003327
-6.055747 2.622726
-6.262554 2.620597
-6.352490 2.487287
-5.683846 2.120397
-6.278790 2.785949
-6.201000 2.547202
-6.233536 2.150862
-6.131508 2.320288
-6.201471 2.231360
-6.170628 2.073638
-6.314572 2.148328
-6.197653 2.684399
-6.367514 2.484371
-5.840107 1.686523
-7.045530 1.024519
-6.026036 2.400935
-6.269572 2.823712
-6.144298 2.147211
-6.174289 2.508367
-6.277962 2.174711
-6.196305 2.364052
-6.152461 2.050961
-5.621834 1.659295
-6.477409 4.036825
-6.093444 2.739658
-6.432812 3.173015
-6.016140 2.780367
-6.161685 2.142867
-6.090469 2.576092
-6.350099 2.185075
-6.014532 1.424251
-6.251885 2.832978
-6.120063 -0.092046
-5.650471 1.417486
-6.817570 2.020118
-6.410397 1.920380
-6.111298 3.174728
-6.241446 1.418995
-5.183562 0.566211
-6.134195 2.133984
-6.165495 2.003757
-5.996020 2.772216
-5.983449 1.772644
-6.017924 2.445913
-6.189604 2.766411
-6.073200 2.831031
-6.287536 2.423524
-7.478820 -5.579498
-6.155862 1.991660
-6.067738 2.531513
-6.132096 2.796279
-6.003101 2.744396
-6.166173 2.910097
-5.880981 1.396947
-6.350910 2.180904
-6.237381 2.036085
-6.034808 2.728616
-6.304296 2.385103
-7.873459 -5.286842
-7.738051 -5.222157
-7.880867 -5.162042
-6.155162 3.529776
-6.186444 2.893604
-5.700366 1.548784
-6.100943 2.114885
-6.222980 2.424575
-6.385196 3.493159
-6.282684 2.077443
-6.265835 2.774109
-5.871949 2.745814
-6.553597 2.836843
-6.158715 2.912655
-5.966971 1.562827
-6.590876 2.972818
-5.031373 0.004143
-6.127746 0.412206
-6.136705 2.257143
-6.077398 2.914114
-6.292847 2.700197
-6.336229 2.252392
-6.290967 2.040835
-6.087091 2.638145
-6.058231 2.759579
-6.317831 1.280920
-6.353982 2.508268
-5.393659 0.568977
-6.077981 2.045679
-5.817622 3.045422
-6.178891 2.928314
-6.373290 2.214506
-6.192658 2.490284
-6.098266 2.072529
-5.247108 0.469823
-6.095009 2.059554
-5.852979 1.905536
-5.678468 1.941338
-5.881418 1.917889
-6.059170 2.619277
-6.511528 3.291887
-6.076612 3.814089
-6.192601 1.985424
-6.023591 2.766427
-5.380195 0.222514
-6.372562 2.286394
-6.477134 0.774153
-6.334180 2.519134
-7.223971 -5.203338
-5.700986 1.452073
-6.168033 2.106698
-6.043911 1.640618
-6.201300 1.998817
-6.300189 2.123666
-6.293930 2.719595
-5.910236 3.339653
-6.110977 2.453232
-6.216405 4.363674
-6.103471 1.240947
-6.471343 2.490040
-5.851898 1.945069
-6.060658 2.418772
-6.201458 2.875683
-6.006085 2.291148
-6.276536 2.028756
-6.316280 2.634139
-6.144762 3.622098
-6.824389 -5.365307
-4.947926 0.268264
-6.103870 2.070515
-6.136050 2.164586
-6.016892 2.510846
-5.786217 1.963135
-6.081445 2.082494
-4.922143 0.475155
-6.052752 2.793535
-6.634552 1.533478
-6.221435 2.112107
-6.119019 2.939513
-6.023685 2.365970
-5.348595 0.525082
-5.681322 1.281910
-6.088003 3.394582
-6.267540 2.239702
-6.026537 2.772019
-6.116144 2.674562
-5.994663 2.752362
-6.298888 2.442353
-5.633273 1.935082
-5.032774 0.919704
-6.081278 2.849082
-5.695524 1.339592
-6.277133 2.538764
-6.039266 2.330582
-6.008290 2.702517
-6.185295 2.244566
-6.097104 2.197259
-6.037365 2.326741
-6.201073 2.887408
-5.987151 1.210456
-6.355589 2.576460
-7.218784 1.906871
-6.267363 2.634496
-7.739365 -5.200198
-6.289325 3.469242
-6.290744 1.994144
-7.582304 -5.403277
-6.290681 2.432322
-6.340982 2.368584
-6.305239 2.559473
-6.641451 1.709370
-5.779604 3.189533
-6.029835 2.545084
-6.123421 2.087669
-6.389016 2.513518
-7.320955 -5.376682
-6.323466 2.198636
-5.471668 0.969500
-5.807049 1.393965
-6.528655 1.673369
-5.793049 1.936247
-6.348590 2.309743
-5.218987 0.027151
-5.505186 0.095904
-6.136680 2.755668
-5.814714 3.005872
-6.206596 2.032036
-6.656187 2.357658
-7.641314 -4.971675
-6.037746 2.652457
-6.007743 2.669675
-5.703580 1.165206
-5.017016 0.513997
-6.040752 2.572434
-6.144261 2.271261
-6.102962 2.326550
-5.949519 -5.264338
-6.134970 2.096929
-6.336598 2.058781
-6.027419 2.315483
-6.200089 2.686804
-6.139751 2.099490
-6.236035 2.016959
-6.352873 2.512745
-6.245965 2.193703
-6.285198 1.885027
-5.708506 1.640536
-6.322789 2.466947
-6.057094 3.907986
-6.748238 1.844150
-6.162977 2.276811
-6.398827 -0.866342
-6.357068 2.190358
-6.215411 2.652719
-6.053205 2.784178
-5.089245 0.089314
-5.591483 1.916777
-7.682465 -5.340870
-6.031229 2.835388
-6.036924 2.791325
-7.791980 -5.433122
-5.972833 3.265429
-1.597905 -9.995662
-6.330683 3.242036
-6.053009 2.459689
-5.791736 1.960347
-6.123444 2.526747
-6.200366 2.978833
-6.064972 2.369305
-6.065197 2.729323
-6.138119 2.398610
-5.091944 0.679851
-6.109813 2.710878
-6.339075 2.414151
-5.615063 1.131001
-6.221902 3.884501
-6.824947 2.442728
-6.315733 2.612814
-6.342639 2.666621
-5.993175 2.507531
-7.479788 -4.758166
-6.337409 2.054304
-5.637039 1.712849
-6.148706 4.155947
-5.921611 1.884861
-5.228392 0.256672
-6.551204 2.342219
-5.327291 1.629993
-6.264278 2.073236
-7.822866 -5.353323
-6.943830 -5.043115
-6.259049 2.865557
-6.390029 3.488868
-6.146727 2.968776
-6.262014 2.714145
-4.858201 0.276989
-5.261607 0.096255
-6.328303 2.061639
-6.352192 2.628878
-6.224695 2.840423
-7.251561 1.933658
-6.188509 2.086458
-6.239614 2.027054
-5.747312 1.542727
-6.250803 2.828806
-6.554585 3.183888
-6.370051 2.565274
-6.351883 2.635221
-7.320249 -4.783680
-6.096368 3.025281
-6.619325 3.125167
-2.131486 -9.439713
-6.545976 1.723370
-6.113173 2.990022
-5.276497 1.340245
-6.001815 2.332454
-4.849264 1.587154
-6.523403 -4.636767
-6.142016 2.205617
-6.089172 2.891732
-6.601134 1.514528
-6.286147 2.662898
-5.892011 3.358548
-6.230700 2.844622
-6.195864 2.890908
-5.805606 1.831221
-6.113242 3.024351
-2.046713 -9.801130
-6.231233 2.829670
-6.022018 2.318107
-5.739350 1.535228
-6.276172 2.822318
-6.136670 2.071167
-5.734796 1.215413
-6.066857 2.867566
-6.269017 1.558507
-6.624296 -2.669508
-5.941774 2.268138
-6.362587 2.446124
-6.343819 2.661955
-5.956283 3.767220
-6.146213 2.690346
-6.102200 2.076933
-6.275146 1.740767
-6.015901 2.640978
-5.371876 0.767969
-5.937989 1.961260
-5.514946 0.822553
-6.092378 2.710089
-6.580505 2.945976
-6.295991 2.552693
-6.205386 2.938681
-6.276022 2.030937
-4.831711 1.580591
-5.758544 0.817617
-5.846449 1.261259
-6.073451 1.914537
-6.965794 3.760974
-6.170961 2.356847
-5.971011 1.774920
-6.256096 2.735672
-6.045636 3.464752
-6.166445 2.622101
-6.344887 2.215899
-5.847603 1.303100
-5.917191 2.715086
-6.024299 2.822185
-5.896728 1.714013
-6.204309 2.795822
-7.528151 -4.838975
-6.023495 2.389556
-6.085552 2.606683
-5.624756 1.021950
-5.905906 3.340072
-6.086786 2.750645
-6.251561 2.500462
-6.438633 1.393308
-7.652010 -5.565062
-7.770597 -4.561105
-5.181534 1.345860
-6.332383 2.145013
-6.315544 2.126274
-6.698722 2.163152
-6.316020 2.308834
-6.049541 2.649148
-5.269596 1.259569
-5.783081 2.924142
-6.341072 2.529112
-6.136367 1.363329
-5.361475 1.173646
-5.850470 1.841193
-6.685547 2.945846
-6.066856 2.299662
-6.669902 1.840277
-6.333279 2.274781
-6.258968 2.592596
-6.315672 2.631149
-6.058416 2.284327
-6.594467 -1.378140
-5.977782 3.623542
-5.730779 0.863916
-6.236482 2.065151
-5.201807 1.044717
-6.315449 -0.413156
-6.237726 2.177579
-6.400905 -1.244030
-6.418136 2.894020
-6.088632 1.984412
-4.916404 0.434506
-6.203105 3.017235
-6.451341 1.458763
-6.047264 2.499044
-5.940345 1.284716
-6.224883 2.241249
-6.085719 2.880013
-6.123336 2.330149
-6.289907 2.036345
-7.234899 -5.154815
-6.439629 1.458947
-5.857649 1.915006
-6.137273 2.263777
-6.015986 2.290658
-6.332005 2.625903
-6.306360 2.423358
-6.505251 2.645731
-6.263451 2.370443
-6.164318 1.511836
-5.814582 1.213284
-6.219483 3.010026
-5.881077 3.138531
-6.163469 2.005985
-6.722865 3.471924
-6.008468 2.517247
-6.030139 2.798448
-6.258313 1.940361
-6.120793 2.839228
-6.138176 3.051166
-6.205015 2.972134
-6.337845 2.059859
-6.082492 2.347218
-6.402768 -1.085145
-7.457897 -5.393447
-6.165433 2.908762
-6.087527 2.096115
-6.196577 3.845135
-5.766564 3.752231
-6.074782 2.026988
-6.072824 2.366138
-5.856592 1.125975
-5.852783 2.557186
-6.267960 2.362389
-6.202332 2.989357
-6.428047 -0.710948
-6.231061 1.968761
-6.365032 2.514195
-5.738187 1.776927
-6.053621 2.620698
-6.693304 2.391935
-6.118011 2.928904
-6.547475 3.067400
-6.023187 2.747550
-6.091575 1.215623
-6.293108 1.903694
-6.531926 2.027261
-5.909923 1.061921
-6.147323 3.051899
-6.024230 2.930054
-6.096655 2.179947
-6.184174 2.848893
-6.062879 2.364971
-5.453185 0.440977
-6.567112 4.163379
-6.248722 2.829387
-5.191258 0.105528
-5.476947 1.890471
-6.266781 2.272302
-5.727076 1.697935
-5.815769 2.752792
-6.024112 2.841761
-6.005502 3.837729
-6.301809 2.527073
-4.833581 0.568712
-6.221932 -0.401352
-6.230684 2.590258
-6.276097 2.718602
-6.304412 2.726028
-6.365696 2.728220
-5.693829 1.777078
-5.503533 1.594510
-5.254509 0.828268
-4.870275 0.099576
-6.433290 3.357857
-7.460126 -4.806281
-6.070454 2.554723
-6.216496 1.899931
-7.878066 -5.055757
-6.338614 2.016649
-6.315712 2.037516
-6.170471 2.992036
-5.797493 2.017925
-6.301997 2.699135
-6.287116 1.913676
-6.302604 2.707196
-6.145593 3.031542
-6.065550 2.905325
-6.335830 2.595735
-7.831393 -5.002872
-5.839699 3.224443
-6.193459 3.011565
-5.159669 0.759792
-5.419966 2.642273
-5.994710 2.504351
-5.259714 1.853901
-6.274358 1.954535
-6.142598 2.481235
-5.441010 0.815998
-6.000718 2.223866
-6.051224 2.217700
-6.366424 2.472039
-5.812467 2.395371
-6.152583 2.431465
-6.202738 2.599448
-6.095441 2.647352
-6.027736 2.321483
-6.366717 2.350416
-6.326232 2.553408
-5.641143 2.173230
-6.205719 -4.680346
-5.750182 1.961891
-5.957189 1.736943
-6.288372 3.681131
-6.068128 2.190866
-5.664795 1.712100
-6.333305 2.727300
-6.286155 2.234099
-6.144481 2.049780
-6.110193 2.945079
-6.405185 2.353740
-5.955693 1.830328
-5.669583 0.118544
-6.311652 1.306380
-6.558246 2.181377
-5.943885 1.714933
-6.111750 2.421140
-6.422119 2.349468
-5.677082 1.503754
-5.933782 3.926298
-6.635463 2.409710
-6.277061 2.196398
-6.377591 2.054818
-6.114497 1.353501
-6.031263 1.700394
-6.547752 -4.395097
-7.382177 -4.295857
-5.981228 2.534434
-6.260462 2.870839
-5.185513 0.073700
-6.431866 2.225504
-6.226547 2.627751
-6.207067 3.011484
-6.384635 2.254878
-5.798106 2.284253
-5.323441 0.180814
-6.253498 2.847324
-6.140981 2.655189
-5.992843 2.201983
-6.821592 2.152084
-6.432958 2.297700
-5.803438 3.161518
-6.312078 1.988171
-6.223895 2.357943
-6.278706 2.969945
-5.611853 1.095681
-6.205370 3.021949
-6.203834 1.920384
-6.088202 2.859901
-6.109477 2.057873
-5.691816 1.798867
-5.930896 3.041158
-6.276406 2.934016
-6.252254 2.949180
-6.056937 1.765558
-6.431320 2.357195
-6.342985 3.588560
-6.132983 1.991753
-6.099599 2.220452
-6.169173 2.289971
-6.327247 2.421331
-6.205281 2.011769
-6.197598 2.315794
-5.268017 0.531718
-6.518888 2.072757
-6.013601 1.924645
-6.036358 2.713221
-6.256163 2.566208
-6.049589 3.637031
-6.237894 2.177780
-5.362899 1.401814
-6.354710 2.484439
-5.673110 2.275995
-5.608327 1.134729
-6.248861 2.787066
-6.205455 2.190959
-6.256970 2.109985
-5.935944 1.762791
-6.383936 2.284201
-6.244165 2.964989
-6.132564 3.129419
-7.543476 -4.760502
-6.014128 1.788927
-6.452878 2.364223
-6.332569 2.120235
-5.667929 2.116693
-5.638075 2.217676
-5.783608 2.648096
-6.127068 3.077921
-6.609031 3.162290
-6.077964 3.013400
-5.614589 -4.773170
-6.446549 2.380391
-6.033232 2.130773
-5.995697 1.870962
-6.472285 3.467317
-6.138471 3.868324
-6.085886 3.134907
-6.017687 2.238638
-6.732247 2.597523
-6.401407 -1.462488
-6.276204 2.632169
-6.046672 2.795153
-6.890819 3.413199
-6.046900 2.836742
-6.440979 2.335966
-5.824693 3.102339
-6.159271 3.352334
-6.370378 2.647190
-5.850524 1.874907
-6.126612 2.158543
-6.019964 2.688855
-6.340147 2.141219
-6.024853 2.142543
-6.361482 2.426221
-6.267352 2.724958
-6.160965 2.887112
-5.370729 0.372599
-5.815507 3.318977
-6.188099 2.170054
-6.275469 2.927530
-6.576488 1.946344
-6.233922 2.950777
-5.898492 1.192848
-5.997857 2.181473
-6.471656 2.679796
-5.877803 1.378028
-6.404566 2.408812
-6.269029 2.290199
-6.184288 3.016675
-6.635614 2.985123
-6.096201 3.095665
-6.531203 2.159993
-5.996480 1.958714
-7.530711 -5.113291
-6.097212 2.192228
-7.831431 -5.186849
-6.148381 3.649568
-6.024087 1.818863
-6.031001 2.463939
-6.026436 3.970271
-6.284782 2.831040
-6.407311 2.209823
-5.998662 2.967855
-6.518666 2.618586
-6.097746 2.345877
-6.429980 1.743913
-6.146704 2.741332
-6.171660 2.799208
-5.018590 0.425740
-6.141929 2.745044
-6.340149 2.680976
-6.205590 2.929665
-6.014881 2.376632
-6.182564 2.681453
-5.874069 1.308772
-6.378632 2.288838
-6.038850 2.304274
-6.312026 2.721242
-6.203910 1.964864
-6.348149 2.046145
-5.227702 0.383199
-6.300762 3.709358
-6.099765 3.271918
-6.305566 1.349282
-6.041019 2.165329
-6.266718 2.778584
-5.778793 1.177900
-6.819418 -0.441175
-6.264513 1.954699
-5.934114 1.596156
-6.284797 2.905226
-6.243423 2.912020
-6.298105 1.994283
-6.095724 2.039142
-5.895064 1.564318
-5.847175 1.723675
-6.322932 2.085294
-5.131200 0.774126
-6.110629 3.073023
-5.583088 0.342893
-6.419317 2.442273
-6.656211 3.207445
-6.387645 2.477998
-6.168787 2.760124
-5.750635 1.053595
-6.353771 2.462339
-5.629999 1.728808
-6.792205 -0.879212
-6.160975 2.230732
-5.399467 1.066033
-7.571351 -4.636016
-6.291832 2.207630
-5.558665 1.755115
-5.862069 1.077363
-6.074220 2.490101
-6.207068 2.889694
-6.112555 3.427129
-6.272624 1.918432
-6.396022 2.415135
-6.590664 2.113843
-5.995078 2.196503
-6.010076 2.323924
-5.781411 2.112184
-6.032700 2.877055
-6.116584 3.048170
-6.171692 2.512491
-5.721601 1.055458
-5.015312 1.022561
-6.089470 2.743880
-5.722229 2.271045
-6.596511 2.585305
-5.877413 2.514731
-6.001008 3.049716
-6.003345 3.023104
-6.160534 2.660774
-6.406276 2.464076
-5.223775 1.474204
-6.385872 2.235972
-6.056929 2.666015
-6.475644 3.001857
-5.554852 1.871115
-6.178890 2.996735
-6.141303 1.902623
-5.660951 1.039796
-6.282217 3.013667
-6.053773 2.225547
-6.323442 2.338769
-6.051250 3.048936
-6.152206 3.004793
-6.055020 2.432389
-5.649017 1.901621
-6.208212 3.102514
-6.423143 2.325679
-6.400426 2.533861
-7.032094 3.181929
-5.725886 2.205254
-7.602125 -5.348842
-7.323989 -4.879137
-6.310944 2.539305
-6.003835 2.235062
-6.360670 2.238705
-6.377167 2.801136
-5.356548 0.362132
-5.959819 2.084319
-6.082540 1.920505
-6.327271 2.793829
-6.177078 2.029248
-6.002379 2.454141
-7.361992 -4.054236
-6.071064 2.849574
-6.086609 2.560241
-5.838877 2.761336
-6.299236 2.923457
-5.323241 0.942693
-6.271015 2.918501
-6.222202 2.001812
-6.045613 1.891583
-6.358047 1.924106
-5.244348 1.049870
-5.799081 3.398158
-6.285561 1.121589
-6.032328 2.813275
-5.206327 1.489393
-6.350008 2.113778
-5.595767 0.670459
-6.399712 2.198971
-6.233467 2.109179
-6.130751 2.873878
-5.477100 1.866123
-6.273820 1.108479
-5.532914 1.231558
-6.312074 2.739790
-6.295704 2.333855
-6.420423 2.461620
-6.148694 2.213835
-5.952544 3.354767
-5.940174 1.594973
-5.819989 1.163317
-6.512926 3.615945
-6.398732 2.486983
-6.444574 2.089831
-6.312894 2.759441
-6.227309 3.312669
-6.306051 2.662325
-6.448713 2.189249
-7.177311 -5.074053
-6.146159 3.088229
-5.645263 0.997553
-6.248218 2.083462
-6.643446 3.330074
-7.202540 -5.156846
-6.664981 1.815936
-5.700195 0.926542
-6.446119 2.079429
-6.038023 2.109228
-6.365355 2.043207
-5.891901 3.227849
-6.180960 2.371841
-6.162366 2.201142
-6.059465 2.776137
-6.203814 2.475392
-6.244359 2.662325
-6.222801 2.923034
-6.030610 2.196105
-5.980330 2.315087
-6.342540 1.909293
-6.318803 3.760882
-6.379701 2.436055
-5.475574 1.048258
-6.424289 2.346055
-5.827196 2.847018
-5.723994 1.171919
-5.518229 1.214382
-6.234377 1.837183
-7.267711 -4.532405
-5.432963 1.573015
-6.001805 2.454755
-4.914658 0.262902
-6.192310 1.868653
-6.174433 1.891561
-6.213691 2.872883
-6.073540 3.100365
-6.087663 1.962059
-5.769974 2.460803
-6.383580 2.370680
-6.002905 2.713583
-6.059444 2.084338
-5.842045 3.357211
-5.744551 1.019728
-6.187768 2.045190
-6.043825 3.054544
-6.191136 3.006533
-6.286833 1.980332
-6.234542 1.894983
-6.995520 2.774756
-6.213968 1.332006
-5.731022 2.059476
-5.867929 1.099643
-6.335750 2.769920
-6.111949 2.804897
-7.895797 -5.005208
-6.164244 3.936370
-6.231108 2.927289
-5.750597 1.076486
-6.278671 1.923695
-6.239976 1.942232
-6.256762 1.855670
-5.912412 2.946200
-6.193463 2.966409
-6.292118 2.419326
-5.879748 1.867875
-6.094167 1.953644
-6.199201 2.101524
-5.797423 3.128489
-6.025791 2.322876
-6.916570 2.978208
-6.441189 2.107796
-6.218092 1.802087
-6.012601 1.608547
-6.416408 2.515558
-6.028129 2.908623
-6.037779 2.271246
-6.154195 2.425494
-6.819909 2.539691
-6.411652 1.468015
-6.166795 2.712397
-6.007964 3.370613
-6.420934 2.297474
-6.115548 2.888565
-6.327900 2.691352
-6.710545 -4.789414
-6.336685 3.595115
-6.379395 2.556123
-6.398023 2.147442
-6.003652 3.024376
-6.437774 2.238677
-6.195614 2.138214
-5.732358 0.655324
-5.663254 1.811757
-6.043151 2.070898
-6.404686 3.055214
-5.740892 0.722841
-5.944405 1.556258
-6.308012 1.957994
-5.593067 1.047005
-6.505986 2.048014
-6.203534 1.599534
-6.252622 3.016955
-6.388154 2.173599
-5.831686 2.284382
-5.894116 3.373586
-6.224267 2.312234
-6.307898 2.674578
-6.249934 2.820033
-6.223955 2.899125
-6.055508 3.044080
-6.295637 3.008708
-6.427409 2.556920
-6.410867 2.083221
-6.180717 1.841830
-6.192951 1.833536
-6.070690 2.080539
-5.486392 0.839570
-6.260983 2.883106
-6.377295 2.627594
-6.179380 3.685027
-5.888505 -5.318542
-6.180938 2.661292
-6.052855 4.064049
-6.199902 1.397759
-6.181356 1.831570
-5.958602 2.471114
-6.205669 2.513343
-6.389213 2.288193
-6.423794 2.118049
-6.236922 2.465020
-6.371122 3.163535
-6.137036 2.961591
-6.238464 2.915226
-6.299881 1.844234
-6.161463 2.977383
-6.839820 0.042043
-6.749718 -0.780580
-6.086060 3.191486
-6.066983 3.046213
-6.018744 1.628235
-6.533168 -1.808472
-6.973652 -4.719299
-1.335713 -10.346951
-5.076853 0.098828
-5.920795 1.860738
-6.176734 3.077606
-6.245648 2.156309
-6.276079 2.760273
-6.097543 3.145902
-0.610818 -10.416926
-6.223485 2.218963
-6.270788 2.445606
-5.496996 1.297444
-6.052923 2.979927
-6.607317 1.715372
-7.266061 -5.105161
-6.162465 2.233086
-6.587487 1.618102
-6.348213 1.958919
-6.349142 1.976450
-6.094225 2.259133
-5.304945 0.982101
-6.182614 3.044537
-5.468905 1.244951
-3.061258 -6.928978
-6.414399 2.346060
-6.002306 1.540031
-6.027591 1.637440
-6.182868 2.048060
-6.034239 4.119958
-6.253492 2.800120
-5.807174 2.085474
-5.652756 1.632117
-7.131730 2.680069
-6.337349 2.420475
-6.240121 2.644102
-6.107343 3.072680
-6.776788 2.479396
-6.484901 2.582318
-4.909081 0.258780
-5.405355 -0.201221
-6.131456 2.864894
-5.862113 2.121223
-7.122841 -5.084799
-6.027569 3.068953
-6.146065 1.955166
-6.222944 2.622924
-6.363208 2.822150
-6.411677 2.129937
-6.298372 3.034204
-7.377107 -4.757631
-5.617193 0.760591
-6.034469 3.026057
-6.410773 2.482525
-6.032554 2.253035
-6.083185 3.739280
-6.314915 1.928926
-5.996485 2.773768
-6.042697 2.126018
-6.277958 2.931632
-6.139591 3.008985
-6.200518 2.242721
-6.481211 3.551192
-6.057139 1.473365
-6.077166 2.518293
-6.033906 3.106785
-6.042534 2.354828
-4.952876 0.541721
-6.392098 2.266040
-6.324487 2.185899
-4.931457 1.528887
-6.301570 2.391478
-6.158268 2.146521
-6.162519 1.710528
-5.591621 1.442845
-5.567661 1.112389
-5.730288 0.968167
-6.102999 -4.690277
-6.095480 3.172637
-6.459421 -3.969858
-6.207941 2.572281
-6.136076 2.330976
-5.805461 1.105940
-6.162823 2.782743
-6.080321 3.165473
-6.273521 1.918469
-6.314712 -4.831268
-5.999842 2.136393
-6.146347 3.074511
-6.097884 2.841962
-6.250065 2.951589
-6.127730 2.450736
-5.998645 2.010474
-6.385231 2.027286
-6.169703 2.353140
-5.847332 2.092430
-5.771115 4.357335
-5.921649 4.127082
-5.844316 2.775876
-6.065749 2.050274
-6.568290 3.361548
-5.142654 1.292862
-6.070926 2.489894
-6.506509 3.395210
-6.017196 2.058792
-6.012975 2.901690
-6.241809 2.920739
-6.226137 1.286932
-6.225591 3.050632
-6.624854 -4.619843
-6.429377 2.692658
-7.718216 -5.526937
-6.199809 3.047718
-5.945000 2.540283
-6.330040 2.587571
-6.238131 1.978622
-5.534232 1.879300
-6.441862 2.022614
-6.101702 2.178238
-6.282555 2.179634
-5.769485 1.654989
-6.872200 -4.311252
-6.150949 3.063780
-5.922963 2.631124
-6.245807 2.874102
-6.350832 2.518781
-5.997817 3.079786
-5.958300 2.630559
-5.921257 2.548001
-5.866575 1.765696
-6.299917 2.539804
-5.918618 1.269511
-6.350058 2.297575
-6.047337 2.434999
-6.099222 3.132401
-6.623753 2.574421
-6.157799 2.398398
-6.123637 2.964054
-6.172910 2.951411
-6.031338 3.533460
-6.064345 2.044683
-6.203773 2.470640
-5.871623 3.165791
-6.602232 2.881153
-5.909949 3.505050
-6.344931 2.804268
-6.296380 2.778687
-6.561591 2.925480
-6.302216 2.453491
-5.828590 2.947553
-6.318909 2.790790
-5.991106 2.176683
-5.892031 2.039956
-5.973042 2.481638
-6.446499 2.003480
-5.784122 2.349633
-6.887333 -1.751927
-5.975069 2.528846
-5.765614 1.049883
-6.321156 2.836590
-6.306535 2.875402
-6.184085 1.887412
-6.056950 2.020532
-5.910505 1.891103
-6.442515 2.643767
-5.921476 1.551820
-6.121878 2.633636
-6.088137 1.886636
-5.775301 1.510435
-5.502353 2.632406
-6.332984 1.851969
-6.329265 2.450240
-5.954587 1.261852
-6.574862 3.221620
-6.189277 2.033048
-6.116557 3.180399
-4.863935 0.114195
-5.061132 1.730667
-6.145802 1.866146
-6.391675 2.158529
-6.293278 2.747416
-5.710469 1.088153
-5.768348 2.071862
-5.690518 1.893799
-6.001421 1.990812
-6.424265 2.626699
-5.437021 -4.519929
-6.366467 1.889165
-6.775633 3.420025
-6.243181 2.916233
-6.373724 4.304094
-6.036650 3.997307
-5.918915 2.537422
-6.176140 2.579466
-6.196795 2.495462
-6.136627 1.879648
-5.798578 2.565521
-6.199827 3.137982
-6.244240 2.714853
-5.987862 2.727985
-6.213032 3.645602
-6.243402 2.216614
-6.339315 2.864018
-6.334754 2.422722
-6.307262 2.052989
-6.110270 1.917574
-5.993506 3.120802
-6.180632 2.190124
-5.977816 1.849877
-6.584088 2.435530
-7.306860 -5.407378
-6.229236 2.436001
-6.101722 1.841117
-6.296854 2.932547
-6.437071 2.541830
-6.274519 2.665199
-5.915020 2.459688
-5.945909 2.387984
-6.171159 2.700051
-6.477005 2.120769
-5.903674 1.954741
-7.656752 -4.829469
-5.948182 2.419990
-6.468857 2.769280
-5.109261 -0.065895
-6.140514 3.038746
-5.415211 0.374880
-5.685375 1.390425
-5.569028 1.933684
-6.209058 -4.467533
-6.000913 1.444849
-6.421142 2.331730
-6.066660 2.034606
-6.016434 2.631175
-6.020204 2.785017
-5.319448 0.783189
-6.136522 2.311992
-6.112817 2.761001
-6.022854 2.976408
-6.409277 2.032559
-6.132988 2.838461
-6.658787 2.689818
-6.371149 2.257114
-6.307407 2.685427
-6.289551 3.055362
-6.131714 2.807094
-6.446304 3.076759
-6.299511 2.325770
-6.402368 2.154914
-5.976117 2.528286
-6.056791 2.507985
-6.188776 -0.573835
-5.350606 0.365384
-6.154349 3.196826
-5.946902 2.703758
-6.221132 3.095295
-5.995456 2.079656
-6.031702 3.000685
-6.302297 2.221469
-6.084669 2.299224
-6.037791 2.782820
-6.309442 2.644490
-6.287169 2.273304
-6.332305 1.887159
-6.080152 1.940846
-5.516368 1.689434
-5.959057 2.451955
-5.768932 1.192086
-5.475163 0.989204
-5.957685 2.387506
-5.542242 1.041114
-6.193695 1.804576
-6.405840 2.350519
-6.237018 1.915288
-6.062348 3.990385
-6.057361 2.374034
-6.255195 3.132994
-6.448838 2.597495
-6.178727 2.901954
-6.033844 2.859641
-6.276452 1.768249
-6.352069 2.868452
-6.016807 3.048493
-6.128491 2.715852
-6.488782 -0.696288
-6.360171 2.365470
-6.106770 3.142679
-6.200471 2.209871
-6.261347 3.013705
-6.225467 3.101911
-6.283485 2.664121
-7.921164 -5.576885
-5.324966 0.785234
-6.025965 2.041330
-5.901915 2.336742
-5.947363 2.563140
-6.202186 2.324809
-6.006263 3.064891
-6.081522 2.710502
-5.825218 2.013728
-6.171051 2.119306
-6.296184 2.362551
-5.791162 1.075730
-6.673675 1.714504
-6.202761 3.177840
-5.567049 1.365407
-5.468502 1.415912
-6.310275 1.184960
-6.216561 3.151939
-6.152081 2.629919
-6.326581 2.304178
-6.233508 3.092113
-6.006032 3.122561
-6.330398 1.996009
-5.539432 1.289313
-6.519780 2.340917
-6.251943 3.098892
-5.562106 1.036901
-6.529467 2.248748
-6.518377 2.352188
-6.520671 2.967087
-5.756330 2.580029
-6.228710 1.760771
-6.011352 3.208883
-5.936843 2.332059
-5.965566 2.286984
-6.271878 1.852162
-5.851627 3.619771
-6.093186 2.042151
-5.923921 2.818097
-6.413565 2.748163
-7.781668 -5.333759
-5.897238 3.627032
-5.958643 2.746135
-5.145599 0.876180
-5.953547 2.648424
-5.444270 0.818558
-6.345870 2.957704
-5.813274 3.451315
-6.056096 3.393060
-6.392970 1.973228
-6.168374 1.764979
-6.521473 2.332738
-6.003984 1.994661
-6.125319 3.248195
-6.244649 2.820570
-5.507130 1.037540
-5.398046 0.892638
-6.450680 2.597069
-6.355869 2.908342
-6.387247 2.095061
-6.489742 2.318911
-5.935696 2.320469
-5.392568 1.446424
-6.062829 2.408301
-6.091698 3.213116
-6.328865 3.481441
-6.148948 3.000134
-6.272885 2.698603
-6.160164 3.061054
-5.302663 0.663515
-5.330568 0.955451
-5.747525 0.942728
-6.349820 2.790771
-6.458694 2.259439
-4.867255 0.595741
-6.143815 2.206546
-6.086622 3.226863
-6.411780 2.616460
-6.120734 2.477464
-5.929167 3.779796
-5.746192 -4.817422
-5.941700 3.892203
-6.346197 2.893258
-6.380328 1.480243
-5.872510 -5.431893
-5.453145 1.008384
-5.984385 2.405253
-5.869035 3.035627
-6.042176 1.158235
-6.120396 2.549799
-6.380414 3.328481
-6.120394 2.195608
-6.394689 2.715150
-6.373170 1.925852
-6.141036 3.281365
-5.392844 0.775289
-5.958148 2.813600
-6.489798 2.199390
-5.828285 3.598672
-5.090625 0.495286
-5.706468 1.916307
-6.324026 2.487605
-5.941733 2.327368
-6.257025 1.807006
-6.109589 3.184449
-6.111441 3.226428
-6.278033 3.086137
-5.868078 3.612212
-6.474242 2.362185
-5.880600 2.013985
-6.030549 3.184717
-1.711378 -10.374331
-6.315300 2.825456
-6.424572 2.736309
-6.630020 2.619205
-6.115001 2.882325
-6.037185 3.124169
-5.614917 1.601794
-5.977874 2.458468
-5.635401 1.786248
-6.566791 2.484993
-5.713656 1.298070
-5.995718 2.665192
-6.184841 2.447564
-5.436215 0.787874
-5.954553 2.839699
-5.949692 1.590828
-5.460752 0.987057
-6.477543 2.176486
-5.363395 0.775233
-6.309190 1.925882
-6.470201 2.440822
-6.344178 3.684700
-7.271610 -4.467392
-5.877087 0.732141
-6.214797 2.855770
-5.924829 2.635777
-5.486080 1.346653
-6.034088 2.862397
-6.208120 2.480713
-6.222037 1.875422
-6.059982 1.967337
-6.146431 2.940853
-5.807762 2.235593
-5.666765 2.180798
-5.704321 2.407732
-5.583217 2.050648
-6.191640 1.409876
-6.464588 2.404477
-6.108302 1.127594
-5.973375 2.697529
-6.268839 3.037375
-6.193455 1.916302
-5.024364 1.027921
-5.615484 1.964384
-6.266017 2.912661
-5.260201 0.714776
-6.123359 2.962698
-6.331015 2.973825
-6.213621 2.788563
-5.113270 0.709617
-6.355462 2.575201
-6.652498 1.437540
-5.934581 2.371564
-5.500263 0.955369
-5.979316 2.241724
-5.954417 2.888778
-6.120459 3.087453
-5.470927 1.976339
-5.877429 2.457893
-6.034073 2.041584
-6.087056 2.636248
-6.516602 2.431312
-5.928369 2.752730
-5.414029 0.971486
-6.111768 1.841378
-6.564201 -2.050501
-6.153088 2.774903
-6.337232 2.026642
-6.374546 1.867332
-6.563360 2.120742
-6.550282 3.336720
-5.007660 -4.647758
-6.139510 2.528813
-6.301741 2.440309
-6.513763 1.774090
-6.404438 2.609306
-5.330105 0.835499
-5.950253 2.222724
-6.333675 2.068124
-6.106459 1.094591
-5.731486 1.499142
-6.196944 3.035761
-6.573391 4.061422
-6.331745 1.396505
-5.936168 2.894512
-6.003876 2.056089
-5.223008 0.732482
-5.456417 0.919682
-6.103811 3.128860
-6.296170 2.577212
-6.091831 3.218210
-5.491451 0.467539
-5.502582 0.916739
-6.067840 1.972346
-5.553076 1.083313
-5.751710 -5.141955
-5.053651 0.549706
-7.390000 -4.661637
-5.233105 0.765235
-6.357062 2.810546
-6.176330 2.554618
-6.363376 2.880645
-6.054984 2.625764
-6.750969 3.211435
-6.241580 -4.225489
-5.983346 2.573705
-6.018243 2.945828
-6.293055 1.985110
-5.921828 2.867120
-5.793545 0.589156
-6.497930 -5.437348
-7.897804 -5.534676
-6.453555 2.169610
-6.300683 3.021971
-6.528998 2.407275
-6.159131 3.253789
-5.537252 1.263413
-5.793016 3.534940
-5.761201 3.596320
-6.237007 2.695120
-6.121967 2.761305
-6.053035 3.139594
-6.007511 0.504294
-5.603034 0.483172
-6.192518 2.005268
-6.136442 2.020209
-6.212233 2.164494
-5.468495 1.232277
-6.380753 2.421082
-6.168370 2.126105
-5.959488 2.573363
-6.172611 1.813775
-6.000122 2.072886
-6.263963 3.071640
-5.779949 2.886383
-6.501513 2.234753
-4.871863 0.309668
-5.900150 1.719326
-5.404124 0.886045
-5.369392 0.676703
-5.918900 2.327470
-6.817360 1.759833
-6.492857 3.377922
-5.977710 2.783783
-6.574066 1.445182
-6.417932 2.124077
-6.233869 3.001096
-5.718474 2.393402
-5.635869 1.944797
-6.236277 2.219609
-6.979495 -1.599501
-6.573154 1.633645
-6.272484 2.673973
-6.005815 2.200418
-5.968693 2.839602
-6.012208 2.815532
-6.366624 2.579855
-5.663171 1.017579
-5.910299 1.056863
-6.714944 2.611420
-6.343577 2.543076
-1.210847 -10.462268
-5.985097 2.868473
-6.134696 1.772532
-5.588906 2.026070
-6.133984 1.783753
-7.141130 -4.902381
-5.252959 0.592147
-5.730847 1.884582
-6.114519 2.623583
-5.882703 3.274540
-6.055994 2.297444
-6.685719 3.012539
-5.326806 0.661717
-6.067670 2.004850
-5.527244 1.145235
-6.366359 2.418770
-6.286717 2.958576
-6.144458 1.821840
-6.220978 3.261901
-5.990522 2.288484
-5.682078 1.868036
-6.389482 2.628402
-5.930572 2.163022
-6.462002 2.491958
-6.063087 2.678573
-5.389739 1.040948
-1.888986 -9.913113
-6.785766 0.101096
-5.954584 2.460026
-6.339512 2.643631
-5.493634 0.892906
-6.206994 2.618904
-6.510792 2.060878
-6.162248 1.832710
-6.133314 1.956517
-6.321535 1.855672
-6.352422 1.907553
-6.139865 2.471085
-6.715464 2.173372
-6.520721 2.350714
-6.400557 1.890604
-5.862551 1.094530
-6.738189 2.320692
-7.334318 -4.669681
-5.465992 0.998549
-6.325801 1.751009
-5.625499 1.896172
-6.133797 2.962145
-7.604694 -6.026018
-6.247498 3.087820
-6.411716 2.303511
-6.466703 2.463982
-5.129483 1.105465
-6.403627 4.008355
-6.127359 3.318651
-5.955524 1.388177
-5.946981 1.167771
-5.164659 0.163880
-5.883657 2.292057
-5.361040 0.958950
-5.786291 3.469117
-6.645097 3.969373
-5.472498 1.077791
-6.251596 2.164169
-5.861489 3.072933
-8.152436 -5.255271
-2.006994 -9.200353
-6.314735 3.094155
-5.674913 1.846776
-6.080951 2.800493
-6.191979 3.250247
-5.357697 0.810502
-6.272391 3.175099
-6.336852 2.159975
-5.983457 2.184429
-5.677537 1.097707
-5.981617 2.930166
-6.109370 2.204611
-5.246902 -0.188929
-6.146506 2.819543
-6.409282 2.356256
-6.076521 3.186529
-6.723630 2.408552
-5.458400 1.136848
-5.923779 2.955828
-6.212391 1.809582
-5.949847 1.458836
-6.391393 2.778975
-6.605483 -4.218302
-6.288043 3.177202
-6.169734 3.220818
-6.010130 1.940058
-5.950796 2.209922
-5.107772 0.160389
-4.856981 2.170430
-5.443279 0.721329
-7.079303 -5.074191
-6.475536 2.482667
-6.122535 2.165278
-6.409728 1.822752
-6.448018 2.496532
-5.298908 0.875644
-4.857669 0.637355
-6.386322 2.533104
-6.085429 2.181842
-5.923686 2.288574
-6.243628 3.009217
-5.698827 -6.542809
-6.322169 3.013816
-5.251318 0.592164
-6.365526 3.014919
-6.124253 2.464628
-6.349504 1.813919
-6.218662 3.165150
-5.492369 1.673884
-5.959866 1.451152
-5.935772 2.171303
-5.760695 2.182464
-6.668996 4.008083
-6.919103 -4.991229
-6.079270 3.225253
-6.503488 2.008648
-6.353692 3.659671
-6.423280 1.891922
-6.450265 1.962118
-6.091467 2.587008
-6.002352 1.859259
-7.956771 -5.046797
-5.572500 1.192917
-6.655180 2.579818
-6.080506 2.320505
-5.298380 0.622544
-5.515407 1.342112
-5.820877 1.981686
-6.241601 2.787940
-6.332328 2.484618
-6.242989 1.189653
-5.480111 0.870511
-6.144213 3.302103
-6.509634 2.546312
-6.324212 0.550203
-4.867118 0.456226
-5.976354 2.707971
-5.230101 0.779576
-6.134115 1.999662
-6.126739 3.101938
-5.476768 0.289687
-6.247775 1.883614
-5.642066 2.549864
-6.607087 3.403041
-6.213966 3.238213
-5.370295 0.663309
-5.914793 2.274356
-5.601371 1.070592
-5.974167 2.859524
-6.362754 2.934645
-6.037909 2.018284
-5.957812 2.756038
-6.164120 1.684706
-6.613204 3.489500
-6.154407 2.906872
-6.528638 2.023836
-6.174845 2.270144
-6.454983 1.864547
-5.577848 1.825705
-5.934977 2.656241
-6.311299 3.756172
-6.343268 2.824537
-6.163580 1.694796
-6.473308 2.201130
-5.789284 1.156014
-6.027939 2.682040
-6.154162 2.765465
-6.116383 2.102444
-6.256410 2.925603
-5.538689 1.141198
-5.970982 2.437678
-6.012628 2.450350
-6.152127 2.434681
-5.969931 2.889307
-6.248495 4.164385
-6.104208 1.921836
-6.131495 1.792876
-6.269739 1.813121
-6.400239 2.756335
-6.209112 2.477343
-5.253381 0.578628
-5.937715 2.341186
-5.938455 2.191443
-7.554714 -4.548768
-6.287656 1.742660
-6.389065 3.562734
-6.330354 2.888586
-6.371199 3.050494
-7.347360 -4.361727
-6.220222 2.863306
-6.665318 -0.630406
-6.011826 3.264225
-6.586109 1.387482
-6.540346 -4.980321
-6.685550 1.488914
-6.436360 2.708270
-6.507461 1.975464
-5.505219 0.786930
-6.693159 2.749649
-5.458419 1.213801
-6.123200 3.254380
-5.538899 1.203240
-5.563527 1.170782
-1.942164 -10.076345
-6.082931 1.932470
-6.281989 2.760774
-6.346967 2.428248
-5.532818 1.390524
-6.149134 3.286611
-6.354715 2.815232
-6.271058 2.389095
-5.931869 2.984731
-6.465405 2.038580
-6.377823 1.956189
-6.184471 2.090015
-6.194031 -4.237469
-6.024969 1.892278
-6.193974 2.049922
-6.496745 2.509073
-5.844793 1.174679
-5.972877 2.065594
-5.594029 1.118710
-6.096257 3.024568
-5.618675 2.053050
-6.100244 2.787028
-7.909829 -4.944258
-6.292400 1.697395
-5.949792 3.019876
-6.241536 2.460910
-6.464815 2.520864
-6.019508 3.835906
-6.321014 2.552660
-5.939532 2.833676
-6.229813 3.039832
-5.799622 2.300066
-5.233150 0.006750
-5.233613 0.858726
-6.430558 2.557924
-6.145308 3.332085
-6.226766 1.708870
-5.457820 0.870237
-5.907129 2.622712
-6.321643 3.023474
-6.426215 1.894165
-6.631906 1.788871
-6.129975 3.147717
-6.639817 3.642704
-6.139940 2.469580
-6.029681 2.924787
-5.966259 2.189019
-6.473884 2.089906
-6.310375 3.041941
-6.140960 1.866795
-7.215308 4.228075
-7.731427 -5.003031
-6.202310 1.712849
-5.083580 1.933732
-6.452993 -1.525253
-5.396933 0.956696
-5.814987 3.326139
-5.942213 2.769037
-6.308006 2.246506
-5.396257 1.176141
-5.306179 0.964719
-5.272247 0.841017
-5.261620 1.470163
-5.536471 0.973623
-6.750956 2.309165
-6.347214 2.187832
-6.198645 1.686197
-5.738593 3.056751
-7.909465 -5.476336
-7.074368 3.163907
-6.028104 2.195630
-6.141958 3.061183
-5.937243 2.374549
-6.361650 2.126274
-6.074378 3.307425
-7.062439 -5.025724
-6.488029 1.994803
-5.337495 1.086339
-5.872081 0.975206
-6.467225 2.424052
-5.940930 2.440688
-6.643707 3.406378
-6.019684 1.856008
-5.912694 2.129118
-5.846992 1.197922
-5.183559 0.623910
-5.897901 3.562652
-6.200284 1.923639
-6.053115 1.978977
-6.037613 3.010744
-6.382356 2.142625
-5.572241 0.992856
-5.452066 1.206850
-6.127223 3.303382
-6.493910 2.282665
-5.921382 4.060985
-5.402833 0.732877
-5.999686 2.432092
-6.224597 1.736665
-5.821002 3.125823
-5.570758 1.239052
-6.298772 -5.388674
-5.821181 2.150963
-6.476380 2.564173
-5.587471 1.837297
-5.958332 3.013585
-5.358958 1.048829
-6.213763 2.365455
-5.636824 2.150525
-6.227777 1.754787
-5.363209 0.636223
-6.097736 1.209109
-5.820306 3.777863
-6.054006 2.859294
-5.960302 1.983709
-6.471923 2.451825
-5.987099 2.048081
-6.188745 3.116939
-6.315226 2.358934
-5.244562 0.533221
-5.234368 0.744912
-5.672688 0.574671
-6.166056 1.735086
-5.436629 0.809644
-6.164505 3.364362
-5.818898 2.434807
-5.978489 2.188311
-6.478897 2.123235
-5.555156 1.092251
-6.216292 3.325294
-5.218441 0.942504
-5.747004 0.523686
-5.373179 2.862802
-5.702385 0.672926
-5.172026 0.514120
-6.283970 2.010710
-6.166281 1.804363
-6.404668 2.338160
-6.097342 2.319676
-6.461338 2.335006
-5.364681 0.825376
-5.478940 0.897773
-5.966720 2.818933
-5.371979 0.535999
-5.841865 1.286109
-6.294074 1.853809
-5.145453 0.692203
-6.538736 3.288670
-6.191364 3.167401
-5.334350 0.673587
-7.773362 -4.237605
-6.178279 3.298711
-6.157825 1.790609
-6.647689 3.186355
-6.088085 3.339631
-6.500515 3.647479
-5.529767 1.239904
-5.134061 0.307532
-5.560614 0.943675
-5.183805 0.624665
-5.766316 3.824646
-6.124530 1.860853
-6.164495 2.107251
-6.104094 1.959467
-6.056157 2.597721
-6.203141 2.235323
-5.932312 2.022631
-5.797626 3.687530
-6.081804 2.995881
-6.169372 1.854229
-6.475095 2.663254
-5.185831 0.550498
-6.328449 2.424978
-6.106524 2.389168
-5.519729 0.776429
-5.354694 1.055040
-6.888735 -4.916180
-6.341693 3.016746
-6.441013 2.001608
-6.471626 2.036926
-7.560918 -5.674048
-6.281751 1.671274
-6.326675 2.534606
-6.134013 3.323661
-5.279592 0.901477
-7.010888 -1.475700
-7.754008 -5.685491
-5.936381 2.123175
-6.412526 2.458124
-6.300319 2.635465
-6.060593 2.877461
-6.321598 1.725070
-6.456054 2.407891
-5.322891 1.022416
-6.221723 -5.696549
-6.152405 2.024244
-5.594431 0.992724
-5.564891 1.205287
-6.279982 1.912849
-6.207680 3.316271
-5.474125 1.317118
-6.470125 -4.495445
-6.207792 2.856621
-5.604664 1.779574
-5.534036 1.317283
-6.481874 2.294311
-6.232799 2.695817
-5.232193 0.897151
-7.814128 -5.504241
-6.082804 3.024564
-6.024536 1.791165
-5.916988 2.018886
-6.062119 3.302531
-6.157718 2.452440
-6.319436 2.226007
-6.105115 2.014969
-6.206398 3.365922
-6.092360 3.351648
-5.597654 1.305771
-4.857280 0.182511
-6.601504 3.373799
-5.663372 0.878190
-5.553424 1.160064
-6.587060 0.060618
-5.185855 0.656252
-6.481566 1.164539
-5.282674 0.446393
-5.930654 1.899494
-6.160563 3.214069
-6.462902 2.508873
-6.494881 1.917533
-6.472723 1.803133
-6.350745 3.106012
-6.065711 1.258583
-6.355289 2.541948
-5.946506 3.023304
-7.678797 -5.605711
-6.262944 2.919903
-6.319230 3.070459
-6.214073 4.137315
-6.133654 2.258755
-6.301989 2.270330
-5.325033 0.625289
-6.296035 2.158027
-5.998373 2.936009
-6.309649 1.405438
-6.524849 2.128465
-6.205407 1.544012
-6.397590 2.079825
-5.359344 0.528902
-6.437738 2.865854
-6.024519 3.363314
-5.462581 1.548100
-6.315556 2.449987
-6.337638 3.047853
-6.082029 3.514473
-6.523318 2.244190
-5.581433 -0.117148
-5.169934 0.472332
-6.009004 2.836941
-6.327541 2.390900
-6.525823 2.588629
-5.236192 0.657255
-5.536005 0.897577
-5.950075 1.362374
-5.975051 1.954376
-6.686602 2.595183
-5.965076 1.931105
-6.087069 2.124510
-6.105829 3.222355
-6.477711 2.167808
-6.324211 3.968537
-4.894529 2.433479
-7.092089 -5.234509
-7.515012 -5.042111
-6.168722 3.160119
-6.301134 1.948204
-6.561839 2.278841
-5.706329 0.547395
-5.794615 3.544883
-2.105047 -9.564029
-5.988787 1.901644
-5.367479 0.989480
-5.495156 1.471588
-6.297778 1.856850
-5.975961 2.389251
-5.995351 1.814788
-5.426528 0.792145
-6.489645 2.330132
-5.344599 0.650575
-6.534309 -2.543894
-6.148942 2.555271
-5.510869 1.603269
-6.557847 2.221257
-6.162996 3.298636
-6.500384 2.546686
-6.174654 1.732537
-6.612216 2.817007
-6.361665 3.973197
-6.101899 1.771002
-6.362847 1.727029
-6.021026 1.250193
-6.677433 1.733584
-6.018456 2.364646
-5.465836 1.149730
-6.184891 -0.728234
-6.094437 2.998040
-6.068632 1.286652
-5.922081 4.262361
-5.997287 3.254301
-6.128044 3.188519
-6.556297 2.286117
-6.167194 1.750221
-7.609557 -5.068265
-5.968935 2.315402
-5.451777 0.763498
-5.936921 3.002577
-6.107849 1.727558
-7.221841 -4.590201
-6.026831 2.602278
-6.547811 3.301111
-5.549575 1.084586
-6.658609 -2.284692
-6.458763 2.708311
-5.808859 0.819726
-6.521050 2.066744
-6.205425 1.701296
-4.891220 0.664867
-6.328034 3.705360
-6.207817 3.262170
-5.971026 2.114230
-6.021224 1.209487
-7.192826 -2.358169
-6.544333 2.289947
-5.566726 1.019240
-6.494987 2.628963
-6.183239 2.079367
-5.254080 0.942253
-6.675927 2.171707
-5.914303 2.179611
-6.369123 2.137676
-6.471216 -6.068425
-6.333903 3.043978
-7.825209 -4.905216
-6.416585 2.705984
-6.132005 -5.780112
-5.268278 0.674318
-6.155974 0.881983
-6.769667 -5.167252
-5.631629 1.309915
-6.011490 1.849023
-6.527305 2.742798
-6.452013 1.905679
-6.495440 3.366442
-6.228843 3.930823
-5.941146 3.124314
-5.972046 2.041534
-5.572337 0.254363
-6.343056 3.651531
-6.046146 2.100554
-6.480888 2.703662
-6.596816 4.274020
-5.632183 2.348307
-5.937832 2.309024
-5.960508 1.899282
-6.175632 3.570832
-6.608280 1.932746
-7.240599 -1.265285
-5.374470 0.816770
-6.279555 3.251563
-6.021206 1.248399
-6.664217 3.453149
-6.393334 2.976739
-5.297241 0.829912
-6.251021 2.948743
-5.843485 2.338197
-6.198850 1.610332
-5.345340 1.124881
-6.602880 2.082120
-6.435660 2.366045
-6.097421 3.767532
-6.357800 3.097039
-6.301775 2.150440
-5.150467 0.554537
-5.999813 3.296909
-5.767828 3.735961
-5.942934 2.836900
-5.969815 2.546152
-5.782989 3.929511
-2.089784 -9.521905
-5.866113 3.419858
-6.588182 2.307519
-6.483247 2.688485
-5.183713 0.740853
-5.925522 2.683778
-6.040433 2.785023
-6.392151 1.764023
-6.325252 2.271256
-5.963211 3.063648
-6.368343 0.905846
-5.501036 2.144094
-6.066329 1.074492
-5.041837 -0.252919
-5.648644 2.518974
-6.043822 3.190629
-5.511652 -5.851218
-6.351391 2.801785
-6.140921 1.684972
-5.874680 2.260983
-6.138954 2.513199
-5.336770 0.438036
-5.676029 2.459075
-5.184316 0.548644
-6.055525 1.774686
-5.982891 1.844980
-6.109195 3.443465
-6.150716 2.346868
-5.988875 1.265793
-5.768834 -4.565646
-6.116405 2.115379
-6.291808 2.261219
-5.532297 1.849292
-5.975453 2.995356
-6.046776 2.980662
-5.949199 3.146398
-6.057137 2.681303
-6.350419 1.853289
-6.164374 3.390582
-5.957616 1.950548
-6.472962 2.733146
-6.089921 2.201893
-5.089741 1.429628
-6.445515 2.096073
-5.551327 0.846013
-6.269151 2.560763
-6.206694 3.415942
-6.435454 2.577343
-6.510063 2.565323
-5.759680 3.870882
-7.325815 -3.741768
-6.494919 2.706164
-6.214898 1.629420
-1.348020 -10.344787
-6.348300 2.586786
-5.446841 0.333815
-4.872300 0.613938
-6.624010 2.456346
-6.417347 2.951646
-7.566156 -5.567684
-7.147592 1.719382
-6.310880 3.198667
-6.184666 3.299745
-6.423430 2.604523
-5.393221 0.853392
-6.507616 2.347046
-6.190501 2.919865
-6.896496 -0.644498
-5.390597 0.903020
-6.464268 2.318238
-4.951117 -0.068015
-5.793955 1.018905
-6.433660 2.440134
-5.699678 2.484489
-5.878238 2.182564
-6.305940 3.186762
-6.000164 3.269084
-5.788362 3.516491
-5.742575 3.295166
-5.739035 0.312245
-6.077918 2.841471
-6.223810 2.619059
-5.978531 2.731186
-6.181581 2.722278
-6.156947 2.026916
-5.163834 0.877982
-7.905614 2.953121
-6.413396 -5.380992
-5.054388 0.748861
-6.459507 2.601265
-6.603789 2.002697
-5.920794 1.998359
-6.462103 2.771003
-6.166052 4.114855
-6.381496 2.739252
-5.028493 0.454394
-5.912452 1.705200
-5.373567 0.813047
-5.967161 2.046078
-5.677719 1.073754
-5.952126 2.778466
-6.145728 1.878615
-5.303998 1.010134
-6.109613 2.600732
-7.369845 -4.296442
-6.077788 3.478784
-5.536046 0.931543
-6.218866 1.650470
-6.368161 2.211206
-5.773855 3.894031
-5.930487 2.903642
-6.428262 1.577876
-6.165940 2.434056
-6.304364 1.638969
-6.606589 1.957236
-5.829121 3.816548
-6.024148 3.187276
-6.049088 1.348741
-6.512184 3.578488
-5.982718 3.064662
-6.146711 1.346063
-6.457106 2.764653
-5.982336 2.186113
-5.977676 1.812138
-5.977252 3.177437
-5.927681 3.153516
-6.166692 3.410372
-5.973143 3.254174
-6.364591 2.153730
-6.120110 3.345479
-6.658880 2.132013
-6.223755 2.585358
-5.469548 1.358019
-5.336792 0.453314
-5.790431 2.106476
-5.981311 2.608601
-6.337414 3.131694
-6.405858 2.951983
-5.851228 2.614003
-5.957794 2.698378
-5.815412 3.409720
-5.564065 0.870435
-6.575389 2.509895
-6.633393 1.965502
-6.448739 1.783710
-5.927248 2.726653
-5.961831 2.205220
-6.263315 2.760491
-6.572213 2.017664
-6.106064 3.191784
-4.833663 0.328356
-5.967392 3.094594
-6.280383 2.832103
-6.089397 3.480721
-5.767016 3.597945
-5.970648 1.235320
-5.952236 2.436724
-5.893146 4.056474
-5.690825 2.063280
-6.560529 2.539135
-6.047246 2.341649
-6.563352 2.273939
-5.997850 1.949706
-5.978196 3.284645
-4.857182 -0.056484
-6.508409 2.298135
-6.530418 3.130216
-6.461267 2.187275
-6.834538 -3.683411
-6.514963 2.481300
-5.969969 2.956911
-6.503201 2.537318
-5.116923 1.269124
-7.783996 -5.104429
-6.331165 1.935775
-6.093585 2.360758
-6.442089 1.683374
-6.111610 2.850060
-6.409264 2.835585
-6.436867 1.947334
-6.003838 2.930704
-5.558897 -4.788778
-6.405596 -5.174146
-6.568878 2.212918
-5.983658 3.161640
-6.305034 2.901916
-6.395251 2.859444
-5.332800 1.940810
-5.899474 2.422325
-5.988847 1.897280
-6.145733 0.966217
-5.262115 0.766447
-6.529803 1.997621
-6.457783 2.655703
-6.568367 2.427651
-5.486259 0.760981
-6.390718 2.233099
-7.401476 -4.523195
-6.962340 -4.860419
-5.787464 3.322359
-5.718616 3.081467
-5.873342 4.102410
-5.753555 0.855720
-6.041921 1.696402
-6.442146 2.754097
-6.053140 1.981404
-5.478890 0.879997
-6.783439 3.053184
-6.219689 1.680374
-7.745933 -5.002236
-6.913199 2.424092
-6.092197 1.734198
-5.892107 2.270322
-5.848822 2.157497
-5.961580 2.035468
-5.978181 2.473152
-6.500835 2.386719
-6.396959 2.299694
-6.597076 2.535029
-5.969302 2.151656
-6.812735 2.078736
-6.506473 2.866818
-5.909623 2.619675
-6.570043 2.763825
-5.851810 2.028605
-5.374969 0.519850
-5.462672 1.797741
-6.681241 1.638242
-6.422098 2.060625
-5.899355 2.102775
-5.232429 1.792455
-6.349922 0.328824
-6.241499 2.417472
-5.350014 0.922709
-6.241413 4.177989
-5.892895 2.501553
-1.482064 -10.325616
-5.460658 0.866929
-6.449297 3.048136
-5.995372 1.906004
-5.130043 0.578221
-6.135926 3.830222
-6.488059 1.792684
-6.497328 2.069849
-6.300847 2.763387
-5.557222 0.784932
-5.905821 2.747140
-5.923235 1.953079
-6.084182 2.276279
-6.377650 3.207069
-6.486701 1.813934
-5.648111 0.741693
-6.306701 2.853204
-5.838706 1.218306
-5.843585 2.143385
-6.330524 3.275527
-5.870473 2.740336
-6.925001 2.221636
-6.871822 2.347583
-7.015175 -4.906823
-6.334498 1.949520
-5.904264 2.409130
-5.850605 2.363550
-6.172013 2.590276
-5.721465 1.334354
-5.455169 1.732039
-6.290858 2.843698
-6.866231 0.783549
-6.610009 1.719011
-6.369195 -0.055704
-6.327294 1.732644
-5.847788 2.268772
-7.996143 -5.306572
-5.780564 2.638542
-6.545587 2.633084
-5.958903 2.545141
-6.627967 2.353294
-6.902289 2.496770
-6.305774 3.220336
-5.465824 1.325468
-5.449409 1.024137
-6.482208 2.914473
-6.488351 1.500035
-5.861322 2.122864
-5.124100 0.180124
-6.443355 2.475738
-5.880070 1.994878
-5.154415 -0.168274
-6.161910 2.051241
-5.857637 2.648204
-6.131891 2.416837
-5.951269 3.268345
-5.879784 1.969654
-6.372900 3.392476
-5.895616 -4.303628
-6.230026 1.813418
-6.299146 2.154234
-5.948372 2.834464
-5.347538 1.265265
-5.827828 4.032990
-6.336462 3.692194
-6.656749 0.679138
-6.067680 1.072786
-6.181691 2.297780
-5.111357 0.815296
-5.201366 1.449579
-6.457466 2.068345
-4.740111 0.297398
-5.545286 2.728535
-6.054928 1.845416
-7.317475 -4.447433
-6.133030 1.553442
-7.082024 -4.797894
-5.943730 2.475899
-6.121397 2.103025
-6.509403 2.865490
-6.222295 3.124396
-5.115813 0.704320
-5.861148 1.907162
-6.353926 3.261366
-6.904418 2.288140
-6.057815 2.668630
-5.142207 0.914387
-5.922985 3.080338
-6.459850 -1.166097
-5.168844 0.314387
-6.227551 3.198015
-6.198864 3.096355
-7.640787 4.064630
-6.618072 2.224069
-6.784168 2.695580
-5.537687 1.774073
-6.591335 -2.501054
-6.333847 3.109006
-5.905708 2.893883
-6.542106 1.825384
-5.410419 0.971119
-6.304213 3.460103
-1.295716 -10.078289
-6.631861 2.243693
-6.560479 1.991102
-5.663317 0.914465
-5.959826 2.230255
-6.483236 2.621188
-6.083960 3.256809
-5.831428 3.499099
-6.419096 1.699275
-6.128310 1.077279
-6.355049 3.335711
-4.680316 0.247147
-6.720493 2.440660
-5.966484 3.302469
-6.500552 1.858067
-6.311221 3.311744
-5.716075 1.150680
-6.327595 3.561762
-6.305400 1.091245
-5.708622 1.203707
-7.374789 -5.622562
-5.928777 3.386757
-5.872619 2.776026
-6.392394 2.668002
-6.244699 2.359563
-5.349815 1.060995
-5.995239 3.199371
-7.019261 -4.879143
-5.920243 1.138303
-2.960612 -8.348716
-5.750854 0.373749
-5.944222 1.854494
-5.812982 2.273994
-5.494666 1.497162
-6.355900 4.436329
-5.238142 0.861173
-6.392644 3.051992
-5.899039 2.407261
-7.685379 -4.484628
-6.474588 2.787611
-5.798426 3.184733
-5.629032 0.957673
-5.973944 2.803409
-5.301059 0.858929
-5.365722 1.197773
-5.891462 2.725826
-5.942231 1.713049
-5.839834 2.215145
-6.794079 3.079606
-1.906757 -9.434003
-6.094298 3.328190
-6.427774 2.973434
-5.168597 1.003042
-6.204058 -1.254108
-6.643224 2.438874
-6.314007 2.287546
-6.254315 1.693232
-6.641243 2.060516
-5.905299 0.247322
-6.125977 1.440596
-5.845786 2.094159
-5.855181 1.946303
-5.878843 2.548406
-6.663392 2.299139
-5.735905 1.253462
-6.457487 3.057784
-6.079999 3.233947
-6.175672 2.320429
-6.400100 2.696910
-6.664406 2.252017
-6.492377 4.423766
-5.395823 0.084082
-6.240510 0.674386
-6.502058 2.226421
-7.591371 -4.477390
-4.779659 0.217195
-6.445231 2.584061
-6.145604 3.445513
-5.398850 0.910195
-5.678652 0.691150
-6.365698 2.481830
-6.936027 2.679374
-7.241066 -0.756571
-6.564607 2.486188
-6.622559 2.696594
-6.044311 1.768661
-6.147501 -1.665577
-6.071008 2.146730
-6.520252 3.752676
-5.034763 0.450561
-6.100355 2.508948
-5.308856 0.324315
-5.615659 0.000389
-5.761516 2.013501
-5.915704 1.814052
-6.609101 1.670046
-5.868597 2.681320
-5.674837 2.635641
-6.542292 2.415135
-6.012784 4.226361
-5.839217 2.482814
-6.481219 2.790048
-1.203121 -12.104563
-7.366483 -6.192456
-5.206819 -0.206514
-6.136739 0.298959
-6.242481 2.610534
-6.151284 4.263023
-6.528703 4.425762
-5.799961 2.004305
-5.871504 3.127872
-6.617030 2.455640
-5.582928 3.299640
-6.172242 3.269519
-6.459909 1.402639
-4.881780 0.817954
-5.162907 1.547738
-5.876270 2.845576
-7.336233 4.219268
-5.479965 0.631800
-6.307060 3.344573
-6.252839 4.043856
-5.748843 1.118291
-5.954218 2.946557
-5.413987 0.424201
-6.601513 3.796278
-6.525987 1.254492
-5.488983 1.932457
-6.986235 -4.910053
-5.084743 2.433229
-5.668634 2.183827
-6.505536 2.758060
-7.362342 -5.634829
-6.609689 1.374272
-5.812973 3.110133
-6.396535 1.061817
-6.278512 4.120374
-5.739235 2.781947
-6.340634 4.227343
-5.703046 2.788256
-6.219306 3.356175
-6.878831 1.979938
-6.142428 4.262259
-5.841809 2.745987
-5.862633 2.647504
-5.929531 3.278155
-5.652038 2.862602
-6.900089 -5.490545
-6.118804 2.693987
-5.705182 2.897939
-7.574051 -4.935500
-6.557467 4.408669
-5.886426 3.180452
-6.987123 2.559556
-5.883648 1.383554
-7.354087 -5.339992
-6.728567 -1.623724
-5.898985 2.996305
-5.221881 1.397726
-5.780142 0.250797
-5.873177 4.159757
-2.128460 -8.989216
-5.930116 1.786544
-6.672122 2.603275
-6.592175 1.557563
-6.270529 4.030716
-6.771381 1.482656
-6.538124 2.570589
-5.764306 3.812007
-5.854331 2.441851
-6.153424 3.039693
-5.480404 0.412270
-5.870526 2.384425
-5.895018 3.143719
-5.812638 1.945336
-6.737360 2.677587
-6.018441 1.724084
-4.917173 1.361587
-7.793156 -4.990085
-7.190912 3.547182
-7.214902 -1.033010
-6.250669 3.018973
-6.204757 1.543638
-6.407118 1.617646
-5.597542 2.863220
-6.369383 4.036382
-6.143857 1.762763
-5.089991 0.852941
-6.318194 3.300813
-4.725402 0.091663
-5.098617 -0.386473
-7.074171 -5.129771
-5.582580 1.865198
-6.194029 1.490188
-6.491865 3.187947
-5.979856 1.841220
-6.067265 4.420580
-6.370823 0.985606
-7.217350 3.528112
-5.342895 1.502728
-6.167573 1.040500
-6.529700 1.491624
-6.219209 2.087435
-6.351539 1.433554
-6.473758 2.578594
-6.470824 2.711898
-5.534348 0.279994
-6.489955 4.290326
-6.545973 4.144265
-4.919349 1.972996
-5.050364 -0.180862
-7.774838 -4.696740
-7.923334 -5.813535
-5.877209 2.964125
-6.187656 3.175988
-5.979259 4.274011
-5.564278 0.884410
-6.004061 0.757861
-5.974058 3.645214
-5.819288 2.440443
-7.173120 -4.631781
-5.788337 2.488083
-7.086444 -0.745813
-2.333780 -9.693987
-6.430649 2.903849
-4.962463 0.915435
-6.864807 1.822114
-7.085294 -4.951064
-5.809817 3.373116
-6.673639 -0.035496
-6.231832 0.965841
-7.924450 -4.216282
-7.267242 -0.640989
-5.777537 1.532247
-5.636975 3.584496
-5.887062 2.830664
-6.545476 2.619235
-5.079934 1.283705
-5.262594 0.106170
-6.546524 1.498860
-5.973997 4.175840
-5.801507 2.612146
-6.824642 2.468695
-1.124755 -10.971196
-5.815070 2.631909
-5.962835 0.860971
-5.584930 2.093246
-6.573845 1.763941
-6.563520 3.118778
-5.938654 -5.196301
-5.571375 2.181476
-5.976418 0.700839
-5.798417 2.224862
-6.865781 2.192551
-7.668916 -4.042802
-5.631219 2.896712
-5.802907 2.644543
-7.145670 2.445139
-7.765853 -5.950927
-6.378099 1.082001
-6.741782 -2.081776
-7.369471 -5.882491
-6.343178 3.161946
-6.996981 -0.162214
-5.927241 1.340756
-5.708080 3.218487
-5.774026 2.932265
-5.626822 3.296697
-5.762497 -6.683858
-6.814391 1.447780
-5.812368 3.204868
-5.544889 2.853451
-4.833650 0.990374
-6.141017 1.158241
-4.881487 -4.702155
-5.557507 -0.432607
-6.255065 3.995092
-5.727965 3.358732
-7.810024 -4.395512
-6.329104 -1.657123
-7.600835 4.412744
